10 0.076810131269059
10 0.069087290343167
10 0.683951104654313
10 0.047463115832210
10 0.046077430548136
10 0.144846181766192
10 0.050955609130705
10 0.060073030430883
10 0.057149459479112
10 0.794930809513688
10 0.095377093422224
10 0.080185566882437
10 0.095112866403836
10 0.057203877627143
10 0.059127825724086
10 0.117050555992184
10 0.070929261249978
10 0.053262409892413
10 0.054451806038728
10 0.078346833645093
10 0.076651742684570
10 0.047146270649625
10 0.057500208271215
10 0.116829642423085
10 0.099463764917430
10 0.158392622876158
10 0.060067453468410
10 0.057087474695619
10 0.072648276125768
10 0.079447336605759
10 0.100464101878289
10 0.035688879026473
10 0.035914850927451
10 0.081971534075167
10 0.076813630301012
10 0.106373327287265
10 0.147490650681634
10 0.067614190284290
10 0.033074106720100
10 0.108927112166528
10 0.153784197881582
10 0.075373255379245
10 0.052799585419669
10 0.064497046816478
10 0.054506913063587
10 0.038674996141490
10 0.074814400266091
10 0.042634318170800
10 0.073416393613769
10 0.112745429926283
10 0.288971249802039
10 0.074724975788060
10 0.077617138729986
10 0.105625246194728
10 0.058067651972198
10 0.056074032835509
10 0.076836684235776
10 1.295997838532545
10 0.128891824558209
10 0.037717182307883
10 0.160864146654379
10 0.035134174835738
10 0.080381129129398
10 0.486950422367562
10 0.122676649735542
10 0.108186295740425
10 0.044009120542317
10 0.106015528394821
10 0.051824122552980
10 0.077555417761938
10 0.053512667806438
10 0.055941312164191
10 0.098911612545748
10 0.100636883540422
10 0.047514112534943
10 0.459770800378094
10 0.060368029263580
10 0.105622554340931
10 0.672041683777908
10 9.725047691290271
10 0.027216376832158
10 0.128338345938460
10 0.086979020554896
10 0.055927181633505
10 0.076924545823268
10 0.094625277863551
10 0.052557422720322
10 0.158144667682219
10 0.092068449928535
10 2.663715634456890
10 0.087909458086521
10 0.049856370904399
10 0.134136521231774
10 0.047688458564953
10 0.066746728926143
10 0.353881510320428
10 0.055247872245153
10 0.090630528623632
10 0.065375845185052
10 0.060470048840063
10 0.076706312122831
10 0.061301624065392
10 0.038551506729260
10 0.041796740385243
10 0.164616475016151
10 0.024787400705542
10 0.039153247085963
10 0.061924825828538
10 0.073197844436782
10 0.021124778517262
10 0.090541878815658
10 0.048667790630608
10 0.096694911085362
10 0.119958655344295
10 0.081820304150297
10 0.062554864386152
10 0.035452799583548
10 0.059152470985010
10 0.038306825948241
10 0.074253941062373
10 0.081052757888711
10 0.052307873801204
10 0.038814094560727
10 0.118831427843183
10 0.050158222148366
10 0.103463286074821
10 0.361699301174791
10 0.062915380306161
10 0.075227018287880
10 0.040063900690827
10 0.070509699518270
10 0.085938680084807
10 0.024778310785672
10 0.075468469413964
10 0.040054662028820
10 0.032750477325994
10 0.121077222716007
10 0.059623951665944
10 0.085502554958151
10 0.069339190905358
10 0.084032956705803
10 0.100522863070578
10 0.070053114624383
10 0.099796813302988
10 0.034567086992472
10 0.068013055935346
10 0.020322964109415
10 0.064049871590234
10 0.109026977894820
10 0.072208288310186
10 0.052733335700396
10 0.079224807831139
10 0.060855207028685
10 0.075799209305445
10 0.057774926931692
10 0.084765448499645
10 0.056206814034267
10 0.098684151112169
10 0.243139695137001
10 0.021072510796099
10 0.048041960404567
10 0.076728908271818
10 0.080257653011333
10 0.053973427702889
10 0.049111780678141
10 0.052496542187820
10 0.062920196186086
10 0.029496978097922
10 0.075303094409819
10 0.058608803307374
10 0.072018434787543
10 0.391665484842117
10 0.945372994894923
10 0.201449943902571
10 0.060798829559078
10 0.100058381896169
10 0.177412188622074
10 0.052664411263412
10 0.042025343661713
10 0.041709316866669
10 0.066213112314959
10 0.075100207490359
10 0.127669990969266
10 0.089814660483550
10 0.084001525337398
10 0.411410203869730
10 0.075415386570461
10 0.100100511078427
10 0.039443717361320
10 0.077294860898792
10 0.298640744207010
10 0.143884494919726
10 0.051410855013502
10 0.048350012136979
10 0.105884604816794
10 0.054727585323166
10 0.060598034324784
10 0.038507519357392
10 0.084446735815611
10 0.079031117165174
10 0.141107585567147
10 0.092114065518189
10 0.045562303504616
10 0.098590759819308
10 0.074432955495180
10 0.129053904660358
10 0.055494073546754
10 0.164576266396533
10 0.056763996414757
10 0.059970628758906
10 0.084968351600708
10 0.133749216343702
10 0.045630952271724
10 0.086239695861893
10 0.107210628387917
10 0.118796431206207
10 0.081578691677243
10 0.086611493106707
10 0.153775146637237
10 0.087043429007680
10 0.127795741659122
10 0.062938852680589
10 0.063433427774961
10 0.119937575520535
10 0.089584732899947
10 0.070084228946170
10 0.058115450536397
10 0.093631507493151
10 0.053732891224803
10 0.087792156637074
10 0.054020291904218
10 1.465748906258182
10 0.097280980252611
10 0.031984755840189
10 0.075939480899353
10 0.063796298628103
10 0.090440392455905
10 0.092741885618066
10 0.126473699037050
10 0.053533311049545
10 0.482452116069973
10 0.052440037215604
10 0.029881845689240
10 0.044882566965351
10 0.073442869118867
10 0.050829313420067
10 0.050549524430695
10 0.102551665678901
10 0.045422530705302
10 0.055454473878097
10 0.048054408054830
10 0.082064380561952
10 0.050707504778955
10 0.045641248993277
10 0.032974916015323
10 0.073267332449249
10 0.073536046436784
10 0.104621970906876
10 0.046955608587767
10 0.083079481595894
10 0.047686095041994
10 0.548195826246417
10 9.975619555809434
10 0.062353699109956
10 0.046998948434534
10 0.323579490522291
10 0.053583163052357
10 0.070112750850804
10 0.065691416849738
10 0.242847109496204
10 0.230053118390362
10 0.121226453559339
10 0.363607893644285
10 0.073557109533157
10 0.051533596025517
10 0.085958684023494
10 0.028168275518925
10 0.060605939775843
10 0.259943086972683
10 0.050551410262135
10 0.103877091294295
10 0.062450331875599
10 0.044082777841133
10 0.023382833029049
10 0.056328660457257
10 0.056455467002640
10 0.114374599820290
10 0.068313297826203
10 0.058286895513437
10 0.065528917438097
10 0.134163620591223
10 0.111457132657405
10 0.047792557530562
10 0.055432538299823
10 0.063427038007335
10 0.091259012994423
10 0.109026977894820
10 0.072208288310186
10 0.052733335700396
10 0.079224807831139
10 0.060855207028685
10 0.075799209305445
10 0.057774926931692
10 0.084765448499645
10 0.056206814034267
10 0.098684151112169
10 0.243139695137001
10 0.021072510796099
10 0.048041960404567
10 0.076728908271818
10 0.080257653011333
10 0.053973427702889
10 0.049111780678141
10 0.052496542187820
10 0.062920196186086
10 0.029496978097922
10 0.075303094409819
10 0.058608803307374
10 0.072018434787543
10 0.391665484842117
10 0.945372994894923
10 0.201449943902571
10 0.060798829559078
10 0.100058381896169
10 0.177412188622074
10 0.052664411263412
10 0.042025343661713
10 0.041709316866669
10 0.066213112314959
10 0.075100207490359
10 0.127669990969266
10 0.089814660483550
10 0.084001525337398
10 0.411410203869730
10 0.075415386570461
10 0.100100511078427
10 0.039443717361320
10 0.077294860898792
10 0.298640744207010
10 0.143884494919726
10 0.051410855013502
10 0.048350012136979
10 0.105884604816794
10 0.054727585323166
10 0.060598034324784
10 0.109026977894820
10 0.072208288310186
10 0.052733335700396
10 0.079224807831139
10 0.060855207028685
10 0.075799209305445
10 0.057774926931692
10 0.084765448499645
10 0.056206814034267
10 0.098684151112169
10 0.243139695137001
10 0.021072510796099
10 0.048041960404567
10 0.076728908271818
10 0.080257653011333
10 0.053973427702889
10 0.049111780678141
10 0.052496542187820
10 0.062920196186086
10 0.029496978097922
10 0.075303094409819
10 0.058608803307374
10 0.072018434787543
10 0.391665484842117
10 0.945372994894923
10 0.201449943902571
10 0.060798829559078
10 0.100058381896169
10 0.177412188622074
10 0.052664411263412
10 0.042025343661713
10 0.041709316866669
10 0.066213112314959
10 0.075100207490359
10 0.127669990969266
10 0.089814660483550
10 0.084001525337398
10 0.411410203869730
10 0.075415386570461
10 0.100100511078427
10 0.039443717361320
10 0.077294860898792
10 0.298640744207010
10 0.143884494919726
10 0.051410855013502
10 0.048350012136979
10 0.105884604816794
10 0.054727585323166
10 0.060598034324784
10 0.095319195663127
10 0.037501089831506
10 0.040823854133812
10 0.046989426723869
10 0.077239862269790
10 0.130726834081002
10 0.046533800708773
10 0.057828456455178
10 0.091931881986014
10 0.054040780826295
10 0.081559988284361
10 0.108528153912062
10 0.124478506453465
10 0.082041980666061
10 0.113696542375395
10 0.066132143380180
10 0.122375956894862
10 0.053848703674533
10 0.121729689395648
10 0.045928476554193
10 0.132531745697288
10 0.058451275229262
10 0.072810985977977
10 1.519440664906893
10 0.047078029174883
10 0.056612330206628
10 0.069769622082862
10 0.030308944804679
10 0.127292251394596
10 0.163391013007933
10 0.118381788945872
10 0.376832149089098
10 0.060921163692821
10 0.090369340364989
10 0.094293674944873
10 0.123510391400595
10 0.041136196095084
10 0.043096495086880
10 0.103919111176767
10 0.049877977754877
10 0.046355527858520
10 0.084973375303101
10 0.038626968404794
10 0.037294120697884
10 0.042067401110329
10 0.047286308675719
10 0.034456752537727
10 0.068458609539964
10 0.085842757027180
10 0.047376452209029
16 0.498839191498162
16 0.331211146985265
16 0.205278639137509
16 0.413514606664523
16 0.310306895250284
16 0.190325775276295
16 0.663605240924924
16 0.474333584729937
16 0.288306742746903
16 0.423457362751064
16 0.267828472568532
16 0.230657076400632
16 0.363025579310017
16 0.436345876717416
16 0.339145303811639
16 0.335179485251119
16 0.265220696532628
16 0.209786447974254
16 9.919309961965263
16 1.675833862539989
16 0.518735004700056
16 0.232270594409091
16 0.337405523562174
16 0.492484749359317
16 0.353063821509729
16 0.358649337715339
16 0.189881027673211
16 0.447062642627415
16 9.506039212770023
16 0.327857434281780
16 0.525936837569927
16 0.395283267083595
16 0.517554259272321
16 0.149827513817438
16 0.194754099230255
16 0.294234606595063
16 0.308741519889833
16 0.202642534210521
16 0.293511234592914
16 0.216531379814271
16 4.940659043448666
16 0.891377260507476
16 0.489071275881655
16 0.460286895383224
16 0.735213552469204
16 0.549486302214338
16 0.218426735009093
16 0.319099815142344
16 0.227438858703940
16 0.474158749950350
16 0.241128253877678
16 0.685765982586669
16 0.207440751617408
16 0.310754817485568
16 0.378379890689480
16 0.265001520804778
16 0.154292640224542
16 0.443716592336807
16 0.564451023735164
16 0.206384109334663
16 0.400596279752204
16 0.509140658466470
16 0.349864991727588
16 0.292140185367399
16 0.504726188273165
16 0.579989656902318
16 0.279501446946901
16 0.376319098807590
16 0.180175607350373
16 0.183566955833679
16 0.439820604638034
16 0.267662847838325
16 0.902946974068344
16 0.705471769363796
16 1.001444755043636
16 0.425302592189416
16 0.571824601014217
16 0.407505194157243
16 0.417809831931198
16 0.363293903418857
16 0.201374572513429
16 0.440046259877465
16 0.156944035326824
16 4.080482454258658
16 0.372327263541657
16 3.723737016583121
16 0.338475525878883
16 0.215835000402211
16 0.363915215056152
16 0.255113446807195
16 1.631353535545757
16 0.191778473426631
16 0.213260795323503
16 0.254936696784924
16 0.257984485688364
16 0.242019214088955
16 0.870624662167280
16 0.367228373768402
16 0.470808500724549
16 0.277542119157615
16 0.498839191498162
16 0.331211146985265
16 0.205278639137509
16 0.413514606664523
16 0.310306895250284
16 0.190325775276295
16 0.663605240924924
16 0.474333584729937
16 0.288306742746903
16 0.423457362751064
16 0.267828472568532
16 0.230657076400632
16 0.363025579310017
16 0.436345876717416
16 0.339145303811639
16 0.335179485251119
16 0.265220696532628
16 0.209786447974254
16 9.919309961965263
16 1.675833862539989
16 0.518735004700056
16 0.232270594409091
16 0.337405523562174
16 0.492484749359317
16 0.353063821509729
16 0.358649337715339
16 0.189881027673211
16 0.447062642627415
16 9.506039212770023
16 0.327857434281780
16 0.525936837569927
16 0.395283267083595
16 0.517554259272321
16 0.149827513817438
16 0.194754099230255
16 0.294234606595063
16 0.308741519889833
16 0.202642534210521
16 0.293511234592914
16 0.216531379814271
16 4.940659043448666
16 0.891377260507476
16 0.489071275881655
16 0.460286895383224
16 0.735213552469204
16 0.549486302214338
16 0.218426735009093
16 0.319099815142344
16 0.227438858703940
16 0.474158749950350
16 0.241128253877678
16 0.685765982586669
16 0.207440751617408
16 0.310754817485568
16 0.378379890689480
16 0.265001520804778
16 0.154292640224542
16 0.443716592336807
16 0.564451023735164
16 0.206384109334663
16 0.400596279752204
16 0.509140658466470
16 0.349864991727588
16 0.292140185367399
16 0.504726188273165
16 0.579989656902318
16 0.279501446946901
16 0.376319098807590
16 0.180175607350373
16 0.183566955833679
16 0.439820604638034
16 0.267662847838325
16 0.902946974068344
16 0.705471769363796
16 1.001444755043636
16 0.425302592189416
16 0.571824601014217
16 0.407505194157243
16 0.417809831931198
16 0.363293903418857
16 0.201374572513429
16 0.440046259877465
16 0.156944035326824
16 4.080482454258658
16 0.372327263541657
16 3.723737016583121
16 0.338475525878883
16 0.215835000402211
16 0.363915215056152
16 0.255113446807195
16 1.631353535545757
16 0.191778473426631
16 0.213260795323503
16 0.254936696784924
16 0.257984485688364
16 0.242019214088955
16 0.870624662167280
16 0.367228373768402
16 0.470808500724549
16 0.277542119157615
16 0.390944259501587
16 0.920816173119647
16 0.418185033119269
16 0.479760136101577
16 0.255220583733189
16 0.330472991144241
16 0.382570270574679
16 0.224653538328330
16 0.345911352060373
16 0.374252854195547
16 0.463595752703275
16 0.277670519055233
16 0.666075907678860
16 0.913839209623019
16 0.653897681357051
16 0.642806721460281
16 0.278084576721294
16 1.380182851248973
16 0.360068266867459
16 0.439947915687069
16 0.435118593270588
16 0.492541994545036
16 0.236604194643604
16 0.327240991827859
16 0.306215996483288
16 0.391592587581594
16 0.865313218854710
16 0.191069925690049
16 0.421854233479033
16 0.644222225574999
16 0.189052770795805
16 0.561105270561542
16 0.256503365953743
16 0.467678087766664
16 0.507426458388069
16 1.037954978418826
16 0.262232528468377
16 4.290295791880416
16 0.400682122864783
16 0.448233700283181
16 0.416352026680540
16 0.240938831871006
16 0.271929698337853
16 3.849437748348663
16 0.445360473055557
16 0.369662938560682
16 1.503067038676442
16 0.452791879994105
16 0.255506327035752
16 0.273923605077183
16 0.329001688501909
16 0.447568854627950
16 0.461693665674634
16 0.306025980806907
16 0.370334495401090
16 0.748810677833579
16 1.507346851103056
16 0.182659283244259
16 0.279753137882128
16 0.143149718865839
16 0.424773915179181
16 0.555451708495901
16 0.723603297534904
16 0.697302690366569
16 0.335102772049419
16 0.209511877136111
16 0.381034577271209
16 0.167607010648235
16 0.433114821828699
16 0.538796603291970
16 0.531991356155710
16 0.293238899775101
16 0.289512562485791
16 0.200289694357771
16 0.428453943161175
16 0.167047745478252
16 0.321110223015774
16 0.531880797681564
16 9.033838158666263
16 0.562524908917655
16 0.231253689049633
16 0.158205133495462
16 0.494979397438470
16 0.275907507142214
16 0.556588989735143
16 0.167905563057857
16 0.741873543357232
16 0.292458862251062
16 0.180766475225421
16 2.041600421385795
16 0.356772257812845
16 0.311024877105572
16 0.384603866925929
16 0.228727447025790
16 0.501501999461092
16 0.305531824389479
16 0.202000404519307
16 0.325002453650889
16 1.640835451414228
16 0.582622134689323
16 1.791934680414396
16 0.347809251584210
16 0.593181927323113
16 0.666906028093551
16 0.224536356958597
16 0.308999897218197
16 0.308362095582640
16 0.432852214402704
16 0.260912341770136
16 0.258671145563168
16 0.297299941656540
16 0.524792576627250
16 0.293660093874234
16 0.568662087613104
16 0.166565983695829
16 0.276965732750162
16 0.239371983329832
16 0.441276172422098
16 0.235089434383767
16 0.238154441340424
16 0.204589292092814
16 0.778953455384831
16 0.271619257858002
16 0.379840922527505
16 0.346585844455989
16 0.746782044395916
16 0.417453469616104
16 0.141994998465713
16 1.885979870348749
16 0.431048103843139
16 0.819722056113463
16 0.224517288683050
16 0.489137482286986
16 1.135086692925830
16 0.323245800037528
16 0.280100870885374
16 0.391738047907981
16 1.640186342619128
16 0.897485022760537
16 0.402282716414877
16 0.721912672204679
16 0.393857188267519
16 1.029109112760880
16 0.459700443052010
16 9.436188944486943
16 0.222030810358597
16 0.354629963981629
16 0.179608671397710
16 0.621944213512577
16 0.599333849256169
16 0.351333633857174
16 0.366896888284328
16 0.196351221048826
16 0.468476622284093
16 0.305692908940411
16 0.274131145478833
16 0.389002035948864
16 0.297110512915642
16 0.661098611779612
16 2.699934763623613
16 0.180139708455411
16 0.225030956411919
16 0.271121741770235
16 1.713407916880722
16 0.453974171948319
16 0.835405572882227
16 0.586815761090443
16 0.442373515093670
16 0.419503760752166
16 0.306558757548526
16 0.333347334142197
16 0.791242002260397
16 0.383352529041145
16 0.491787383385150
16 0.330359362743039
16 0.412088493378061
16 0.447726884238924
16 0.199246236109446
16 0.510280593293882
16 0.307955494503132
16 0.223027634931310
16 0.271692868469874
16 9.948055560166754
16 0.267618011600542
16 0.452199017934078
16 0.127197151226615
16 0.329047602594586
16 0.870005124040096
16 0.381017258961359
16 0.290462783616320
16 2.179496171424959
16 0.919019332573112
16 0.790294363014859
16 0.298484489670650
16 0.458295112593116
16 0.450587355307164
16 0.331735454417399
16 0.356845973248198
16 0.272568180218923
16 0.173137797294757
16 0.200929933311998
16 0.219133012911405
16 0.282534048544371
16 0.272002584451953
16 0.732874855828868
16 0.463821764373371
16 0.404195544384858
16 0.359984398771426
16 0.503800830297447
16 1.025453717722187
16 0.176652435945076
16 0.318491983639683
16 0.952755791142533
16 0.376425558964134
16 0.448200119675306
16 0.182645675630076
16 0.778978009362474
16 0.234022248148206
16 0.263881789453286
16 0.429112056499386
16 0.141872617007542
16 0.314976519419859
16 0.245065605596032
16 0.317378555444362
16 0.301149490129117
16 0.494868330475646
16 0.312041105905526
16 0.629702625182883
16 3.124239001675932
16 0.368044392478814
16 2.285124694549713
16 0.642010957359835
16 0.199451125082635
16 0.329636657767653
16 0.202328679419839
16 1.051719168557159
16 0.316364738407637
16 0.517935383732093
16 0.444778734194669
16 0.260775035861926
16 0.467203788949494
16 0.260258540078933
16 0.404258106390166
16 0.368287334755236
16 0.279025446046859
16 0.136163511079781
16 0.818847393904078
16 0.190818179229871
16 0.252800772481267
16 0.181103491449234
16 0.366151659277477
16 0.481822209609934
16 0.244918567194138
16 0.277173013885946
16 0.172405385184693
16 0.389560083876086
16 0.812107471605882
16 0.480798181474195
16 7.706041036345929
16 0.634826302006593
16 0.601391852145261
16 0.428413906809527
16 5.160829328835499
16 0.412131503050644
16 0.326612670846974
16 0.907402856285067
16 0.194007316420797
16 0.421272094075857
16 9.918188932814850
16 0.322667407825454
16 0.401240487075341
16 0.374963217146830
16 0.463087876935562
16 0.355879853422119
16 0.406128666995841
16 0.810239344443204
16 0.285500883345751
16 0.454254782015792
16 0.388098424863236
16 0.387438639296511
16 0.450197859286303
16 0.591212815092053
16 0.443300545203150
16 0.221823445253547
16 0.324136125106929
16 0.622351885547828
16 0.441905984457940
16 0.518545197095417
16 0.215580340094006
16 0.741393687385637
16 0.461143680216454
16 0.150495637980224
16 0.291726323294741
16 0.560923586468265
16 0.513052767297989
16 0.238157309168343
16 0.443526940691271
16 0.714834060965840
16 1.311092377631201
16 0.447130182344918
22 1.717402419327610
22 0.929826445489730
22 1.075424764062701
22 0.879419279877096
22 2.150807278826624
22 2.953795468060960
22 0.941633439949479
22 1.916274403085005
22 0.948896635424442
22 1.144515129049547
22 0.857896794987749
22 1.398276498114010
22 1.236671420193617
22 0.921118128708638
22 1.423781650283032
22 1.400660179682270
22 2.371773049691797
22 1.512070345558890
22 0.573653818169779
22 1.168728703837818
22 0.944189849818340
22 1.240723006810549
22 1.349558622493935
22 1.416248744068791
22 0.530358286027716
22 1.478048843195578
22 1.897925329809547
22 0.973242196611870
22 1.745092066193279
22 0.535916649428344
22 0.801853230904178
22 0.736222177003626
22 1.947023524563813
22 9.875386209713852
22 2.444039997025150
22 0.892485651112658
22 1.015041188693973
22 1.506421007647047
22 1.317540505762544
22 0.793169363369655
22 0.544067231942776
22 0.881405565360930
22 0.715882670826124
22 1.461236005266510
22 0.971874378538446
22 0.688048395149781
22 0.754936457669118
22 0.883840029701525
22 1.301636508093348
22 1.013563393534582
22 1.592354705492235
22 0.940478149675880
22 0.981778218069243
22 2.486625937286235
22 1.505846984967656
22 1.015292474495846
22 1.217708442759018
22 0.876489616785088
22 0.862009878068693
22 1.667606387058559
22 1.360036263352947
22 0.916363467420935
22 1.405886382063746
22 2.529364106719532
22 1.093524952152461
22 1.617580433496898
22 0.731072482886332
22 1.080491786982553
22 1.243267813592799
22 0.653317338560039
22 0.439853706808613
22 1.118448119835306
22 0.855964983230664
22 2.805606064127992
22 0.927575592584077
22 0.764890325348823
22 0.811681726054061
22 1.238588711951038
22 0.947583596112474
22 0.872187329511483
22 0.721141998288299
22 1.029118499393336
22 9.102507755661371
22 2.057721266781088
22 1.995793030829345
22 0.984424193998810
22 0.796570082612760
22 0.918857277047403
22 1.620032832021093
22 1.421672965234498
22 1.202050839308708
22 0.886956417389419
22 1.590550333344310
22 1.234959882995354
22 0.866748587893087
22 2.517506672640817
22 0.735822674132073
22 1.444757520335295
22 1.849126864893861
22 2.151093055525179
22 0.705985607560642
22 1.778257822185530
22 0.902235457131471
22 1.523684962795907
22 0.693639553669374
22 0.603516949758526
22 0.614685143579436
22 1.684970097331062
22 1.047516306776666
22 0.645123252102958
22 1.036721316969834
22 0.649499153137528
22 1.450774735298899
22 1.397162344931177
22 1.329774164415961
22 2.438126988697500
22 2.243319907412623
22 0.848059947053223
22 0.576096368221073
22 1.324239837987439
22 0.989193431736571
22 1.420629570351324
22 0.653035816519690
22 1.587966703685449
22 0.640125917156609
22 1.293371515058846
22 0.842530352163366
22 3.410487535857552
22 1.407118252532966
22 2.196873239367418
22 1.597997982150330
22 0.771948393141002
22 0.782915903559281
22 1.112375626408903
22 0.759688526986062
22 0.858241694925599
22 1.265939378456729
22 0.441583686186661
22 0.793711919295114
22 1.025228214089198
22 0.965738092627157
22 1.121695411183753
22 0.538508031603519
22 0.473201455603780
22 0.575585274315169
22 0.700118135817172
22 1.310354648050114
22 0.709543875524532
22 3.398294151275249
22 1.014171281242774
22 0.874430727136549
22 0.875049931070436
22 1.042256643018256
22 0.793375087642613
22 1.018209449372657
22 1.944674599266207
22 2.254136885363728
22 0.719001186709970
22 1.070897428128370
22 1.286552072448814
22 1.148824078702317
22 1.033502016026809
22 0.476934726392357
22 1.313228439635659
22 0.999218063904777
22 0.707756485896980
22 0.569536715002200
22 1.512535311390211
22 1.399348902859320
22 1.606610560986353
22 0.883193307186073
22 1.162540064782775
22 0.606614552139707
22 1.415854933585786
22 0.745652728438571
22 9.931170711644459
22 1.077408569143049
22 1.868105956822340
22 9.224390099429741
22 2.492777805793963
22 1.731649862832232
22 1.399255150769666
22 3.463323269518531
22 4.599252657998443
22 1.192336718219760
22 1.427154304201376
22 1.646217528687142
22 0.945692090519632
22 0.744319603692991
22 1.047823478701091
22 7.595306358554716
22 0.482390856570909
22 9.027363934595632
22 1.631571457920356
22 2.884168068542181
22 1.612389727277318
22 0.698328520668293
22 1.118668426287749
22 1.739488912445694
22 1.861267939337160
22 0.607250760287600
22 1.102910145573823
22 2.360714096530148
22 0.660676664173225
22 1.775455298820569
22 1.604950088317500
22 1.087756943058424
22 0.784677748664803
22 2.577140285247619
22 1.979347803169102
22 1.624407580558181
22 0.763107447425105
22 0.914871596408852
22 1.610316911664783
22 0.725310216834558
22 0.838032685968141
22 0.794563636117938
22 0.720346740647265
22 1.114514409801877
22 0.700841683125986
22 1.513400991617305
22 0.524023926250306
22 0.922863302787529
22 1.122455249675776
22 0.797784423763007
22 1.739476508900232
22 0.490416163894161
22 1.097883090999862
22 1.027392412597451
22 1.082854344707929
22 0.776121551992074
22 1.661120912370578
22 2.071662673688433
22 0.779863895383318
22 1.094256629923521
22 0.641058097144513
22 0.666734708390918
22 0.941590599859049
22 2.594735550238758
22 1.041204683408359
22 0.537401836197120
22 1.287730626010998
22 0.757495835429765
22 0.739838894098461
22 1.233202969081101
22 0.613368810402058
22 0.613078966341255
22 3.585603346498486
22 0.716191066735790
22 2.089985223895632
22 1.564146642120043
22 0.531186298703288
22 1.798457352102632
22 7.822768231440770
22 0.878399296834678
22 0.846148400343224
22 0.977079882313502
22 9.831435587492955
22 2.440942654595092
22 1.230746084582178
22 0.951225254070787
22 1.488311716020157
22 0.526844015702156
22 2.130778537243039
22 0.849480634828593
22 1.010652436479027
22 1.121008439393020
22 2.610072702619069
22 4.394987796975547
22 2.067975041908039
22 1.198737984015117
22 1.805908330684465
22 0.992067867705217
22 2.272306528565226
22 1.029673004288561
22 1.609618686905442
22 1.416160498886406
22 1.177949201850479
22 1.411306786430624
22 0.898952531451244
22 2.089225498417730
22 7.496390494417944
22 1.402631369122550
22 5.861898094098635
22 1.030032857907309
22 0.958656297524647
22 1.966278145060486
22 1.266405824458315
22 0.741014198639516
22 1.524269129821049
22 1.744056985714470
22 1.228868573228756
22 0.547534634562230
22 1.766475452030697
22 1.187080764624930
22 0.650555196854019
22 0.605536681739098
22 0.632735430517278
22 1.043089265004905
22 1.608313949100588
22 1.239120777965624
22 2.568453953315904
22 1.538990473337150
22 0.596138605228598
22 1.292446912537669
22 0.768382702661526
22 0.854513404539158
22 0.953511670128311
22 0.938024607836941
22 1.214224261245633
22 1.436612334028962
22 1.682592249115338
22 1.734302268419920
22 0.722556437682026
22 2.310748629937070
22 0.686008725809718
22 9.595963410569318
22 2.523825918173045
22 0.866447944533947
22 1.694606150840441
22 0.729641057855932
22 1.020671791458196
22 0.752875691688128
22 2.445271518368359
22 0.583787790591360
22 1.430754356272861
22 0.709042840141355
22 0.776382400765008
22 1.540260102798992
22 1.039170120019815
22 0.803855611400934
22 0.876580763628056
22 1.107167632050566
22 0.737522517335151
22 0.854021651855291
22 2.293294703533887
22 1.766846586772456
22 0.756436987856543
22 0.866908758032618
22 1.033213792854473
22 1.718708432189691
22 0.530145651521544
22 1.652604857328973
22 0.736303189892546
22 1.658569149302724
22 2.025846204773162
22 0.770401960111731
22 1.558132485495272
22 2.606652761590922
22 1.460445920113983
22 0.815882784643287
22 4.026054227256666
22 0.868939296470800
22 0.719643189655556
22 1.743652712737719
22 0.827940239170819
22 0.852473548332115
22 3.008985636049485
22 1.617505080486119
22 1.015433216513438
22 1.061231114135374
22 0.714571260719600
22 1.437751986288753
22 0.957717623841195
22 1.101311210305171
22 1.859473893886888
22 0.902225688010470
22 0.910648719448998
22 0.884591181985937
22 0.879836012011742
22 1.252917099918313
22 0.760966293190110
22 1.967054495428219
22 1.129571805166160
22 1.697552347334851
22 0.900290933450308
22 0.659942712551053
22 4.628829140053376
22 0.946519167134346
22 1.658328260160960
22 0.874911467913731
22 1.569281228363296
22 1.609538558775689
22 0.788015132900570
22 1.601779698283639
22 3.535487169492494
22 0.742105108847778
22 1.656573487916337
22 2.471527700432348
22 0.771950045113475
22 0.913194606787967
22 2.106306249864453
22 0.721949751146110
22 1.435631528350496
22 1.320767585303232
22 1.177264773886803
22 0.808306693898323
22 1.641295622966656
22 0.688244247503771
22 1.819459818644145
22 0.974954921904198
22 1.294459321453638
22 1.025164550196144
22 1.475386916463843
22 0.698589923879587
22 1.026029764781655
22 9.006496047621456
22 0.707755301175675
22 0.825967601654566
22 3.394421934624489
22 1.406353863884868
22 0.592842231815624
22 0.962945365334215
22 0.864302311121621
22 0.564091785387265
22 1.266142914502451
22 1.316533811760459
22 1.936143515334226
22 0.748751124604034
22 0.557484215863037
22 0.831238540981856
22 1.145571181305245
22 1.150124732976083
22 0.760444471917618
22 2.041055454978022
22 0.711732907798549
22 0.699108497742988
22 2.810522515402655
22 0.729742605356627
22 2.763776050630794
22 0.713322088128397
22 2.385889879501485
22 1.012712747207136
22 5.463475199296972
22 0.931569128440016
22 0.813527663134355
22 0.425981110414797
22 9.812217476620830
22 0.782237898444919
22 0.980957545373330
22 1.602124318861786
22 1.055571818653635
22 1.108689546025363
22 4.170431850195200
22 0.920292160683171
22 8.602042428851401
22 1.821229930186275
22 1.428193427536409
22 3.967955891355950
22 1.060063727979412
22 1.036183505416409
22 4.690731331048849
22 0.643107794069530
22 3.407925755209265
22 1.687847049466218
22 0.596619157548069
22 9.585674038735920
22 1.866537590479445
22 0.802524267322318
22 1.178734576064517
22 1.542550038173452
22 1.634313555125416
22 1.581508586158828
22 0.720641250836115
22 1.591633135772099
22 2.765715620678179
22 3.513753656722628
22 0.409931686133435
22 4.256103464891848
22 1.317964529465780
22 0.783648731213923
22 2.450276453446388
22 0.735331328700387
22 1.591936253588308
22 2.210799958159165
22 4.219269854610266
22 7.558689139165552
22 1.242089502618200
22 2.998834861231598
22 1.146558151789025
22 2.923205529401960
22 0.767537000375371
22 1.120463139542827
22 9.871008691179330
22 0.493011579750950
22 0.646902147048854
22 1.138881869320526
22 1.870849438368454
22 1.402909388356781
22 1.087331156091097
22 1.818199421713085
22 0.998686562491918
22 1.581636276277633
22 0.935980465282079
22 2.019295188708099
22 0.560106998574019
22 0.796630769430921
22 1.351853975296889
22 1.249666045758064
22 2.469689464883853
28 4.838939446218579
28 4.719793339748437
28 3.748504407299914
28 1.928589756832972
28 3.031360083827114
28 1.285884104864567
28 3.921196960440534
28 2.350090174051093
28 1.649638400918448
28 2.240330463190155
28 4.429386359508372
28 5.578399043350380
28 4.413336579010139
28 4.184666448443055
28 1.899138701715706
28 3.446723035729167
28 3.175467410634044
28 3.001797274318887
28 2.654682754394654
28 1.695812967291814
28 2.048996077893596
28 2.250700447483353
28 2.310138629687394
28 2.022013480774883
28 2.886131914452057
28 2.338575265647986
28 4.709844948102743
28 1.408107749651475
28 3.775712833185145
28 2.202947373289994
28 9.842593956239801
28 1.530647837590625
28 1.808457684572024
28 2.063074701597427
28 5.260322253954080
28 3.790221668860052
28 1.717249652508190
28 7.110933710459851
28 5.719173128509220
28 4.416885141223029
28 3.980153544297647
28 2.704119831020949
28 1.535030675036700
28 1.990463317253565
28 0.836227184781335
28 1.693185026987674
28 4.917146994239616
28 9.607449942734949
28 1.987528298518348
28 2.036669111799543
28 1.164116316047820
28 1.314637217331223
28 3.637877980531302
28 1.853940960448455
28 1.858848432598168
28 1.819129072438296
28 2.594796859800745
28 2.698680310052220
28 2.590765299783268
28 1.169840715441655
28 6.395115617074349
28 2.585979428509853
28 1.846668689595092
28 4.774030514737785
28 1.073364585333739
28 2.619190556761868
28 1.514927025934389
28 1.726595659620097
28 3.304123337212008
28 3.279441974081066
28 1.152676618656023
28 9.711945212271431
28 2.481602774719724
28 1.860999777614874
28 8.065590012363870
28 1.682812379142001
28 1.768739259534928
28 1.379422017400781
28 3.127258530964057
28 3.140475224863549
28 1.873462621376983
28 3.004652147173021
28 2.425956272392273
28 3.635932113070231
28 9.695406482471093
28 2.021932498511772
28 4.011415889572222
28 1.074775115354026
28 2.426081149407769
28 1.288669231432958
28 4.860799889026199
28 3.501139819580262
28 1.147561088720673
28 3.250189438336875
28 3.163448177016667
28 9.705501653548838
28 2.060435530846847
28 5.129118418380735
28 3.980528327191087
28 1.084703166679620
28 1.890829498000684
28 3.736803195383004
28 8.359721375576624
28 1.635041466958888
28 4.713389180447761
28 2.527877069054182
28 1.029748820282212
28 2.558767115024641
28 2.161048883410415
28 4.080039360831053
28 1.674121517335291
28 1.854172300442007
28 3.682797320510111
28 2.116724230222549
28 2.390449150175967
28 2.017996176144377
28 2.843394678172846
28 2.526149034683294
28 2.976732240230575
28 4.165990776583119
28 1.340114617914611
28 7.722687081829671
28 4.633851384419802
28 1.528522899088569
28 4.196124864122011
28 1.723230976726768
28 1.470647317224619
28 1.666750907145541
28 2.626633908449933
28 2.611666551138875
28 0.826047453049540
28 2.926211700860827
28 3.750050934339023
28 1.000290618024394
28 9.866321511903237
28 1.653989584466553
28 2.872654904702762
28 2.051444187434297
28 1.395692620037676
28 1.851787578665765
28 4.462621824766516
28 2.862345595878796
28 2.809768863855141
28 3.205966573822723
28 8.603251818533604
28 1.863388649599321
28 2.933366891808437
28 1.714493686519228
28 2.332027023238090
28 2.743496735778088
28 2.008698253436201
28 1.677870227033294
28 2.198125360306512
28 2.845297090428726
28 9.801383569463120
28 2.859516735303243
28 2.402072296966547
28 1.036792774214989
28 1.006368754885895
28 2.225549514190626
28 2.408016297665069
28 3.610181433582493
28 3.144849939985180
28 1.119583621901350
28 2.249966931201234
28 2.745724528987213
28 4.389382000578297
28 2.289289889340995
28 2.237910292200373
28 5.719663404990328
28 2.043271179441561
28 3.071095476536722
28 2.009633996260683
28 1.680149048329887
28 5.242614596033234
28 2.829024095023271
28 4.250448413473905
28 3.798590017651603
28 3.810334166489092
28 0.991839746468435
28 1.871429561255423
28 3.463734615068819
28 0.994995719563220
28 4.621453093646379
28 2.210877834613054
28 2.505366175774701
28 2.654593395740005
28 1.378200981125340
28 4.765851174456941
28 1.830159400446871
28 2.874403975759696
28 4.830144520443869
28 9.851657904583316
28 8.414004895158126
28 3.939038060819969
28 3.874687337251410
28 1.401193407505021
28 5.149916247456066
28 6.631905796728680
28 2.580824173237252
28 2.382376919819193
28 1.014087197935438
28 1.042502892017905
28 2.185208285010245
28 2.210259602933883
28 3.115294379041900
28 2.490612000245019
28 1.844328954123422
28 3.602238214886145
28 1.169654863073747
28 2.403854177641666
28 1.678129718987343
28 1.939589859935054
28 2.131337169659520
28 9.660473725592624
28 1.724611813033389
28 2.470331782992770
28 9.763415492220769
28 1.533955749149521
28 4.307647403499450
28 2.017590037216071
28 1.137985858846131
28 3.030729887882365
28 2.021016661037501
28 2.267637480423109
28 9.621317808214007
28 2.620465286032977
28 2.646665223457192
28 2.176411089387753
28 1.190246186841124
28 1.849908734936633
28 4.274458320630879
28 1.287930801222016
28 2.027956958404626
28 2.845782911887835
28 5.124003581777149
28 2.157173078607167
28 2.828814754812481
28 6.121120489368200
28 1.232178452609679
28 3.750342427854910
28 2.842898846711103
28 1.281040538136266
28 2.661059460086508
28 3.246451950914187
28 2.758517876731054
28 0.744563069374816
28 1.255912331827946
28 3.388603196773450
28 2.578599075606352
28 2.818075860100912
28 3.227903920383378
28 3.398464884628224
28 1.839461517881245
28 2.226962376963576
28 3.747201546668042
28 1.270260901509452
28 3.385046847793724
28 1.874950111041042
28 2.835387602425055
28 1.266141494812782
28 1.164690733472439
28 9.633450199573696
28 3.493834743931378
28 9.686142702687242
28 3.271972076898997
28 1.537158311438690
28 2.025640278212195
28 1.041591256251105
28 5.488835485702816
28 2.426497395850267
28 4.254330070816414
28 0.883782822423558
28 1.417828750112746
28 1.522302026968235
28 2.017403453732671
28 8.612066677546967
28 1.951414228289829
28 2.878316282945886
28 2.223523560746285
28 2.563515055735349
28 1.930473286307788
28 3.175353600304191
28 9.888437914008470
28 2.003356782860332
28 9.609952126529588
28 4.705109382163675
28 6.957603555586135
28 1.280099787264844
28 2.892610707673314
28 4.306115115280845
28 3.235761624588203
28 2.420546411421085
28 2.037389952390654
28 6.114498743726899
28 1.865390231458434
28 3.162494399262219
28 1.520255198808769
28 1.551242868331025
28 2.498571058066997
28 3.353416327769976
28 3.367053265931960
28 8.799407875861043
28 1.837702364979761
28 2.730531528560121
28 1.311651795299411
28 2.031802626520180
28 3.302295252967410
28 2.860968802233752
28 2.021810398756850
28 2.123065498515550
28 6.549619649615773
28 2.221168260319285
28 2.893372420555036
28 2.371967081927470
28 2.033294749404603
28 3.407629715729979
28 1.916394181219425
28 2.847151887253035
28 1.410745496216082
28 4.740166351044506
28 1.356174982818951
28 2.543988035779441
28 3.063323956339754
28 9.608215238833608
28 2.942118100290242
28 2.649595685031430
28 1.526988707821394
28 6.815364367079343
28 2.387854613409948
28 2.431679754037934
28 3.219993141261214
28 1.371545575966151
28 9.539666813357202
28 1.946247767443246
28 3.959951382275613
28 1.411620103863161
28 2.411825934782725
28 5.366731486309448
28 3.616859810152777
28 1.664092296793696
28 1.713770526044931
28 9.884341350769706
28 5.664107592824555
28 2.462446296778987
28 3.775821943647446
28 4.501586894781119
28 6.140391126946070
28 1.304876746168696
28 2.751087806818004
28 2.898644203101940
28 4.178877754986804
28 1.759479940587068
28 0.818762986158297
28 2.791444653901920
28 4.175457042903393
28 1.872411828456634
28 1.364771873284777
28 2.380678409645005
28 2.708338434603082
28 3.874866793740182
28 2.148338487366648
28 1.245492844930630
28 3.447606405166757
28 2.212611884213970
28 3.167948547024098
28 4.050243315924778
28 4.888247516971003
28 2.036347370158796
28 4.008027649698263
28 3.439810586136136
28 2.429257562239648
28 1.161800200152868
28 2.955954401845572
28 3.424532998582970
28 1.554167158352314
28 3.559799598622687
28 1.888814992956673
28 2.215879048073329
28 2.059138860052862
28 2.486555499853953
28 2.113540299940443
28 9.845388954032085
28 2.587263580512365
28 1.083951365019438
28 1.566509889570796
28 2.927773679785256
28 2.187553050003345
28 1.892144989881212
28 8.528476888066681
28 2.212839870094711
28 4.111833473843094
28 1.680228831084958
28 5.244807432127925
28 2.971939555501567
28 1.598987546290058
28 2.482432927348175
28 2.215346201340512
28 2.766518903283808
28 2.201810555946463
28 1.256950716374194
28 4.908510691095575
28 1.295635958937093
28 1.126392940041498
28 4.363175615906211
28 1.652670669755370
28 2.230015336476844
28 2.011217258957694
28 2.021210450149856
28 7.693663928947113
28 3.386107121252206
28 2.397253759863912
28 4.836672474031237
28 5.552419379471733
28 4.020531315147122
28 3.244446796114925
28 6.325283908698520
28 0.894296882432444
28 2.151363433233425
28 9.887959691210668
28 1.661919430092530
28 2.482696310858264
28 4.913254473404848
28 9.544276177734007
28 1.381288352217834
28 1.273785305698016
28 1.524540940380528
28 9.846057148156795
28 2.595831873738119
28 1.356521199392567
28 1.688963604294045
28 2.438666506018670
28 1.694506764188369
28 2.257208791232925
28 1.237734198163960
28 1.149763141105288
28 4.179475323033984
28 2.561218693636917
28 1.396372182686283
28 9.581888769627064
28 4.017584034562193
28 2.132344015295453
28 2.060117345970038
28 1.404309171169154
28 4.934482373037385
28 4.167322485044948
28 2.542562846964281
28 2.251131436068694
28 2.058460809745319
28 1.170450339547932
28 1.534711166625271
28 2.839079120151009
28 4.314070566226745
28 4.067121999826290
28 1.977228980080331
28 2.243837661436514
28 2.439946484139456
28 2.627652851427316
28 3.243098059332934
28 3.732144656666079
28 2.679580648042528
28 1.562005631442270
28 1.979567800372954
28 2.585507203384726
28 9.575546222753058
28 2.857929798100236
28 2.017960244399856
28 1.536177967243947
28 2.973413409085375
28 3.044047433276721
28 3.466549572155046
28 3.424981739011141
28 2.664367643940342
28 1.712137425184628
28 3.910069748603648
28 2.611660244954491
28 2.348930763474896
28 1.666991483184388
28 1.443853163830913
28 3.586024698893276
28 4.517959439340313
28 0.972286569399838
28 1.183881582288020
28 4.174470374174395
28 2.019988070998105
28 4.419952517490440
28 5.284460452786504
28 1.678755895413794
28 3.288012582896017
28 9.523824564233712
28 4.141300706133820
28 2.844241143038405
28 1.553565797182704
28 2.172586375717132
28 2.598381155177399
28 4.702680906551567
28 1.820979212341678
28 6.777720742760136
28 2.227756486286902
28 9.784427664132684
34 4.502972813481259
34 4.230146691228815
34 1.993491888117046
34 3.910255364990502
34 4.432969184704324
34 9.555292034926206
34 9.054930662857998
34 5.010968296988266
34 9.640561529334370
34 4.471442981068936
34 2.719141031714426
34 4.255269133233003
34 3.208741272404364
34 4.584251553141800
34 4.650085562077425
34 3.397543530948411
34 3.209440125451843
34 2.495229819228174
34 3.333627212266395
34 2.271984875748150
34 6.670526192788480
34 7.099104081318597
34 4.616459368311880
34 3.993400416353423
34 7.540313069041507
34 4.092839411769890
34 4.589949515115589
34 6.249329854710648
34 3.892357939438016
34 9.840570647450368
34 4.655763910154064
34 4.303033003618823
34 4.155982453926184
34 3.514236253803803
34 4.035772999685331
34 5.316880636654238
34 2.976377268009914
34 6.323688417264836
34 3.509002364698962
34 2.588962869817943
34 4.245663943075302
34 4.842277364923920
34 7.680351821330347
34 3.641600674645896
34 2.750248729379319
34 2.681305623077042
34 5.345425641023879
34 4.905419827381346
34 2.731203661739776
34 4.752713128709004
34 2.716909032904545
34 3.938965914290416
34 8.137960139921532
34 2.957757458811284
34 6.069498572839397
34 2.480986773414910
34 4.266131171579047
34 3.963673422835179
34 4.690997395852165
34 3.843102866720445
34 6.262321535534716
34 5.805972699360646
34 8.020834573088784
34 7.894026335664265
34 3.847233079287864
34 2.217860927971829
34 3.300749790762598
34 5.092664258336202
34 3.946425119991796
34 3.583539653242480
34 5.067332390334221
34 3.167647511101749
34 3.917463073062280
34 8.623118482826582
34 9.801806098361492
34 9.575319263643784
34 5.722848280769713
34 8.847600405894847
34 3.571839481348951
34 2.709222882384843
34 5.399536488600151
34 9.807579929784932
34 4.725311513464322
34 3.893631915832452
34 4.825220223431934
34 2.693507021211738
34 1.906012404554468
34 2.440965315946808
34 1.828411443302576
34 9.812210806783355
34 3.231808195728725
34 4.882326802387063
34 3.499344989155003
34 3.907864213144753
34 4.689787542750594
34 5.062973922076614
34 4.277951789504321
34 3.639113612584948
34 3.253412315591905
34 4.427365805117106
34 2.201382371149534
34 9.158839101262004
34 3.822002294530227
34 2.716991690530279
34 4.255762982446727
34 5.094701666696373
34 3.856564386389083
34 9.533025391277089
34 1.829527263378383
34 6.934243302883251
34 3.304017159249441
34 7.469358042334159
34 6.985300424117789
34 5.874959534618593
34 7.394283377528259
34 3.920959859105211
34 9.351579949496474
34 2.963353809544805
34 7.787536492931155
34 2.253634581902129
34 3.013944937287798
34 9.488447911106652
34 7.395825059779791
34 7.006757906549093
34 3.024033905803247
34 5.382699041248960
34 5.330551613267274
34 5.512524371391824
34 3.153014880960011
34 7.477091721721753
34 6.714161633842599
34 6.749859600632649
34 1.666537765348527
34 9.440896361980187
34 5.185864862730392
34 6.175022419200106
34 5.099936537477022
34 2.687524479453830
34 4.534490840321812
34 6.247004180425998
34 5.369044387009877
34 2.496421947459452
34 7.446350038157148
34 4.319245857622936
34 3.581310782486743
34 3.907311569833309
34 8.363164099020636
34 2.939434777341788
34 4.620311486461638
34 3.265334794989247
34 2.201382371149534
34 9.158839101262004
34 3.822002294530227
34 2.716991690530279
34 4.255762982446727
34 5.094701666696373
34 3.856564386389083
34 9.533025391277089
34 1.829527263378383
34 6.934243302883251
34 3.304017159249441
34 7.469358042334159
34 6.985300424117789
34 5.874959534618593
34 7.394283377528259
34 3.920959859105211
34 9.351579949496474
34 2.963353809544805
34 7.787536492931155
34 2.253634581902129
34 3.013944937287798
34 9.488447911106652
34 7.395825059779791
34 7.006757906549093
34 3.024033905803247
34 5.382699041248960
34 5.330551613267274
34 5.512524371391824
34 3.153014880960011
34 7.477091721721753
34 6.714161633842599
34 6.749859600632649
34 1.666537765348527
34 9.440896361980187
34 5.185864862730392
34 6.175022419200106
34 5.099936537477022
34 2.687524479453830
34 4.534490840321812
34 6.247004180425998
34 5.369044387009877
34 2.496421947459452
34 7.446350038157148
34 4.319245857622936
34 3.581310782486743
34 3.907311569833309
34 8.363164099020636
34 2.939434777341788
34 4.620311486461638
34 3.265334794989247
34 3.833822496040733
34 9.477354763770231
34 3.286689434317593
34 7.678389024362989
34 3.958570682251103
34 4.603274915549377
34 3.000755652316569
34 5.426688916513529
34 9.510908689202743
34 9.561458728225675
34 6.975539586904442
34 5.892822409499023
34 3.321779596266788
34 6.841721605382750
34 9.812733045577492
34 9.868651523886669
34 2.900070389192880
34 6.511971905179453
34 2.630490900769351
34 4.716630807253808
34 6.419317441065732
34 2.744968654700039
34 2.954388058594951
34 6.307899428377534
34 3.578249740245410
34 4.210315776480518
34 6.130021802696119
34 4.167320491811066
34 4.797934989114666
34 2.423949136692198
34 5.638890346919005
34 3.560477239471767
34 3.537092111822408
34 8.526400299878436
34 9.681398110268422
34 5.984188573699018
34 9.472006014936836
34 3.932888777533502
34 4.399698048070816
34 8.011769016766863
34 8.986352377463410
34 2.468289516993434
34 8.113655984249846
34 5.030382013257536
34 4.234321766126271
34 1.541853758849504
34 5.661483923499254
34 7.007162031315313
34 2.004594322409706
34 4.873544578128671
34 2.208243733796672
34 9.652860009770368
34 5.007187099222404
34 3.897211628535894
34 3.276478357782208
34 5.811403911770892
34 9.565511503598312
34 9.039487684749730
34 4.752216854153659
34 4.521859852937317
34 8.419767619021940
34 8.716299014625369
34 3.204943224124526
34 5.551551660126230
34 4.670568836627862
34 6.276922560217962
34 2.260457969985124
34 7.177788825679832
34 3.000911068556854
34 4.884702474172971
34 4.295399366497278
34 3.551021934681293
34 2.252397338353981
34 5.423653508859165
34 2.198101673304259
34 9.604585264151492
34 3.939635262496057
34 9.490669500235954
34 2.649436089441604
34 5.439590132293828
34 7.300629463516179
34 2.421111606744397
34 2.651095441179574
34 4.865939572270203
34 3.241715762046383
34 5.250766875138321
34 3.229101492512886
34 5.091850997725548
34 2.670320668443380
34 3.223993800434267
34 6.269123649342229
34 8.653265498672102
34 2.433087537654134
34 5.022941558991263
34 4.496268870525542
34 6.338882633563220
34 3.579446388793362
34 3.255502467621921
34 3.456393675344797
34 7.335864067309129
34 9.666750909564392
34 9.742850522057866
34 3.616478937747028
34 2.727568876296112
34 3.580884486154072
34 3.823877654826124
34 2.216794408990814
34 2.150333326638229
34 6.262599095552415
34 2.690698501558292
34 4.672230093061908
34 5.916110245679557
34 6.774020980272347
34 4.587913684374348
34 2.230329554113890
34 2.737147730925538
34 3.954640802942308
34 3.610229464864955
34 7.444394387995609
34 8.005545619514326
34 5.864591574470826
34 8.151121536616175
34 3.849839971457399
34 4.807674027689218
34 3.262228518150222
34 2.194854037167062
34 6.326346856127826
34 6.163783620281417
34 7.595699548349887
34 4.982828090717903
34 2.956704246874923
34 2.688435875285129
34 5.370928127772671
34 9.650219417664477
34 5.522444075646778
34 4.670529594393097
34 5.710724732028164
34 9.594211526055926
34 4.301920871361831
34 9.757141766048534
34 9.544689149505071
34 6.131995666203356
34 5.057662448707795
34 3.227388034713843
34 6.541952735047904
34 3.623914300388752
34 4.185239549951560
34 4.328337485629151
34 4.502188199738216
34 9.344114013301407
34 7.449499131665334
34 3.199155633043818
34 5.431975131269813
34 2.191717119510592
34 7.079880045573804
34 6.298739994773970
34 5.477168153300290
34 3.226170001627405
34 8.707206101834027
34 2.722753368616863
34 3.361741072228107
34 3.999288999534613
34 3.238220002383343
34 4.245457176180174
34 4.616152124538923
34 6.284795727506037
34 4.842766412001973
34 5.070376609661142
34 3.829305249196374
34 6.137830427129388
34 3.550873898580964
34 4.673053420505896
34 6.760435985795096
34 3.365438084187099
34 3.965553993674686
34 3.902021174285047
34 7.457828031440321
34 3.589302817693426
34 5.915636245909870
34 5.369020996191430
34 6.319475372426001
34 2.218366123730850
34 2.278070682105167
34 7.039492313063718
34 3.574483749518368
34 8.208821123245528
34 3.328968923366629
34 7.050898222538462
34 2.029766821355838
34 4.315843873276330
34 2.987461426605127
34 2.732301072088033
34 2.976900066567379
34 2.861226123438109
34 8.422632147107310
34 8.170210765215700
34 5.706541021114597
34 9.049675548396419
34 7.626073051865024
34 9.821863927790369
34 3.886835816878401
34 4.666121478584135
34 4.767275866819793
34 4.098072292713773
34 6.885026038922556
34 7.639756798612382
34 7.175291519158126
34 9.734706428082589
34 3.876295785603989
34 5.187645464890078
34 5.784877581882885
34 3.295111833621439
34 9.241578560749186
34 8.319050428626142
34 2.748119391048792
34 3.789661365618141
34 4.260065777245388
34 4.893628948963752
34 2.595233220517877
34 5.666000853091879
34 2.867184829966007
34 2.871278280160745
34 7.151912359893376
34 8.493427358494962
34 2.691548106497747
34 5.025121842847789
34 5.870010925421346
34 3.935326164650709
34 4.249258103455121
34 2.726063241469112
34 8.989777503790823
34 5.047879929609262
34 5.358488228025880
34 4.305741354465154
34 4.933772995203105
34 4.568358221562606
34 4.370002557463250
34 4.230135678788048
34 2.456548971732649
34 2.727997053667580
34 7.528589348109987
34 2.270893839746814
34 9.468896491851130
34 5.008835634870952
34 4.855926935832155
34 8.294970565540433
34 4.364089223383281
34 3.010864469883858
34 4.302068815497222
34 9.520635304063939
34 9.353854797999562
34 5.523101720582572
34 2.954710352309555
34 7.158281866286266
34 2.758011039867015
34 7.011792929087441
34 2.444144365609576
34 3.609234604536082
34 2.664572226932935
34 3.963014569107036
34 4.994751640400491
34 3.936175831725545
34 5.378177297049604
34 2.942668457728722
34 5.656509658034317
34 4.686253387831298
34 3.684760779340138
34 4.558825067083980
34 6.718305654455161
34 5.303837710937578
34 6.368377097352989
34 1.904667448620863
34 5.467490156476600
34 7.385961815514978
34 6.918328543747220
34 4.668701447547803
34 3.248838173634356
34 9.601751124438229
34 5.385366160963750
34 4.562439188263394
34 5.635890383442004
34 2.497224734254866
34 3.967089187800807
34 2.497728441584274
34 4.608552404410655
34 1.941843823791285
34 3.587950048662889
34 4.675026727693414
34 3.005829446545456
34 2.264750633931992
34 2.494693449846979
34 3.080313803195308
34 2.261490243942323
34 9.499554515066752
34 2.096468049549569
34 8.203974815300217
34 2.988911859423390
34 6.147681716227551
34 3.571370060726980
34 2.875493497688983
