10 0.026881925431387
10 0.038054715304157
10 0.044050385689681
10 0.012112293202610
10 0.011999098680461
10 0.034150765851234
10 0.032555749532288
10 0.025471289442164
10 0.026569227469031
10 0.025908675151885
10 0.053344333786742
10 0.030688871685378
10 0.030634083447848
10 0.029382537465009
10 0.026363893257430
10 0.018973046601209
10 1000000000000000019884624838656.000000000000000
10 0.028240021551351
10 0.026430048263922
10 0.043956228477470
10 0.007222850528913
10 0.041783462559213
10 0.015922579737037
10 0.025151128869076
10 0.023949172096250
10 0.025840614792362
10 0.026257527207222
10 0.031619284360267
10 0.024649997552306
10 0.037788987390440
10 0.042058467091421
10 0.027961142703745
10 0.021590011457455
10 0.040406320049911
10 0.032793624707424
10 0.026298206991558
10 0.033520900397456
10 0.022943290296662
10 0.054397254671322
10 0.037763977361990
10 0.042838809868690
10 0.021735132375517
10 0.034566737480210
10 0.038974816938800
10 0.039050962992766
10 0.030359235040772
10 0.031897201581486
10 0.025324768868809
10 0.019288059311866
10 0.025005424325542
10 0.017648221214700
10 0.022684424532605
10 0.028766461512013
10 0.027670326598582
10 0.021382419335772
10 0.018442336563903
10 0.035953572269475
10 0.037165566807367
10 0.031289349544637
10 0.039622606616955
10 0.029213826063814
10 0.038008612476429
10 0.020227540520935
10 0.032000062966573
10 0.022185485565076
10 0.023320979490325
10 0.029668988562324
10 0.027077183529324
10 0.016371798311437
10 0.038601806820111
10 0.016632477223895
10 0.031872741847881
10 0.022225460717036
10 0.022779575421835
10 0.030957079870889
10 0.038109731278511
10 0.029978269787513
10 0.034753745691637
10 0.028725813769530
10 0.026373517587581
10 0.023189287743082
10 0.028449032228207
10 0.031143452466460
10 0.024130536117028
10 0.029255233214934
10 0.044159602723512
10 0.022461183204303
10 0.033720945984538
10 0.028697418423317
10 0.032346680905774
10 0.032001406302454
10 0.040619794205369
10 0.023045705370052
10 0.043293418284407
10 0.015502828756531
10 0.027507424145742
10 0.016734006148075
10 0.025117446139468
10 0.023570686214397
10 0.040457258358423
10 0.034797334102879
10 0.026213894388020
10 0.037321523185553
10 0.017934807182225
10 0.012664627818619
10 0.014536625869336
10 0.037083143096348
10 0.034413947901064
10 0.039655954211830
10 0.032060688278435
10 0.040708287000029
10 0.023701596334891
10 0.024870275174498
10 0.027380696994150
10 0.032136997282371
10 0.020050699629519
10 0.038497580150990
10 0.017770510535925
10 0.015323312203783
10 1000000000000000019884624838656.000000000000000
10 0.030410281319979
10 0.035316823426856
10 0.019684189158593
10 0.027941457637862
10 0.022304246674041
10 0.039306063205272
10 0.015461926088376
10 0.025762477483956
10 0.032732196513501
10 0.040831316377976
10 0.026152310149380
10 0.035483745472745
10 0.023599335128015
10 0.032666013732565
10 0.029577790218474
10 0.032705974337508
10 0.036774158368397
10 0.042784945956392
10 0.019063189118339
10 0.013638324156092
10 0.039558174767989
10 0.007403707787385
10 0.023541256726895
10 0.028790003333913
10 0.040973002277769
10 0.033469195197847
10 0.043276129898300
10 0.021056671265318
10 0.024475486220420
10 0.046516756784444
10 0.031406499369214
10 0.040453531907836
10 0.048297969960339
10 0.035523058274389
10 0.034354413817704
10 0.034818904066530
10 0.030684334626505
10 0.024602080750204
10 0.028452229314793
10 0.033611053909495
10 0.025918285414696
10 0.027110941356964
10 0.021808419454374
10 0.025723164135479
10 0.015190917311497
10 0.031898756848255
10 0.036775311585614
10 0.027850753576090
10 0.032450273364288
10 0.024598055538116
10 0.036038505532153
10 0.028063579857606
10 0.006629303038075
10 0.018620215293249
10 0.019472444023028
10 0.034743303564976
10 0.030086195428852
10 0.030612843566813
10 0.022248830845712
10 0.033913141847838
10 0.050651774409327
10 0.045074840288301
10 0.020816648735101
10 0.023340426216546
10 0.026527750864089
10 0.040848473568771
10 0.031288963177051
10 0.015102027681532
10 0.026963393937399
10 0.010794447068327
10 0.031584129915113
10 0.037359357671509
10 0.019944962615116
10 0.018097897381594
10 0.029637129120040
10 0.023696695845650
10 0.029070230988161
10 0.017812985798263
10 0.029876564285715
10 0.021215815024920
10 0.027823649641302
10 0.029647285550714
10 0.031130024278594
10 0.031629909928165
10 0.027408508008641
10 0.025060965175821
10 0.027840627222903
10 0.015715576402889
10 0.046709073249291
10 0.035384699841594
10 0.034337953651833
10 0.024893066592735
10 0.013131635815413
10 0.030261855518374
10 0.029389751332136
10 0.035762092863103
10 0.036287423436571
10 0.027182732261495
10 0.036430546462661
10 0.030203181206900
10 0.031438004340973
10 0.021709575224601
10 0.053600176319334
10 0.027543124553509
10 0.031953317900663
10 0.040675729626041
10 0.034146875970588
10 0.022659168426235
10 0.024724764077653
10 0.022813209007123
10 0.028337972035635
10 0.033175017507509
10 0.022694606217138
10 0.027349749737442
10 0.026051098792991
10 0.037016693393285
10 0.037320453407174
10 0.020192909813056
10 0.029616739219644
10 0.029682492632246
10 0.020069361414038
10 0.032574511419433
10 0.038581480457722
10 0.036680994923517
10 0.014699779658933
10 0.028240922776111
10 0.055945595344638
10 0.025696335872077
10 0.045744115210327
10 0.023002789110534
10 0.011264205351345
10 0.023889764958889
10 0.024796381970801
10 0.019719114635655
10 0.035014120725168
10 0.030288943903689
10 0.024331699993430
10 0.028990882785801
10 0.026871683894845
10 0.025855172796496
10 0.015309200590323
10 0.054954490029340
10 0.042927823772534
10 0.028618466270983
10 0.023498815101492
10 1000000000000000019884624838656.000000000000000
10 0.029287867644619
10 0.032196177064329
10 0.034889207021332
10 0.021367245907815
10 0.033251288758229
10 0.035991524065854
10 0.017014645450113
10 0.029751413962240
10 0.023028502437827
10 0.044706997048969
10 0.022798479603505
10 0.033032386431318
10 0.025572780794206
10 0.020178283563772
10 0.021218906256757
10 0.019088525231770
10 0.031837944142243
10 0.040267728607153
10 0.033049140702063
16 0.231075826858870
16 0.194916088612891
16 0.175512212951031
16 0.081678537736380
16 0.175012990412008
16 0.141273801281317
16 0.191699234817875
16 0.163904421063320
16 0.104467761563939
16 0.156643694509661
16 0.111812915794499
16 0.138880617232747
16 0.226786466151046
16 0.141171378105501
16 0.119357271781892
16 0.131444905765442
16 0.102333140935222
16 0.088644738318266
16 0.123836642013885
16 0.158451954271809
16 0.165608735221665
16 0.084019404710094
16 0.164769259148384
16 0.098529210337318
16 0.132763206335247
16 0.123049728906762
16 0.066531618442539
16 0.068868289400472
16 0.118266521445018
16 0.106667701974279
16 0.175784151827151
16 0.066351059244322
16 0.160715679962328
16 0.132588955476380
16 0.205388303356980
16 0.190788409722211
16 0.084850383595986
16 0.123532301191855
16 0.126929012224138
16 0.181815706666761
16 0.104891787421542
16 0.100888371490426
16 0.101916516172385
16 0.123900249309254
16 0.121411124225732
16 0.197130961435628
16 0.187058172212216
16 0.087223931408839
16 0.269388822247856
16 0.124840846278095
16 0.231075826858870
16 0.194916088612891
16 0.175512212951031
16 0.081678537736380
16 0.175012990412008
16 0.141273801281317
16 0.191699234817875
16 0.163904421063320
16 0.104467761563939
16 0.156643694509661
16 0.111812915794499
16 0.138880617232747
16 0.226786466151046
16 0.141171378105501
16 0.119357271781892
16 0.131444905765442
16 0.102333140935222
16 0.088644738318266
16 0.123836642013885
16 0.158451954271809
16 0.165608735221665
16 0.084019404710094
16 0.164769259148384
16 0.098529210337318
16 0.132763206335247
16 0.123049728906762
16 0.066531618442539
16 0.068868289400472
16 0.118266521445018
16 0.106667701974279
16 0.175784151827151
16 0.066351059244322
16 0.160715679962328
16 0.132588955476380
16 0.205388303356980
16 0.190788409722211
16 0.084850383595986
16 0.123532301191855
16 0.126929012224138
16 0.181815706666761
16 0.104891787421542
16 0.100888371490426
16 0.101916516172385
16 0.123900249309254
16 0.121411124225732
16 0.197130961435628
16 0.187058172212216
16 0.087223931408839
16 0.269388822247856
16 0.124840846278095
16 0.231075826858870
16 0.194916088612891
16 0.175512212951031
16 0.081678537736380
16 0.175012990412008
16 0.141273801281317
16 0.191699234817875
16 0.163904421063320
16 0.104467761563939
16 0.156643694509661
16 0.111812915794499
16 0.138880617232747
16 0.226786466151046
16 0.141171378105501
16 0.119357271781892
16 0.131444905765442
16 0.102333140935222
16 0.088644738318266
16 0.123836642013885
16 0.158451954271809
16 0.165608735221665
16 0.084019404710094
16 0.164769259148384
16 0.098529210337318
16 0.132763206335247
16 0.123049728906762
16 0.066531618442539
16 0.068868289400472
16 0.118266521445018
16 0.106667701974279
16 0.175784151827151
16 0.066351059244322
16 0.160715679962328
16 0.132588955476380
16 0.205388303356980
16 0.190788409722211
16 0.084850383595986
16 0.123532301191855
16 0.126929012224138
16 0.181815706666761
16 0.104891787421542
16 0.100888371490426
16 0.101916516172385
16 0.123900249309254
16 0.121411124225732
16 0.197130961435628
16 0.187058172212216
16 0.087223931408839
16 0.269388822247856
16 0.124840846278095
16 0.203598799806806
16 0.134885016461039
16 0.147666461888438
16 0.091178326948325
16 0.270649644663264
16 0.173069224327886
16 0.094572036002225
16 0.084456959692143
16 0.095313563404230
16 0.140590345855632
16 0.054170597995691
16 0.146941000534628
16 0.104249868309934
16 0.140992908004492
16 0.115974069576411
16 0.106346672924934
16 0.119240326489285
16 0.140183656621210
16 0.082835511150694
16 0.087475879966548
16 0.097725105123891
16 0.099604929017918
16 0.147426571880864
16 0.067959747007248
16 0.205731422511989
16 0.154646408380967
16 0.124591174756417
16 0.129324173057807
16 0.246851330168768
16 0.186542312278378
16 0.062169617364675
16 0.174747146649286
16 0.148608023360497
16 0.092885421558654
16 0.087099988275552
16 0.145960566868927
16 0.083272685628143
16 0.126938053317676
16 0.134417324724645
16 0.154855293852458
16 0.129193690647373
16 0.166666147678520
16 0.121111502637153
16 0.092401599049822
16 0.118723113321202
16 0.198218720539474
16 0.234815812404681
16 0.109833992219576
16 0.134327041601263
16 0.195268192345208
16 0.121009151856444
16 0.133189214150442
16 0.129744387034433
16 0.149951772021071
16 0.222825937934147
16 0.219319225030276
16 0.131244748928405
16 0.153181215441866
16 0.220088451183812
16 0.075800063823946
16 0.103787049541832
16 0.188572493273326
16 0.088984735028843
16 0.083422408451763
16 0.107757807559189
16 0.242548281792907
16 0.164354742394942
16 0.127560605849284
16 0.146898855162115
16 0.102679299024485
16 0.131992166262095
16 0.128275818531921
16 0.275085060652490
16 0.090386436536033
16 0.120848757877599
16 0.088792480931311
16 0.212090598363343
16 0.161702190554347
16 0.109454030806002
16 0.134292645848605
16 0.118551097498329
16 0.079108750468404
16 0.134323600741427
16 0.178053301602549
16 0.214661170315307
16 0.100574059626036
16 0.097579779459842
16 0.138863762749992
16 0.112764018448697
16 0.139535424299254
16 0.165766677113831
16 0.173455338505934
16 0.130580096198056
16 0.130370068765678
16 0.106367117402383
16 0.073969512134476
16 0.121944782309688
16 0.086767500708111
16 0.171933857551509
16 0.163292680709961
16 0.231075826858870
16 0.194916088612891
16 0.175512212951031
16 0.081678537736380
16 0.175012990412008
16 0.141273801281317
16 0.191699234817875
16 0.163904421063320
16 0.104467761563939
16 0.156643694509661
16 0.111812915794499
16 0.138880617232747
16 0.226786466151046
16 0.141171378105501
16 0.119357271781892
16 0.131444905765442
16 0.102333140935222
16 0.088644738318266
16 0.123836642013885
16 0.158451954271809
16 0.165608735221665
16 0.084019404710094
16 0.164769259148384
16 0.098529210337318
16 0.132763206335247
16 0.123049728906762
16 0.066531618442539
16 0.068868289400472
16 0.118266521445018
16 0.106667701974279
16 0.175784151827151
16 0.066351059244322
16 0.160715679962328
16 0.132588955476380
16 0.205388303356980
16 0.190788409722211
16 0.084850383595986
16 0.123532301191855
16 0.126929012224138
16 0.181815706666761
16 0.104891787421542
16 0.100888371490426
16 0.101916516172385
16 0.123900249309254
16 0.121411124225732
16 0.197130961435628
16 0.187058172212216
16 0.087223931408839
16 0.269388822247856
16 0.124840846278095
16 0.103746962930613
16 0.117376685843671
16 0.096075022203859
16 0.239564959939703
16 0.135463260157981
16 0.113361588189623
16 0.119482309105037
16 0.097594756991371
16 0.093364109387416
16 0.169939306526612
16 0.132077219170324
16 0.099772303383882
16 0.145644240925203
16 0.159426834868982
16 0.188531775278857
16 0.094150321741713
16 0.126392744787088
16 0.209931954392062
16 0.159335552336043
16 0.131978224172612
16 0.170015716935522
16 0.176060734543380
16 0.094304174749341
16 0.080861022539059
16 0.085860588176885
16 0.130422822778877
16 0.213980217148478
16 0.177279733336715
16 0.121154860450795
16 0.102056279095716
16 0.095636740876931
16 0.134297318224081
16 0.221078814533226
16 0.124103254516190
16 0.160480769831481
16 0.177121457751298
16 0.140058554845821
16 0.084057422399500
16 0.115693711246307
16 0.106267113602184
16 0.115457693767706
16 0.159877196714816
16 0.199175124560083
16 0.128530120535516
16 0.187947291377593
16 0.130523881049625
16 0.181131151995085
16 0.136658325119840
16 0.109437345329438
16 0.201697630092414
16 0.105085334727151
16 0.160823227380254
16 0.123476429494663
16 0.116816454579769
16 0.232628508588341
16 0.142163675430293
16 0.112122697131157
16 0.168631462420483
16 0.093652681428966
16 0.209033069674389
16 0.143677045171396
16 0.150330122724181
16 0.139887474535705
16 0.171450516882761
16 0.091929096201881
16 0.118296236284670
16 0.105591697468852
16 0.229087702200549
16 0.271077119584713
16 0.112358334616478
16 0.153134664514279
16 0.150735768251940
16 0.115321819311703
16 0.080304563138323
16 0.143574784413576
16 0.087606562164168
16 0.121824871643960
16 0.073022975802790
16 0.222378723316331
16 0.191570191151945
16 0.168969601200503
16 0.199499398396846
16 0.067509757622281
16 0.146686632866928
16 0.274367504121780
16 0.147169548988332
16 0.175096703853428
16 0.115531377236643
16 0.089419746893732
16 0.136472942230989
16 0.160115266657717
16 0.160059592221717
16 0.110006149256563
16 0.117614269861286
16 0.068799969304817
16 0.115073545435403
16 0.152662177509602
16 0.084636827621916
16 0.171284428959814
16 0.087552301688224
16 0.212725183513236
16 0.089899953574082
16 0.096706419981042
16 0.167105104595975
16 0.062180154661633
16 0.117613434515953
16 0.142258042172922
16 0.126534900662847
16 0.181899614245047
16 0.113493726367810
16 0.179071710720859
16 0.111351919108168
16 0.150364015468347
16 0.183376495071577
16 0.131627367017948
16 0.129828078129295
16 0.164330226589732
16 0.075905346853775
16 0.119270288519336
16 0.088116411625196
16 0.146824609478209
16 0.217994295727350
16 0.146559803432067
16 0.225853778843372
16 0.166183077942621
16 0.168463931430231
16 0.181250830039668
16 0.101377730458653
16 0.092458389922593
16 0.132292912179847
16 0.159276116861829
16 0.129895884166760
16 0.105782060517514
16 0.240476712333391
16 0.117622621507505
16 0.134075526308184
16 0.199415464699180
16 0.183519616334663
16 0.082856980858555
16 0.175009854494402
16 0.144516622513419
16 0.196909891780236
16 0.167495268639019
16 0.205719417283856
16 0.100476972008835
16 0.141033157652062
16 0.221252454912936
16 0.223279943646039
16 0.106169683424996
16 0.124898010384453
16 0.161404245867796
16 0.208431596177835
16 0.167808284687845
16 0.104932698272488
16 0.106026619590494
16 0.087228426069128
16 0.144832910763141
16 0.144622348716046
16 0.235304012025702
16 0.124990033744554
16 0.193004340540782
16 0.112115261974920
16 0.088513549864496
16 0.150563950567153
16 0.097590100599805
16 0.113412098207589
16 0.171929346341849
16 0.101561249140194
16 0.078222451191845
16 0.121362508047234
16 0.109125528695749
16 0.097323673573610
16 0.173526165544327
16 0.093076482035325
16 0.096269054366529
16 0.112796974036408
16 0.110163213240251
16 0.110348784895592
16 0.182578675569334
16 0.105661299617479
16 0.286033246470717
16 0.197787413872978
16 0.108857282240558
16 0.164152064753361
16 0.100787213013790
16 0.203650249195045
16 0.114832529063493
16 0.117411105780409
16 0.067207159876059
16 0.163114014903986
16 0.142040698012822
16 0.173687146116915
16 0.087681061045380
16 0.188038371770206
16 0.172521722305314
16 0.084945981150683
16 0.169131702818939
16 0.208749381275278
16 0.150465909950835
16 0.144230671560085
22 0.298133075362438
22 0.494699576286709
22 0.296586662539582
22 0.725887070547286
22 0.429085179893636
22 0.329144710037829
22 0.711752894138782
22 0.325225210299851
22 0.342716860779316
22 0.530982015750163
22 0.780057160354643
22 0.649259308504675
22 0.644347925958303
22 0.805120067070693
22 0.407623420853832
22 0.432364760001593
22 0.529738763724427
22 0.762416532715479
22 0.703208193590420
22 0.342706892390256
22 0.853819831188492
22 0.399212016917888
22 0.649161750583606
22 0.683863030356904
22 0.421270919527595
22 0.802198327555113
22 0.566639610899418
22 0.551426275671306
22 0.442203243063054
22 0.681537701246304
22 0.522488500749454
22 0.485126580598630
22 0.543427356151745
22 0.523908780643379
22 0.300662497683391
22 0.475595264984862
22 0.395031574573308
22 0.353568181602560
22 0.457153947319536
22 0.393203670641278
22 0.378858276512019
22 0.607427084021777
22 0.407823007541292
22 0.619672095795975
22 0.327284126750565
22 0.743403946501269
22 0.356606697982801
22 0.662691217155614
22 0.360703809978982
22 0.276080781623439
22 0.542624113463331
22 0.873739711976296
22 0.482310621048105
22 0.359567143264393
22 0.673543022559997
22 0.328486305304857
22 0.356516253823786
22 0.368474274618384
22 0.673804654774319
22 0.258464931085538
22 0.402539300852483
22 0.549658500917132
22 0.459159147796782
22 0.610608498198573
22 0.727304365449751
22 0.375037247769183
22 0.440646531832543
22 0.269293060143866
22 0.413322986692034
22 0.445386738360154
22 0.532185971110437
22 0.448547115490702
22 0.683451080042078
22 0.346446007847637
22 0.316500178486459
22 0.515952654149733
22 0.804055498556692
22 0.552723534984976
22 0.454583020601159
22 0.698873373049963
22 0.657182127575193
22 0.356598963010538
22 0.356009708042385
22 0.418386013671719
22 0.369107038324921
22 0.633196622125239
22 0.626122963424664
22 0.912437777648212
22 0.546781454452196
22 0.857452258314389
22 0.428375543543805
22 0.500501619265732
22 0.322855393030984
22 0.383896028289314
22 0.380204248695860
22 0.757312963531527
22 0.375555594969287
22 0.553510348596443
22 0.851624536534041
22 0.354937077208212
22 0.510151386266286
22 0.386337646020287
22 0.398494573583989
22 0.557449622287565
22 0.494124550107007
22 0.612156880587757
22 0.467462063967258
22 0.390044559567993
22 1.128966185111765
22 0.546884877879327
22 0.410838948115045
22 0.357725898772705
22 0.672746900115452
22 0.594803207488603
22 0.489199827895609
22 0.297156879837325
22 0.550917156754265
22 0.468404226984995
22 0.432916188263025
22 0.298520017954748
22 0.339422251365172
22 0.343222053751527
22 0.746056728384974
22 0.263644350346919
22 0.820823663620141
22 0.550785250790589
22 0.403399631002938
22 0.616480579170999
22 0.476306050789259
22 0.663823558675539
22 0.782367767349112
22 0.399953175635854
22 1.123249735660393
22 0.393127705488515
22 0.346985257935520
22 0.463895660255466
22 0.375950882397598
22 0.464650748802532
22 0.461827779997280
22 0.407586840772785
22 0.935129604610998
22 0.365919751117984
22 0.504667593659350
22 0.391580908057176
22 0.446042801845041
22 0.364189111578365
22 0.396810158441302
22 0.721687986693190
22 0.784353173769693
22 0.425393152338637
22 0.543873594058010
22 0.417603698391970
22 0.750303415868271
22 0.684590529528426
22 0.684269142490350
22 0.647884902001469
22 0.511921887963770
22 0.445125030664654
22 0.505698675652477
22 0.892091147214868
22 0.280300299996938
22 0.388600443483051
22 0.598812773212957
22 0.448772889321064
22 0.603890776477919
22 0.472614409299326
22 0.236495962242687
22 0.538675113672285
22 0.481263906045890
22 0.454093469073781
22 0.599996983943502
22 0.690105847728322
22 0.709834899244926
22 0.457180080364623
22 0.331811077190339
22 0.451502894413571
22 0.353934138408847
22 0.327168450628100
22 0.468062629805729
22 0.370474697650920
22 0.278847747184152
22 0.404538609790496
22 0.527746034628470
22 0.557298524359450
22 0.615049805201941
22 0.667735235028941
22 0.567426000774732
22 0.210740005593069
22 0.348223062548349
22 0.310796588083654
22 0.230314862807869
22 0.350965246400800
22 0.441388985100764
22 0.328273794523734
22 0.526394818994826
22 0.498760811599812
22 0.458924765847708
22 0.400014901766739
22 0.342908337702202
22 0.444777705789211
22 0.813845778690458
22 0.543858955954668
22 0.288856705380196
22 0.566556343192008
22 0.242826705529537
22 0.368098984087198
22 0.617605117777446
22 0.567459263333736
22 0.394173157024732
22 0.276439701080894
22 0.476930169248578
22 0.859081466976737
22 0.456435949136423
22 0.477632354367043
22 0.622889345349485
22 0.662272128284973
22 0.435567347727113
22 0.500502244484992
22 0.495188301835424
22 0.368371057228083
22 0.496451539735109
22 0.228035911602607
22 0.344727257246282
22 0.511412677152429
22 0.568723569771079
22 0.612383625956422
22 0.454967652800102
22 0.692066538612647
22 0.395448826538948
22 0.515003941897334
22 0.681702660722649
22 0.293011489809638
22 0.558689764626841
22 0.366537181076535
22 0.503673690113414
22 0.386406541937527
22 0.559772450541992
22 0.322453463261454
22 0.494835077977668
22 0.400178715299869
22 0.385746239629273
22 0.673393083046258
22 0.467667952092177
22 0.395336972450876
22 0.499999984460768
22 0.391068130664064
22 0.805486784691109
22 0.430470249751367
22 0.421993736431527
22 0.564683874464076
22 0.660767082636468
22 0.352231452547254
22 0.548525323151677
22 0.432791929934726
22 0.330328004916543
22 0.581490724249838
22 0.513087322226284
22 0.305064514698391
22 0.753852630649338
22 0.395861178875791
22 0.390160270996255
22 0.389169442438936
22 0.576084062994044
22 0.708382497238789
22 0.621965469800561
22 0.417144578636375
22 0.282136750785545
22 0.259440705067583
22 0.811190823950271
22 0.584789691207995
22 0.451918792218834
22 0.949447244730471
22 0.608059887409618
22 0.621975185212361
22 0.325793284391321
22 0.513840011130162
22 0.643861898306847
22 0.463891747896926
22 0.584939484034989
22 0.598322078391914
22 0.408610746726071
22 0.560555374113363
22 0.501679785713767
22 0.611605969962107
22 0.799870364268306
22 0.555643364471924
22 0.315526052672007
22 0.467200464996953
22 0.352872171592555
22 0.379556517960197
22 0.905197942085877
22 0.581725244355412
22 0.620014577043294
22 0.685658077838013
22 0.674064151105897
22 0.415476409085940
22 0.779675686820848
22 0.496860316803037
22 0.697175176517691
22 0.535557689150242
22 0.660767082636468
22 0.352231452547254
22 0.548525323151677
22 0.432791929934726
22 0.330328004916543
22 0.581490724249838
22 0.513087322226284
22 0.305064514698391
22 0.753852630649338
22 0.395861178875791
22 0.390160270996255
22 0.389169442438936
22 0.576084062994044
22 0.708382497238789
22 0.621965469800561
22 0.417144578636375
22 0.282136750785545
22 0.259440705067583
22 0.811190823950271
22 0.584789691207995
22 0.451918792218834
22 0.949447244730471
22 0.608059887409618
22 0.621975185212361
22 0.325793284391321
22 0.513840011130162
22 0.643861898306847
22 0.463891747896926
22 0.584939484034989
22 0.598322078391914
22 0.408610746726071
22 0.560555374113363
22 0.501679785713767
22 0.611605969962107
22 0.799870364268306
22 0.555643364471924
22 0.315526052672007
22 0.467200464996953
22 0.352872171592555
22 0.379556517960197
22 0.905197942085877
22 0.581725244355412
22 0.620014577043294
22 0.685658077838013
22 0.674064151105897
22 0.415476409085940
22 0.779675686820848
22 0.496860316803037
22 0.697175176517691
22 0.535557689150242
22 0.706535122392880
22 0.503823885836113
22 0.462715570565882
22 0.551239312746763
22 0.444650715178139
22 0.505717230969982
22 0.756706546582228
22 0.466155546170866
22 0.506364877388127
22 0.589266201652559
22 0.647718926926575
22 0.342628257531492
22 0.380847054249952
22 0.280220489176818
22 0.503017646857238
22 0.996559377228328
22 0.340331005392017
22 0.679399928794543
22 0.368033281647480
22 0.391413615811382
22 0.584499576392579
22 0.655289668110547
22 0.814133123717436
22 0.647581300129318
22 0.636800495618903
22 0.495257061264776
22 0.753729887875355
22 0.745643433917804
22 0.543551225069030
22 0.558781619999768
22 0.450960350890657
22 0.593809234778988
22 0.500074165001330
22 0.948611744332499
22 0.387437335952483
22 0.421633517719886
22 0.849810537906728
22 0.341797910220584
22 0.530892559267033
22 0.353020406144124
22 0.466014975987772
22 0.443570044754564
22 0.816731164083095
22 0.322022348304100
22 0.379968380226516
22 0.363018054283622
22 0.583504654262844
22 0.381321704673677
22 0.430771771593378
22 0.493187421997872
22 0.902505779979979
22 0.337255455449296
22 0.424167004198700
22 0.837057966150086
22 0.519964394690924
22 0.418486379926541
22 0.599173693957987
22 0.527865424383185
22 0.467419200750395
22 0.330272773258502
22 0.499943894912604
22 0.532484374357059
22 0.682911847862279
22 0.522820886802991
22 0.470488134557836
22 0.478152118626803
22 0.625265096326387
22 0.607762979551077
22 0.353497819978277
22 0.309787399092365
22 0.477501952965786
22 0.461191879183712
22 0.735974073498589
22 0.442664294706343
22 0.599317688800173
22 0.333269291835750
22 0.367983173888208
22 0.648837415778397
22 0.629505582792384
22 0.455023323130604
22 0.566118005710436
22 0.276019438995041
22 0.626061135734767
22 0.433225889928638
22 0.234592632558845
22 0.782855406771533
22 0.321559097668651
22 0.319061815044395
22 0.508127081440494
22 0.467948193928556
22 0.422882570032121
22 0.365788043485317
22 0.348084721286133
22 0.368595637440845
22 0.466130900599378
22 0.495029498983907
22 0.581942671490553
22 0.927874978028982
22 0.381375379456301
22 0.717015572640015
22 0.277128005050515
22 0.381029130187702
22 0.740407906553622
22 0.248184683242062
22 0.532096501634862
22 0.570610092645743
22 0.463741348949653
22 0.769055116830986
22 0.647926760319660
22 0.592983257147218
22 0.466044409852788
22 0.394562615580647
22 0.495630024793198
22 0.623774320760601
22 0.503819474572538
22 0.581693980474929
22 0.389594782639053
22 0.335250733912879
22 0.525599676606748
22 0.392134940816122
22 0.562698919961831
22 0.426738523595271
22 0.811640541446778
22 0.421487632302887
22 0.485786297660785
22 0.611486901313815
22 0.587707486262641
22 0.732525775491149
22 1.135777979711987
22 0.644723826408665
22 0.484045282168523
22 1.032675549017424
22 0.670054415179887
22 0.376575168518091
22 0.360389717228995
22 0.429855077621965
22 0.473864218829495
22 0.364742714227421
22 0.377418261196129
22 0.580027049209277
22 0.627537946312101
22 0.471582611646721
22 0.446034627012891
22 0.284017761999647
22 0.550685306423151
22 0.475963753889247
22 0.332351877084764
22 0.542244805690187
22 0.704673691083606
22 0.380339646061264
28 0.892355920425271
28 0.910664375909604
28 0.760381100129706
28 0.698124652683913
28 1.227781052889029
28 0.543207496703610
28 0.760507764785922
28 0.460011015557445
28 0.672604294184929
28 0.645014199921706
28 0.547545839703771
28 0.639650951690531
28 0.599746346326297
28 1.520289924541503
28 0.775216876741329
28 0.796738299068889
28 0.534025733193952
28 0.910370215262558
28 0.536310433209846
28 0.899318524561595
28 0.500131654230002
28 0.765723299022436
28 0.541104984985513
28 0.601183435430978
28 0.926130498790871
28 1.137078208281154
28 0.943464260805503
28 1.405122086784806
28 0.599566566461498
28 1.026696292083809
28 0.905305948167507
28 0.596459735289359
28 0.784523574738387
28 0.797439281041892
28 1.789025777452922
28 0.683978158537026
28 1.240333796892198
28 0.796674409557682
28 0.559275401961985
28 1.196443672075519
28 1.558169148015339
28 0.921364273297091
28 0.544418922727485
28 0.901732492437926
28 0.802757831879399
28 0.961769241574159
28 0.928888628349188
28 0.967906789874273
28 0.882104767958341
28 0.948252931726510
28 0.785792639289317
28 0.913613731346151
28 0.752512172166203
28 0.799638307349407
28 1.064405820988207
28 0.614561322333212
28 0.576014908714498
28 1.149202840139306
28 0.803552741878544
28 0.655046319403541
28 1.343779182928502
28 0.719104206976010
28 0.796309380988574
28 0.691405110827079
28 0.807634854827170
28 1.083063108566930
28 1.117351082879944
28 0.970640164869880
28 0.680828462182233
28 0.441473353702466
28 0.857192149925751
28 0.799027982268473
28 0.619704475387218
28 0.991186109620232
28 0.826108510602892
28 0.521393677548906
28 0.457967523908180
28 0.809999712016108
28 1.115077009649510
28 1.106150302170144
28 1.030747585600449
28 1.160340942876577
28 1.250995411490561
28 0.737951967616677
28 1.254475955056777
28 0.393138747389437
28 0.939732046483376
28 0.579771394919194
28 0.450063273379008
28 1.146296688065639
28 0.731692202253508
28 0.663952739206556
28 0.924999355700280
28 0.757986946293656
28 1.377747614516716
28 1.085825471789030
28 1.000222378471927
28 0.919424775773724
28 1.122590639358674
28 0.793698000997434
28 0.878412994835558
28 0.768792342554933
28 0.851233601443663
28 1.333303510745986
28 1.016607507150423
28 1.214022505744957
28 0.753664598410484
28 0.745697268665125
28 0.676041405991676
28 1.394982983769617
28 0.831312466703434
28 1.195855045896618
28 0.607779043928243
28 1.674379499799882
28 0.802457990609854
28 0.542811618184770
28 1.033300292843566
28 0.653757949992746
28 0.652347245394961
28 0.655671110513884
28 0.649926147163227
28 1.180958487722615
28 0.632014186001732
28 0.952247487428867
28 0.468942958632957
28 0.781713187349088
28 1.646562273012173
28 0.819571877940176
28 1.544836704369411
28 0.896382431038156
28 0.542178370365125
28 0.740416256116536
28 0.864400406378877
28 0.657520941598353
28 0.900535051347660
28 0.697339816007061
28 0.672284565927606
28 0.668298509064172
28 0.498689238630966
28 0.668945551929058
28 1.224050355380843
28 0.945643720190779
28 0.532899555341617
28 1.488409614156251
28 0.676868614953127
28 1.112862940468502
28 0.516909728781384
28 0.812296122695752
28 0.756243135090956
28 1.538844534220586
28 0.733700546085043
28 0.665090002082075
28 1.591003527029670
28 0.664021237344813
28 0.969741778380033
28 0.764063183882489
28 0.436229693547751
28 0.783259305974211
28 0.989525341147119
28 0.561904823369473
28 0.620320125189683
28 0.841264986878144
28 0.820275138954035
28 1.634373666633011
28 0.657399591798693
28 0.701008951913763
28 0.528487223540203
28 0.875389472363076
28 1.203438282965471
28 0.975729980109489
28 0.557345345389497
28 0.645042977341038
28 0.915747786355107
28 0.767889557849579
28 0.845847185841900
28 0.849402349783489
28 0.526180488037526
28 0.957378969527002
28 1.249895132793811
28 0.858962146278981
28 0.610017762122161
28 0.687889039477048
28 0.611084067272530
28 0.768153263568086
28 0.777280413350376
28 0.868564302385688
28 1.172625784114943
28 0.873411049222544
28 0.870945861668934
28 1.216301014906640
28 0.812100453174756
28 1.307333032084969
28 0.599869948033152
28 1.096449759221654
28 1.226815514662885
28 1.038215520854005
28 1.828990308133886
28 0.395926151103534
28 1.037899076430204
28 0.762898015283013
28 0.835978955194568
28 0.546935058089088
28 0.656866871445900
28 1.473324965506833
28 1.165903283421066
28 0.492729079593738
28 0.961943485611674
28 0.885453107843301
28 1.338609971733866
28 0.585012568938227
28 0.617118228149148
28 1.050809797136759
28 0.682669312110018
28 0.685809862371305
28 0.865516218995705
28 0.767502080367579
28 0.674464841814260
28 1.129452813701486
28 1.558534931060179
28 0.959319718552475
28 1.367758116611422
28 0.642420240000193
28 0.403259760745981
28 0.548809021799745
28 0.558768928628657
28 0.889595868131352
28 0.852864052010830
28 1.004258964896867
28 0.602890737657805
28 0.768095375333485
28 0.583822998978152
28 0.565869720929318
28 1.163913770763506
28 1.151974883506459
28 0.775221842990955
28 0.984836266783028
28 0.884613043527819
28 0.720083546317603
28 0.700624940816764
28 0.761620542399107
28 0.919357833559464
28 1.050137921800852
28 0.973780841451165
28 0.867575957390327
28 0.596506780243401
28 0.861609381063668
28 0.652741186121789
28 1.432102306605679
28 1.308844061430665
28 0.973719981013335
28 1.320176746940665
28 0.974432432874921
28 0.552480100572897
28 0.896054461684525
28 0.834716790584719
28 1.148689990371426
28 0.425443330893847
28 1.237162452224217
28 0.715333722448459
28 1.499013744005677
28 0.597095534159180
28 0.829258991894735
28 0.475015323535231
28 0.392835009401709
28 0.646458944986888
28 1.006084360251895
28 1.212179046252748
28 1.368852469157244
28 0.725805780238556
28 0.838889325783784
28 0.644518840410041
28 0.734785692976713
28 0.733100489478558
28 0.658592748369264
28 0.673093360197314
28 0.916100703039018
28 1.077918913227887
28 0.869682923891380
28 0.562960056454355
28 0.557486180212429
28 1.701046460753515
28 0.709147490070159
28 0.819036557725719
28 0.729711564843053
28 1.290180728950444
28 0.556690299183732
28 0.577458406291578
28 0.804563380123923
28 0.955216842385402
28 0.781065770339226
28 1.200250952533450
28 1.527313138038246
28 0.984080057481057
28 0.816362988824853
28 0.864434563585881
28 0.832767121683143
28 1.467636773740898
28 1.282020207211278
28 0.576265066468026
28 0.436130249790756
28 1.316528054225477
28 0.712833733378881
28 0.795799031502465
28 1.002478796071682
28 0.512643760410914
28 1.112744845714075
28 0.763405805479739
28 1.016378850812699
28 0.754087125065943
28 1.041557201693315
28 1.175352521457735
28 0.962681591305643
28 0.992464881359809
28 0.709854610461530
28 0.737799472973562
28 1.150155128603788
28 0.516122489979138
28 0.769413173158445
28 1.077345700963848
28 0.828584677361023
28 1.207099075888681
28 0.629763677009734
28 0.838792833463324
28 0.634120817281515
28 0.844192384342509
28 0.914335505525774
28 1.276614361290965
28 0.671222850302988
28 0.794165559465353
28 1.076715941750332
28 1.260835154664417
28 0.587904256639286
28 1.344704678248231
28 0.747333017746609
28 1.220038138057737
28 0.861919414434643
28 1.425966219803807
28 0.771869468285602
28 0.900904723550970
28 0.597046448923997
28 1.237152537643391
28 0.746426089283578
28 1.178609482717818
28 1.178414669939324
28 1.484749829552923
28 1.135983992095430
28 0.704187065492095
28 0.810307918590414
28 1.144035881889527
28 1.210449935750613
28 0.487127313308902
28 0.921415068235420
28 0.537417124355584
28 0.777340515153486
28 0.526292482677899
28 0.702380976838463
28 0.695970827790820
28 0.603994946488210
28 0.551193719076606
28 0.783736238149183
28 0.795288240658412
28 0.696830214256138
28 0.597082433663111
28 1.134829058771476
28 0.736381877115429
28 0.855403231570074
28 1.318064645646498
28 1.415970124479981
28 0.933668461599487
28 0.924927531256259
28 1.500359916759818
28 0.684991636756640
28 1.005693216341222
28 0.513186814280043
28 1.372689461163306
28 1.193935570867050
28 0.905155136880875
28 0.671439890026062
28 1.036642120870495
28 1.006959893790019
28 1.316999304306871
28 0.810842149329333
28 0.591149485889873
28 1.752995492741500
28 1.561181714855039
28 0.892602947002874
28 0.652423162788478
28 0.956154204583563
28 0.682211824524967
28 1.429054560151729
28 0.481357435926193
28 1.135870717153368
28 0.801289041960876
28 1.315300758726069
28 0.799952014802251
28 0.793834708596969
28 0.753715365839366
28 1.461794712827214
28 1.121059796967792
28 0.623974972306691
28 0.670950284235724
28 0.888029125401177
28 0.727075462233128
28 1.125090062163057
28 0.984075166010353
28 0.693752168831822
28 0.773411748564282
28 0.856061366603647
28 0.968064729249651
28 0.716076208093504
28 0.505624567251570
28 1.069298185310158
28 0.424551399699288
28 0.744370461072972
28 0.680776749780964
28 1.150471254315373
28 0.590512105667508
28 1.141023593705434
28 0.788350624592877
28 0.596383440231949
28 0.459522042307077
28 0.860061543784345
28 0.405255543732811
28 0.477193179815709
28 0.669892184033841
28 0.768443614108255
28 0.498023546460128
28 0.782882374297060
28 0.880763554220175
28 0.483897220094161
28 1.547382258698752
28 0.877361184346611
28 0.825691156292315
28 0.517485047393210
28 0.642553808515312
28 1.115496786429218
28 0.897649287730482
28 0.581235658433890
28 0.965707097351790
28 1.161099626594640
28 1.101660669208266
28 0.938402113447545
28 0.597909907681936
28 1.049721555107870
28 0.661548741898145
28 0.601168802251116
28 0.757398290261029
28 0.695615491991542
28 0.512337713188751
28 0.746368471550967
28 0.713055872429246
28 0.557224917897358
28 0.584853606676297
28 1.017644292741923
28 0.458992558009263
28 0.614423746180729
28 0.856839956081195
28 0.906380197596676
28 1.011036978415751
28 0.630551422174224
28 0.676239310639073
28 2.170269430788877
28 0.869470170398853
28 0.897051089855391
28 0.645336352890075
28 0.912154498574390
28 1.333325187326245
28 0.987804409625049
28 1.284392367715546
28 1.127036215051077
28 0.784060633107221
28 0.678120460679465
28 0.636587215690429
28 0.456836315283563
28 0.852013584530351
28 1.067925224762388
28 0.462113111456047
28 0.781626261004640
28 0.819553146837860
28 0.588496586687675
28 0.971433546459524
28 0.712243070648609
28 0.543098595757839
28 0.857748325618255
28 1.542348166776572
28 1.037122922183314
28 0.607100766907775
28 0.699485709986863
28 0.527454744033733
28 1.641478924435626
28 1.061220142739269
28 0.675651113419441
28 0.985694600070037
28 1.723414770857762
28 1.758267577034235
28 0.951864855457987
28 1.048156604733766
28 0.669213284366832
28 1.158166255584582
28 0.916691325778492
34 1.028952015984639
34 1.547858001899171
34 1.094682587289126
34 1.804434580886300
34 0.715828383310580
34 1.413051573596254
34 0.863442033390769
34 1.058028221157754
34 1.700274630522489
34 1.269964492143393
34 1.074948497374892
34 1.566671194592973
34 0.699944178613471
34 1.259865696006045
34 1.134172713450752
34 1.124914874907338
34 0.924015330175116
34 2.213734452845133
34 2.237988608537898
34 1.091018749393523
34 0.762621413406160
34 1.365913830973350
34 0.672881879301324
34 1.331332396048253
34 1.232172459884408
34 1.115104779921664
34 1.678649749222862
34 1.439802334075355
34 1.274883667058075
34 2.658018456657699
34 1.040577440070832
34 1.229084517802884
34 0.565464470221285
34 1.786688179771321
34 0.797344729325093
34 1.102852810576208
34 1.248638415051535
34 0.669400500392304
34 0.872324757762030
34 0.837985444527085
34 0.658345381998764
34 0.838714980062687
34 1.424222936462313
34 1.362025000805193
34 1.726206632408080
34 1.062328280006560
34 1.071597297283940
34 0.824790844834042
34 0.664234061858639
34 1.720673964106192
34 1.648371866553818
34 1.945297590006109
34 0.661560886567804
34 2.061268904563819
34 0.695781196981806
34 0.747451111738082
34 1.207958610420852
34 1.057359321154039
34 0.996454085387593
34 1.416339988495307
34 0.990477609256791
34 0.887533462599523
34 1.036927766429637
34 0.863948697522783
34 1.303695722653757
34 1.792440000080921
34 1.605636147469663
34 0.758477706122818
34 0.714542396646595
34 1.198223616854468
34 1.755757244683833
34 2.453728852737470
34 1.452810481732588
34 1.495512628894710
34 1.233036876809850
34 1.348762756467756
34 0.732499873389764
34 2.203820060765532
34 1.090080362645331
34 1.294936012911688
34 1.015112028367741
34 1.257149284131917
34 0.875240310627017
34 1.146152108104047
34 0.741382574152722
34 1.207754709010248
34 1.271883469863973
34 1.191460818499960
34 0.932959989667550
34 0.899640377347156
34 2.282475019344703
34 0.860143823408391
34 1.259867005766832
34 1.756175107000194
34 1.663338803999818
34 0.993143969416490
34 0.936186386282858
34 2.050575549663071
34 1.517328324268344
34 1.042746836869965
34 1.502989002663473
34 1.559901928105942
34 1.311169788854800
34 0.974986666614717
34 1.269022290183182
34 0.755970424657002
34 0.990386178503026
34 1.023231861864740
34 0.719916196000304
34 1.387998226689772
34 0.790003373301954
34 1.215923803606556
34 1.465542439947941
34 1.271674744345162
34 0.880926366105167
34 1.095177563528592
34 3.010673407685914
34 0.999974324476252
34 1.005476992567793
34 1.354479401484456
34 0.853196675508340
34 0.684000583868953
34 0.639343678150127
34 0.501585854896120
34 1.146787972218351
34 1.200118820062768
34 2.026903379668941
34 1.672137095379400
34 0.859263133676173
34 0.894618080067763
34 0.677283236800187
34 1.006991777007472
34 0.839670826688708
34 1.432842975851863
34 1.268782501068572
34 1.521514714092712
34 1.117064276373274
34 1.048684164975032
34 1.293786522941252
34 0.763140845712763
34 0.709274542464756
34 1.907907019629719
34 1.261550701132243
34 1.283530381569194
34 1.416832591611970
34 1.076599980843906
34 1.368052458834644
34 1.521166718869357
34 1.766969078231337
34 1.234709599058931
34 1.316006413871134
34 1.982945197285209
34 0.856335858894997
34 1.134738024076094
34 1.435248055133696
34 0.827935221958645
34 1.860939552883771
34 1.345970970974561
34 1.318994387129763
34 0.855773695181854
34 1.281561104567774
34 1.645378462315556
34 1.870389577046589
34 1.571208068342393
34 1.041738015722132
34 1.277304261725908
34 2.064069257550958
34 1.308668843119152
34 0.885082921796718
34 1.043726151510470
34 1.115347494107751
34 0.798805008239904
34 0.781027895604830
34 1.953360898527284
34 1.132905810244641
34 0.830026655891865
34 1.088378347047016
34 1.045007509294275
34 2.240551301087057
34 1.097387673497862
34 1.117801300320520
34 0.839811537441890
34 0.941147517203362
34 1.525232388009862
34 1.262756429657512
34 0.915191287367779
34 1.028266831606461
34 0.786128777195389
34 0.780687530882219
34 1.036246735477311
34 0.932095855844832
34 0.939422946875197
34 1.157151120080670
34 0.499305940514250
34 1.240598733975510
34 0.901344793567708
34 0.589407818209098
34 1.084157340035941
34 0.935635104845074
34 0.675045727086636
34 1.316006413871134
34 1.982945197285209
34 0.856335858894997
34 1.134738024076094
34 1.435248055133696
34 0.827935221958645
34 1.860939552883771
34 1.345970970974561
34 1.318994387129763
34 0.855773695181854
34 1.281561104567774
34 1.645378462315556
34 1.870389577046589
34 1.571208068342393
34 1.041738015722132
34 1.277304261725908
34 2.064069257550958
34 1.308668843119152
34 0.885082921796718
34 1.043726151510470
34 1.115347494107751
34 0.798805008239904
34 0.781027895604830
34 1.953360898527284
34 1.132905810244641
34 0.830026655891865
34 1.088378347047016
34 1.045007509294275
34 2.240551301087057
34 1.097387673497862
34 1.117801300320520
34 0.839811537441890
34 0.941147517203362
34 1.525232388009862
34 1.262756429657512
34 0.915191287367779
34 1.028266831606461
34 0.786128777195389
34 0.780687530882219
34 1.036246735477311
34 0.932095855844832
34 0.939422946875197
34 1.157151120080670
34 0.499305940514250
34 1.240598733975510
34 0.901344793567708
34 0.589407818209098
34 1.084157340035941
34 0.935635104845074
34 0.675045727086636
34 1.300383449503295
34 0.967957998006077
34 1.429343503123577
34 1.856724224301004
34 0.986733363677675
34 1.168365841573362
34 1.341825166093764
34 0.841900960638598
34 1.354976868469320
34 0.672763397366384
34 0.881541910842950
34 2.040662030263712
34 1.138998748341181
34 1.282014349813313
34 0.659469634965814
34 1.319722730349123
34 1.347557588679211
34 1.942555385697933
34 1.061902657498755
34 1.369450902632943
34 1.782208476289163
34 1.008087080738360
34 1.032437478621075
34 0.972749175822989
34 0.490465067724747
34 1.146362486539748
34 2.066679363023416
34 0.690751893355972
34 2.104544530165938
34 1.349235927918721
34 1.123668569818709
34 1.026053336928975
34 1.663171595050215
34 1.069385217986781
34 0.814983585255838
34 1.088056480991447
34 1.088403206510689
34 1.588466054309146
34 1.709536972964612
34 2.094217834215109
34 1.190394316944019
34 1.887854621258869
34 1.451776270436120
34 0.808884693885715
34 1.438898820610239
34 0.828177803746610
34 1.737301135030241
34 1.252770908125119
34 0.795153732852444
34 1.139615052235224
34 0.765189983799473
34 1.290804618510346
34 1.017263845368600
34 0.838744265115117
34 0.551881964023637
34 0.682485554788728
34 2.143483120453008
34 1.326705493972319
34 0.804824657056314
34 1.150028062933595
34 1.001967588697276
34 1.125526183012499
34 1.952793917177224
34 1.059654360614298
34 1.653221372969180
34 0.892134354307686
34 1.386891662294564
34 1.625201475755850
34 0.945168708226954
34 1.251601084131541
34 1.429630244914771
34 0.926359575083063
34 1.602471340894397
34 1.271714396439582
34 0.714278442178362
34 1.860067763299383
34 0.753573283625904
34 1.335334315340008
34 1.345784273744651
34 0.822134969877354
34 1.516897778897287
34 1.817919069806160
34 1.907452391111953
34 1.451712214223718
34 0.930196391456189
34 1.285624320368555
34 1.763535892324553
34 0.712285667575270
34 0.897716634957892
34 1.288024127824308
34 0.850045970377592
34 1.450730594141819
34 1.321070035998202
34 0.812508378317043
34 0.703200340283273
34 0.781765624008680
34 0.979388073731654
34 1.635153761622139
34 1.352844078632094
34 1.048745676804011
34 1.183762977639652
34 1.260411119487843
34 1.160721026137510
34 1.689327251111924
34 0.963668407799135
34 1.037893391466568
34 0.818020375117931
34 0.928262281026845
34 1.068212495366812
34 1.458701659575024
34 1.784723209761660
34 1.113581068619976
34 1.441790076652396
34 0.794053729811774
34 1.700246827233387
34 2.044637050964693
34 0.718461007501301
34 1.384944233968588
34 1.165733683850860
34 0.817653185505257
34 1.304460851980440
34 1.189897715050265
34 1.484395602835170
34 1.428318957937197
34 1.158045480976771
34 1.591996318538521
34 1.452131705176747
34 0.939452280536812
34 0.884465850229702
34 1.101963386852139
34 0.880265203647921
34 1.820654696167479
34 1.355072810775655
34 1.015113160069760
34 0.627701752895165
34 1.595172898810084
34 1.255573900918412
34 0.754487618382737
34 0.916462846203624
34 0.834377114742948
34 0.494633684503789
34 1.250749398628313
34 1.400834852057924
34 2.065104457094212
34 0.793911810859337
34 0.990169143448650
34 1.163523924102037
34 1.097820246780633
34 1.103896261711444
34 2.557492063815995
34 0.859325573484340
34 1.067215418899466
34 0.727677392917146
34 0.636769146331377
34 1.878271741264984
34 1.018585992909925
34 1.065027582105031
34 0.981251474620705
34 0.793384121429254
34 0.630796132363410
34 1.489091509884413
34 0.643059721984642
34 0.998768425391209
34 1.637700708823301
34 1.672070824847770
34 1.436130514089033
34 1.464426362458378
34 1.091079049138265
34 1.080701754744764
34 1.910884845560019
34 1.260162081594657
34 1.045323066411610
34 0.817583452306903
34 1.130776858408283
34 1.227921703888025
34 0.555773548125262
34 1.139333401615395
34 1.625813460754263
34 0.849422129587088
34 1.007044774530319
34 0.914260971742018
34 1.209420799798535
34 0.971270583804817
34 0.997202490108490
34 1.281198447607218
34 1.264338264324425
34 0.663650609826244
34 1.366528607978831
34 1.212402784165444
34 1.030485489353381
34 1.475277466860204
34 1.489037737690351
34 0.487144934346940
34 1.232226260050262
34 1.378082484904633
34 1.605654624301119
34 1.244517989792384
34 1.221527682055616
34 0.765791469096738
34 1.570630907919480
34 0.957343171303860
34 1.320908211594996
34 1.381694019999051
34 0.933372027427164
34 1.180005275306842
34 0.785689810306516
34 1.065409001256649
34 1.407351414647572
34 1.325897573804829
34 1.342087391665251
34 1.099615673006895
34 1.527578616428776
34 0.646698625922278
34 1.112872270273086
34 1.079863268067716
34 1.718277875097979
34 1.069163697373509
34 0.936044442651866
34 0.608300337653014
34 1.518436995415592
34 0.835752529803031
34 0.815225913747903
34 1.701463084193421
34 1.442345181249247
34 0.986283246318433
34 1.971582935264371
34 0.845887149954757
34 0.946253974471401
34 1.832375356105278
34 1.176655109674986
34 0.980894743569133
34 1.538749075953915
34 0.843904040406366
34 0.464668205737570
34 1.141323963731006
34 0.807494409876892
34 1.017406200412361
34 1.168102626963633
34 0.829831659367666
34 0.893567215581069
34 1.740825991790295
34 1.140639499619157
34 0.925750016408691
34 1.089747542344958
34 1.084021025695164
34 1.326514597696558
34 0.742597816629429
34 1.275862297644918
34 1.234560879672697
34 1.861082170842010
