10 10.000000000000000
10 0.052041799785511
10 0.135553378180762
10 0.070300195147401
10 0.171499256696953
10 0.049276259752406
10 0.087695587387236
10 0.095977969677291
10 0.078046395490271
10 0.053686526497029
10 0.059923779173880
10 0.039186991531591
10 0.049692195081981
10 0.110539877116827
10 0.082425687985901
10 0.063185144461863
10 0.052149197136016
10 0.036508317065135
10 0.188923126708735
10 0.072867459608264
10 0.061859925772731
10 0.047549224268048
10 0.058879869299406
10 0.052534386102176
10 0.357181137376334
10 0.102630908751587
10 0.120646339959640
10 0.112575676548478
10 0.034141365786382
10 0.065136703188522
10 0.141873566914485
10 0.069590389927202
10 0.118092885232382
10 0.066424255353385
10 0.152249759849540
10 0.079521956473931
10 0.080261151887504
10 0.080298103486674
10 0.040517829241309
10 0.110514487222802
10 0.052067901281792
10 0.088416804714862
10 0.086612066043587
10 0.044821406453518
10 0.073056457384929
10 0.062635309107002
10 0.041228775099877
10 0.150181581419543
10 0.145952732631925
10 0.051304857748067
10 0.044893210839618
10 0.043960932063464
10 1.216595237992484
10 0.141082435357611
10 0.099777934223255
10 0.070181894410752
10 0.026459666004205
10 0.086565953052038
10 0.064449619505083
10 0.042270082015524
10 0.074717414229709
10 0.084598743978962
10 0.021009236742371
10 0.032668063565478
10 0.063604560648225
10 0.080610672772092
10 0.054024912995295
10 0.215818145555129
10 0.051618490389656
10 0.013821125361284
10 0.105760568637626
10 0.080104033070048
10 0.067554368824701
10 0.088792243111995
10 10.000000000000000
10 0.047155694745007
10 0.046674226946789
10 0.056372218084418
10 0.129965454663890
10 0.046482429046053
10 0.126929230954106
10 0.175297395697362
10 0.095493330827257
10 0.109412987014304
10 0.039773762071674
10 0.124351087539257
10 0.075768032011022
10 0.063130924997770
10 0.018683049991626
10 0.069308161514654
10 0.067694345120215
10 0.153707533656391
10 0.206282669292881
10 0.200989140366897
10 0.062022340262374
10 0.117236147347495
10 0.772083961879714
10 0.043426622245112
10 0.131682799617051
10 0.180633041584699
10 10.000000000000000
10 0.052041799785511
10 0.135553378180762
10 0.070300195147401
10 0.171499256696953
10 0.049276259752406
10 0.087695587387236
10 0.095977969677291
10 0.078046395490271
10 0.053686526497029
10 0.059923779173880
10 0.039186991531591
10 0.049692195081981
10 0.110539877116827
10 0.082425687985901
10 0.063185144461863
10 0.052149197136016
10 0.036508317065135
10 0.188923126708735
10 0.072867459608264
10 0.061859925772731
10 0.047549224268048
10 0.058879869299406
10 0.052534386102176
10 0.357181137376334
10 0.102630908751587
10 0.120646339959640
10 0.112575676548478
10 0.034141365786382
10 0.065136703188522
10 0.141873566914485
10 0.069590389927202
10 0.118092885232382
10 0.066424255353385
10 0.152249759849540
10 0.079521956473931
10 0.080261151887504
10 0.080298103486674
10 0.040517829241309
10 0.110514487222802
10 0.052067901281792
10 0.088416804714862
10 0.086612066043587
10 0.044821406453518
10 0.073056457384929
10 0.062635309107002
10 0.041228775099877
10 0.150181581419543
10 0.145952732631925
10 0.051304857748067
10 0.226932056480038
10 0.127832893187292
10 0.746151951836736
10 0.053709917362508
10 0.089440538576090
10 0.131328569806106
10 0.081163956698272
10 0.088453118456724
10 0.068420739195363
10 0.040462273762728
10 0.050812069545715
10 0.034905093728888
10 0.117808010766431
10 0.034531157836387
10 0.204343460918507
10 0.104420024289983
10 0.085399133635923
10 0.124978005094918
10 0.090854973887110
10 0.091871808162590
10 2.965350883446833
10 0.061020334767106
10 0.056130495170826
10 0.221779575639600
10 0.070886743372360
10 0.051975762055171
10 0.060651503641417
10 0.057669964429172
10 0.019216642023370
10 0.077139502781314
10 0.029370120834489
10 0.036306139390363
10 0.024468747263041
10 0.102006455664103
10 0.032768926741213
10 0.043570627616281
10 0.068456007388378
10 0.065048030060376
10 0.039969252038525
10 0.034145037577448
10 0.034629124278278
10 0.046848565018725
10 0.077168000525791
10 0.112800764274766
10 0.034292615986028
10 0.058245847583357
10 0.057696176610020
10 0.078253494119573
10 1.587942330039851
10 0.103281462651795
10 0.830015758917972
10 0.038524787334114
10 0.088873707094463
10 0.053833567212489
10 0.205098201107997
10 0.060836395451576
10 0.197714500314846
10 0.071373057787092
10 0.051560717335993
10 0.103148509530220
10 0.079128018230691
10 0.035965412980241
10 0.079827761568854
10 0.063869392083232
10 0.040717788762688
10 0.301380209931184
10 0.045201363671938
10 0.265510197882314
10 3.191590433608787
10 0.072802135367084
10 0.134940752205249
10 0.066384627530499
10 0.041968903098510
10 0.106427608566176
10 0.078277456289882
10 0.084848315376814
10 0.080715295619884
10 0.088393018458103
10 0.113752385892372
10 0.059154169041238
10 0.147267973640340
10 0.044633399846046
10 0.045054173297742
10 0.039376143106952
10 0.288002860161325
10 0.056507575056965
10 0.118192495930101
10 0.199882486643647
10 0.309602727022271
10 0.052032345019849
10 0.065003923225563
10 0.293801043033088
10 0.072869253492622
10 0.075845829435066
10 0.045939025848119
10 0.066984473459472
10 0.132096798482464
10 0.033121606324010
10 0.064698944340320
10 0.057963348996077
10 0.093519007129794
10 0.062984014914652
10 0.525204144639095
10 0.066806050681762
10 0.036367368639258
10 0.124127453369386
10 0.050006721169312
10 0.064740985799391
10 0.047902253815585
10 0.078673302647189
10 0.097467375376335
10 0.041657891260323
10 0.061483429624256
10 10.000000000000000
10 0.198651494616609
10 0.174292079814967
10 0.070801874105718
10 0.069645217893735
10 0.090309133805012
10 0.091872313651415
10 0.079627393225399
10 0.087162884917339
10 0.071932078825602
10 0.073552331802591
10 0.053161520297503
10 0.069552555517606
10 0.051262876393623
10 0.056180554692174
10 0.068641724820214
10 0.041761389902729
10 0.084358904039980
10 0.066644679279459
10 0.088439873970939
10 0.203416634467882
10 0.108924558355244
10 0.060109115085967
10 0.034669399070559
10 0.090064406155756
10 0.056843096297261
10 0.063856189657793
10 0.064885657871925
10 0.070070070953770
10 0.052743133573860
10 0.048662700864478
10 0.157028473966071
10 0.057937426450248
10 0.075950697143759
10 0.039653843016645
10 0.210466024206434
10 0.096286370739321
10 0.031334753374656
10 0.104257540248645
10 0.146344968328188
10 0.072707055144153
10 0.064221256887995
10 0.072135677001059
10 0.093720744060481
10 0.111518262999375
10 0.033932546292285
10 0.050125196395173
10 0.152103036727509
10 0.054733500239208
10 0.070718298311427
10 0.195730351742152
10 0.048383548032612
10 0.117904934914820
10 0.165971228812827
10 1.099058124247845
10 0.074199909803490
10 0.083137643714115
10 0.036349545622871
10 0.055877097164748
10 0.049530355449773
10 0.059774619472484
10 0.096775382310289
10 0.043049081397269
10 0.048516204436599
10 0.082992412031021
10 0.058612893873193
10 0.075373863355599
10 0.108869656346293
10 0.317448167754018
10 0.156216170670666
10 0.597768492290205
10 0.047912860318223
10 0.129543192301387
10 0.087323622614750
10 0.053542858044348
10 0.044184491010356
10 0.116673556625154
10 0.062713512180637
10 0.727254142751582
10 0.086615733488726
10 0.052520746292776
10 0.063640304190101
10 0.052843243546116
10 0.037997334970703
10 0.882023674379769
10 0.060259844319051
10 0.080741799725211
10 0.066096736010285
10 0.069869104067076
10 0.058862780781143
10 1.988216675618062
10 0.061122321018911
10 0.086612948469053
10 0.097473051769994
10 0.129242688995286
10 0.047683473386601
10 0.061450587182392
10 0.087387790188898
10 0.218984106451481
10 0.079626747983986
10 0.123738027419876
10 0.058427557777531
10 0.167997860684667
10 0.063290685340494
10 0.101778944267777
10 0.074152537959842
10 0.706364041015012
10 0.095045950908804
10 0.442196928064381
10 10.000000000000000
10 0.177484437768184
10 0.068953292937992
10 0.129039488673236
10 0.136590265039240
10 0.073440472517035
10 0.047872061166351
10 0.069342318445391
10 0.051579647765437
10 0.072007916619732
10 0.084227826658060
10 0.078987530370415
10 0.068075131701137
10 0.051170487610887
10 0.047547349663093
10 0.058866650630715
10 0.031828120401564
10 0.063555333332967
10 0.191555319712110
10 0.083048071354618
10 0.039404657472057
10 0.128740616071332
10 0.050018824499304
10 0.092574024752865
10 0.037815989577217
10 0.226198549954487
10 0.042203830999902
10 0.066096736010285
10 0.069869104067076
10 0.058862780781143
10 1.988216675618062
10 0.061122321018911
10 0.086612948469053
10 0.097473051769994
10 0.129242688995286
10 0.047683473386601
10 0.061450587182392
10 0.087387790188898
10 0.218984106451481
10 0.079626747983986
10 0.123738027419876
10 0.058427557777531
10 0.167997860684667
10 0.063290685340494
10 0.101778944267777
10 0.074152537959842
10 0.706364041015012
10 0.095045950908804
10 0.442196928064381
10 10.000000000000000
10 0.177484437768184
10 0.068953292937992
10 0.129039488673236
10 0.136590265039240
10 0.073440472517035
10 0.047872061166351
10 0.069342318445391
10 0.051579647765437
10 0.072007916619732
10 0.084227826658060
10 0.078987530370415
10 0.068075131701137
10 0.051170487610887
10 0.047547349663093
10 0.058866650630715
10 0.031828120401564
10 0.063555333332967
10 0.191555319712110
10 0.083048071354618
10 0.039404657472057
10 0.128740616071332
10 0.050018824499304
10 0.092574024752865
10 0.037815989577217
10 0.226198549954487
10 0.042203830999902
10 0.117577193858863
10 0.047159153456704
10 0.062913701874359
10 0.049870254345715
10 0.102892113903198
10 0.061866453421741
10 0.058785120023497
10 0.036662343591891
10 0.039086342978342
10 0.640086355700940
10 0.094486120246613
10 0.033662892071175
10 0.101186613282897
10 0.049136904614542
10 0.064235625818183
10 0.116387874919813
10 0.120011110993886
10 0.220472571571604
10 0.046844851180814
10 0.109915339766926
10 0.057558320094804
10 0.062997006379131
10 1.288543019359920
10 0.127832844532207
10 0.073227077060214
10 0.070445105656320
10 0.087968631893689
10 0.096784146572816
10 0.125691504075251
10 0.047062480198464
10 0.057183527189931
10 0.043889131263660
10 0.081478393369533
10 0.129412210330274
10 0.041930352471494
10 0.059417179082492
10 0.060851403537526
10 0.061470361608762
10 0.067335923258917
10 0.536878329898947
10 0.040206871788167
10 0.108957192893055
10 0.056502958094533
10 0.086286957037168
10 0.214790081802675
10 0.117778020736410
10 0.104504818534669
10 0.068808460810377
10 0.053018292798082
16 0.476649878192124
16 0.185113746039277
16 1.844952037383240
16 0.275671177203837
16 0.314594509688580
16 0.423875446330469
16 0.349186629572654
16 2.325362314448149
16 0.300254315353822
16 0.962712955931400
16 0.429705836986694
16 6.607218483284239
16 0.350712561985165
16 0.922619308818750
16 0.230203480987282
16 0.223677695855478
16 9.744011264264921
16 0.267827090982833
16 0.351411485343604
16 0.348484689627157
16 0.232342862878776
16 0.253758770615866
16 0.321226306099977
16 1.582080541378398
16 0.397282734764678
16 0.389355200642810
16 0.181178523291526
16 0.402599012809852
16 0.603391527196640
16 0.487479694186223
16 0.214323968892598
16 9.779021719278859
16 0.133131228064773
16 0.375371241483085
16 0.260389685659197
16 0.495597061679523
16 0.455318195338380
16 0.208462567923287
16 0.292253879274127
16 0.261941245503822
16 0.482177961797686
16 0.344506062333690
16 1.067921039813223
16 0.296504341202021
16 0.271148730072974
16 0.490924756129701
16 0.279576816660476
16 1.287524868143501
16 0.316008947862475
16 1.130468216851602
16 0.316392506397558
16 0.511106207423125
16 0.506504758266637
16 0.321612941996368
16 0.455748045935639
16 0.303057940554113
16 0.347652570003294
16 0.549811702401302
16 0.222717815656975
16 0.213155299694332
16 0.837818853688728
16 0.579149708645603
16 0.429037112438677
16 0.466434182337793
16 0.282918732072334
16 1.431945754259853
16 0.212884609465203
16 0.424041783726659
16 0.248130157471038
16 0.776894160036564
16 0.257106946120031
16 0.311189444923267
16 0.648151040117129
16 0.361432904805078
16 0.437336711354241
16 0.296124428993000
16 0.275485297394818
16 0.468541017562409
16 0.515354890101879
16 1.521089467723885
16 1.416053801448936
16 0.261842762506025
16 0.513806367759318
16 0.215691964698670
16 0.710427932874576
16 1.058565352943467
16 0.548320582351272
16 0.325510548489512
16 0.521240637757737
16 0.724139970601559
16 0.279722272629045
16 0.293630605266157
16 0.391037454644102
16 0.172493012920421
16 4.376768239356914
16 0.463675876479732
16 0.497284014235260
16 0.239120529406362
16 0.777246245805171
16 0.301931653574793
16 0.171725049930729
16 1.642773796399839
16 0.758125242166217
16 0.368727301631810
16 0.537696781930942
16 0.308143548961620
16 0.862378365709449
16 0.526443002271185
16 0.554266976714257
16 0.157638361075808
16 0.473038494808007
16 0.293945784267575
16 0.377334469397208
16 0.360832944691000
16 0.556143923282956
16 0.362324617372293
16 0.830635388054307
16 0.397587123488705
16 0.534763485655632
16 0.234015234017218
16 0.424290426831690
16 0.956463485376153
16 0.301660582545853
16 0.334923908604347
16 0.413854935074335
16 0.228054320345640
16 0.181809869462091
16 0.909087569679130
16 0.505824894389106
16 0.324423544788885
16 0.423388077808688
16 0.585978064385770
16 0.514940721033438
16 0.158076207899050
16 3.182686016361255
16 0.362316029543360
16 0.304167999535632
16 0.823647562063346
16 0.271647551246137
16 0.207403972762274
16 0.348114439763461
16 0.571131052357710
16 0.257443063681650
16 0.407181975535326
16 1.132851994458359
16 0.517855178929088
16 0.629642750533678
16 0.725365829389055
16 0.347638709236202
16 0.418038141611899
16 0.229909760850007
16 9.781166669065303
16 0.485708703956303
16 0.667368170163311
16 0.362015268886914
16 0.201337270323038
16 0.147362434984162
16 0.446032422126819
16 0.182348808155701
16 0.729364852008842
16 0.956423295899240
16 0.370911205036624
16 0.225564614676440
16 1.120591363048520
16 0.289574719068938
16 0.478280852963199
16 0.170132887385688
16 0.534362596773355
16 0.338631522536161
16 0.763904908825278
16 0.295661879867489
16 9.853941329964137
16 0.294733684300794
16 0.323875482383847
16 0.211977253596390
16 0.338913830510225
16 1.038756083609046
16 0.423443451115148
16 0.508265913288202
16 0.624718639358583
16 0.286766569837692
16 0.536982685187898
16 0.265357610168940
16 0.298587437037097
16 0.767624130660351
16 1.388474764201558
16 0.427797644193739
16 0.796246605197901
16 2.010966473672393
16 0.901970737902309
16 0.607643889039976
16 0.437428030356521
16 0.179559253673521
16 0.289505925455259
16 0.543784646370766
16 0.113756822598605
16 0.352842005411058
16 0.228429160309748
16 0.223692045226456
16 0.573250805155170
16 0.616464406553498
16 0.488439412829159
16 0.661760991049102
16 0.282249571091639
16 0.479965423980887
16 0.151468921631193
16 0.913490351095480
16 1.069797498329745
16 0.394225195187444
16 0.912129579262150
16 0.206310802730469
16 0.352847855340969
16 0.461467996468014
16 0.241016034097339
16 0.545501333385355
16 0.434689437950659
16 0.618155420043524
16 0.498594933719573
16 0.454891007352787
16 3.641581083075112
16 0.906985650865623
16 0.263220293515338
16 4.242896983887819
16 0.665339654643541
16 0.305859359969567
16 0.608964891601415
16 0.218973870014324
16 0.547577849678975
16 0.556723947389997
16 0.227603872707971
16 0.162445543147643
16 0.149762668709963
16 0.339779898967125
16 2.041688829406243
16 0.233327852785942
16 0.516493899828972
16 0.962530709252601
16 0.508973746801352
16 0.215744421587509
16 0.159078443796973
16 0.240101048332447
16 0.303743323054032
16 0.285907598908210
16 1.297104689222132
16 0.254595531013204
16 1.748310135056096
16 0.321169483229369
16 0.383260930019782
16 0.971477349419397
16 0.296897874786417
16 0.305858767120685
16 0.257605838156003
16 0.233936475241570
16 1.367640390551873
16 0.382071284609120
16 0.279196399014876
16 0.304308514705417
16 0.415190687669515
16 0.311344011965876
16 0.284375455536137
16 0.302273854871953
16 0.207531472790072
16 0.191979426255920
16 0.457787089172871
16 0.505008045282746
16 0.286152438420801
16 0.199690573427994
16 0.234065867232977
16 5.002058968859703
16 0.338576701421728
16 0.161059811479678
16 0.385982475478427
16 0.440266548725796
16 0.238904404545331
16 0.358544330467036
16 0.389055359021039
16 4.927358058723139
16 0.359432695377250
16 0.492191756421947
16 0.714577721002183
16 1.003914002143337
16 0.303806146003317
16 0.221292906240835
16 0.366427258659555
16 0.477356522425627
16 0.533444746052307
16 0.437821300787344
16 0.698382123024132
16 0.275974842717813
16 0.216408088794706
16 0.252326722318183
16 0.307266601905460
16 0.537585177252531
16 0.310832973957061
16 0.528011216715279
16 0.251861421461328
16 0.294996149077378
16 0.310726667970155
16 0.257234318026719
16 0.413355841303560
16 1.599937043756579
16 0.653026053531687
16 0.329071297926864
16 0.307772081710912
16 0.255867403446919
16 0.595880854651195
16 0.431077427318067
16 0.324002901374353
16 0.160720702372958
16 1.273611010437678
16 0.260171314908547
16 0.224484206756106
16 9.917624137719045
16 9.438199945470728
16 0.259323305746577
16 0.256474114937206
16 1.344997864338410
16 2.109374260664026
16 0.413892626115965
16 0.211810191352715
16 1.051156302487192
16 0.316319803747903
16 0.481320777074057
16 0.373233274469973
16 0.318573131080041
16 1.204801679988615
16 0.335323759490831
16 0.305373099030358
16 0.160374759680814
16 0.270560892510360
16 0.175607347710276
16 0.427936590203733
16 0.213194168853438
16 9.441223548931278
16 0.463764535677375
16 0.286641399332893
16 0.282453948146982
16 0.393579919909016
16 0.184171001288270
16 0.992201817047680
16 0.370574770335308
16 0.563751818815524
16 0.229535455178019
16 0.559033790591076
16 0.415290664083592
16 0.422834615147225
16 0.409084218001913
16 0.438833730361516
16 0.221828737597677
16 0.144596153355715
16 0.351292575890239
16 0.185577577478348
16 0.358038607983877
16 0.269753972377107
16 0.736961806563166
16 0.286200660939846
16 0.393656448255674
16 0.185574437480928
16 0.314910751894194
16 2.974916159030012
16 0.424028984166100
16 0.246549048018335
16 0.252819500988723
16 0.316486700784289
16 0.528655694921672
16 0.605338694816939
16 0.123723785933769
16 0.264978782490509
16 0.235978368170815
16 0.632955531913670
16 0.762803447569421
16 0.416090406357180
16 0.514357647325181
16 0.437810409913575
16 0.597651108012973
16 0.423890301500910
16 0.240756850713709
16 0.576865226028887
16 0.342163733380533
16 0.879815478298318
16 0.644081131806248
16 0.447816146236372
16 0.362999628006426
16 0.374673207595764
16 0.660620829868118
16 0.308965181445593
16 0.388124732224219
16 0.740857317681569
16 0.343587234903456
16 0.284147034415676
16 3.103594409452342
16 0.568209251608874
16 0.236895276705400
16 0.862080024166973
16 0.366774758992414
16 0.233232801017471
16 0.233266882638558
16 0.263552439235197
16 0.209725869488035
16 0.194331587625461
16 0.149327367799313
16 0.567488206622325
16 0.523097305749959
16 0.382071029744613
16 0.279147414269707
16 0.805693553460630
16 9.442280655261051
16 0.486287342188639
16 0.401649385695412
16 0.373526800919271
16 0.511307254092052
16 0.176648962176086
16 0.244248112466843
16 0.263085894819883
16 0.353314790593458
16 0.467851443424141
16 0.209477996869087
16 0.536355372579027
16 0.313284586619468
16 0.217768870551402
16 0.360538080035091
16 0.252492753139423
16 0.362423140802087
16 0.385138926494813
16 0.754679676228196
16 0.723097064173464
16 0.257305081994835
16 0.337389302168306
16 0.530559663286057
16 0.192774226247402
16 0.266688479857290
16 7.033244958980884
16 0.597743232337922
16 0.488115467754812
16 0.260540480192651
16 0.332327228035821
16 0.369875666070372
16 0.145446242960205
16 0.229082171621727
16 0.569318881993825
16 0.477738433936237
16 1.418840590765228
16 0.458302643599177
16 0.337146064247000
16 0.270519710698512
16 0.327029583298293
16 0.725870986243539
16 0.541002199379253
16 0.380086929261669
16 0.354297260144810
22 2.295791482602618
22 1.102613182718136
22 1.048110517049545
22 0.752769830612817
22 0.626424343522728
22 1.011925841196539
22 1.649037259681196
22 1.859849809903403
22 0.825394382826649
22 2.635602852071017
22 0.897244893162869
22 1.341293544108305
22 0.490002812843725
22 0.780733023162845
22 7.515929363658816
22 1.043682777785064
22 1.239464460632716
22 2.764126305773514
22 0.622591032173610
22 0.681612973157763
22 1.988419290915807
22 0.810578414563761
22 1.596204239232316
22 1.023418729778322
22 0.450626490145762
22 1.223950500077714
22 0.939654663338351
22 0.960513119166481
22 1.154642546087168
22 9.725716592278804
22 0.601717901063256
22 1.475147626764954
22 2.805737109701433
22 2.403043561772155
22 0.854291628145793
22 0.672907756424164
22 0.608008350278494
22 0.780597631419544
22 1.963830078341118
22 0.775877359002036
22 1.335742560251109
22 1.337549148587762
22 1.376507379091077
22 0.725356254250450
22 0.748232957065997
22 9.180627308477977
22 2.457960673734607
22 1.216557649909107
22 0.762270084067815
22 0.588322085733331
22 0.664978110113048
22 0.677435479133472
22 3.225709887841797
22 0.975302786406238
22 0.827510515646266
22 0.687893678120820
22 1.320067927569947
22 0.609620361640628
22 1.852011040554004
22 0.466654514965190
22 1.329063774615702
22 0.492252075724439
22 0.674140270911149
22 0.944169278133625
22 0.487410753858242
22 0.476756454352901
22 1.394824643452459
22 0.696008117054390
22 3.540590638526555
22 0.749155486778968
22 0.972450341827876
22 1.544642763564446
22 0.709612240468704
22 0.796547823918374
22 0.491256691889530
22 1.697818962819526
22 0.610195754953993
22 0.737729188427208
22 0.709268719288242
22 1.673932664627574
22 0.690295993380580
22 0.544351649404178
22 0.953030373615651
22 0.970850324682363
22 0.746339642959234
22 1.013777711764054
22 1.863487345078678
22 1.712705691311804
22 0.779342773287987
22 0.467415251736427
22 0.734345419407372
22 0.675603163501021
22 1.601455240997166
22 2.009585242988741
22 0.363901355562522
22 1.014993941725145
22 1.179903341976304
22 1.458326088521554
22 1.287013748171714
22 5.536877389823192
22 1.391899469352013
22 0.952076729291800
22 2.773835820082014
22 0.613523997318088
22 1.459298720669825
22 0.799668987523050
22 0.862448740821702
22 2.638345995748297
22 1.115637557312920
22 0.975397802468811
22 9.909728065486370
22 9.928905822244737
22 0.983254134064337
22 1.069840801063695
22 1.149626262997448
22 1.956966936424191
22 1.142157285201332
22 0.472875189964898
22 0.902649269053742
22 1.756396059184397
22 1.875827611928118
22 0.941484994562670
22 1.124756390025449
22 0.630654028686897
22 1.789520938736106
22 0.799050335053322
22 0.983183859787631
22 1.510688077945347
22 1.785386048369722
22 0.498058597620493
22 1.183791472011225
22 1.202308650294385
22 0.700026429324914
22 1.492339276552095
22 0.756396666576534
22 1.696116513729297
22 0.713951490666062
22 1.318029024389757
22 1.287758032245386
22 0.963949431245968
22 0.421647018402503
22 1.028432285560664
22 0.540579569172762
22 0.710100544622349
22 0.862673048255415
22 1.270205273546495
22 0.877488657685408
22 0.759628849646464
22 2.019093999804217
22 1.517562550768762
22 0.531569080157115
22 0.783617747689470
22 0.964200005783894
22 0.682201144022730
22 0.647208145439397
22 9.592340111387829
22 0.928395460055276
22 0.872875240559481
22 2.314582880449240
22 0.792668557644871
22 2.716677890209881
22 0.654548928123366
22 5.228504092672129
22 1.872703381790920
22 1.148950766165742
22 1.238162180279321
22 0.984417843343248
22 3.427245976985679
22 0.989526838211754
22 1.029299555319943
22 1.276533135717538
22 1.283265142449499
22 0.927705987707679
22 0.586365618179761
22 2.510852788152415
22 1.441863634927351
22 8.259814729603761
22 0.651577182337488
22 1.088285537935771
22 0.896250252072270
22 3.359486211792227
22 1.284888981060466
22 0.936328142012257
22 1.044700570683505
22 3.302796099885604
22 1.140173663980925
22 2.681877639725362
22 2.486657311230505
22 2.395999535761172
22 0.804049765123703
22 1.958939538438936
22 2.127975897859190
22 0.512430035411383
22 1.091593312770121
22 0.853694204692862
22 0.709288599668457
22 4.290456254951045
22 1.487283206084578
22 3.764586507333439
22 0.595821414423878
22 0.972690238794563
22 1.216607188531485
22 0.525375786427438
22 0.666543497823279
22 1.269078782120657
22 0.966652638699968
22 2.978706053685604
22 1.853114501029357
22 0.735463470138335
22 1.015356923247965
22 0.766865087172116
22 1.125554218609960
22 0.805398338548696
22 1.102190460794120
22 0.959914642231016
22 0.935986301561552
22 9.893298046003384
22 1.470476387341201
22 0.665284366120524
22 0.862867889425276
22 0.949249027081436
22 0.923487234294848
22 0.613987724629157
22 1.009558508984518
22 0.495763056226926
22 1.997670938968676
22 0.762804912131428
22 9.523473928380835
22 0.883139090592270
22 0.478555461574127
22 0.707576803947031
22 1.153479574919004
22 0.694522044368726
22 0.441013532805996
22 0.602919257049692
22 0.860932865065053
22 4.252350437860418
22 1.132402804408548
22 0.647294714287686
22 0.553883908432658
22 0.532780083478239
22 0.785649869119813
22 0.675541592788382
22 0.545892690283065
22 0.784069362105614
22 1.161996519318679
22 0.849207224335296
22 1.264815149690569
22 2.633183948871157
22 1.377147104448144
22 1.351045635697501
22 1.766743942260388
22 1.452174356166818
22 1.449970316906186
22 0.951691424930365
22 0.765540033324326
22 4.036775274449480
22 0.747429592464266
22 1.354101494321037
22 1.417539908242119
22 0.914896655380173
22 3.120261019018970
22 1.116917731596121
22 0.558114884002569
22 1.718105733032619
22 2.175416992355930
22 1.203563573426481
22 1.075866583650403
22 0.671221420667793
22 2.450494519676596
22 0.700830118988014
22 0.723155666324943
22 0.813823179273035
22 3.062648878555376
22 1.195681305796971
22 0.728252418755585
22 0.666000485143178
22 0.723781435153280
22 0.710189466663353
22 2.340170341851567
22 0.713742826293875
22 1.152979114531615
22 0.592859313930505
22 0.790967910783871
22 3.114339280289503
22 1.277565619875374
22 4.480268224193527
22 1.589637605795635
22 0.984975829433681
22 0.688361522883783
22 0.764620694114766
22 1.244954071488522
22 2.506126609494757
22 1.674652052584888
22 0.746622627378926
22 0.575469789635958
22 4.319658834585105
22 1.356256786278484
22 0.574042536186458
22 1.023260816997679
22 1.981545408755340
22 2.004317915770522
22 0.722433040055754
22 0.808711284699357
22 2.039428987163049
22 0.881474446491644
22 0.869256281647776
22 1.560719260904290
22 1.342951390012812
22 2.683605264888129
22 4.001169392885430
22 0.682026099157338
22 0.904686829525139
22 1.249183383942861
22 0.848107704539185
22 1.319254514530049
22 2.256716066870815
22 0.706845104086192
22 1.625660640088318
22 0.826615219528331
22 7.553105576437835
22 1.121063745403153
22 8.629209863392095
22 0.512196129447930
22 0.713348103189603
22 1.344871172235916
22 0.789598510686191
22 0.896988625566153
22 0.584978914169850
22 0.695869322289481
22 1.255459841282865
22 1.080104600631653
22 0.839781010732306
22 0.989405921910241
22 0.790752485046109
22 0.890823618705150
22 1.874476555157372
22 4.124771572466424
22 0.806117126070996
22 9.585943598025814
22 1.285223931312010
22 0.546957361882471
22 1.177303285575341
22 0.943395478581611
22 0.623180864145155
22 0.890409597008535
22 4.183501348390759
22 0.871492797045835
22 0.884471391063729
22 0.478605704885521
22 4.301993553524155
22 1.088128662244275
22 0.801870847059067
22 0.582380586489919
22 1.712406725164075
22 3.946501863345883
22 0.609391084363526
22 2.806490722851401
22 0.684170246437461
22 0.522190645397911
22 5.616991845613656
22 1.055729060250356
22 0.627101617726606
22 0.722312053747347
22 4.581548349127482
22 5.935252448673181
22 1.282343961811329
22 1.067886190326970
22 1.174119715881017
22 0.935856037845063
22 1.597000913980127
22 0.727927999760238
22 9.946988251542784
22 1.065455499919592
22 2.974079375112135
22 0.479448375316513
22 0.880946796420487
22 0.953246251105815
22 0.958115010420801
22 0.734543396945633
22 1.254394809555992
22 1.805383177299335
22 0.664073161753101
22 0.465587384475326
22 1.212837866676006
22 1.442226535836077
22 1.674999413189185
22 1.594893319436379
22 1.774723287639385
22 2.305324333376039
22 1.215180925520835
22 2.611054487783001
22 0.539984341135581
22 9.643624908301735
22 1.337509176778574
22 2.180620219592329
22 1.792524558624330
22 0.871833267587566
22 0.523911547483612
22 1.024566708858024
22 0.955574331433746
22 1.795117962239853
22 1.814792391810686
22 0.701722049774432
22 0.774760880707706
22 3.967416767513204
22 0.826263287611598
22 1.004004701713038
22 0.757638178807671
22 1.305748579019721
22 0.917202353288451
22 9.768467918082942
22 0.867947988944468
22 0.976285834708255
22 0.722784525053207
22 0.585989389798556
22 0.527909967175109
22 0.730755612665340
22 0.939262893900422
22 0.843632784397217
22 0.991420447917890
22 0.914741174010973
22 0.819311091796322
22 1.519969527033246
22 0.725351431821975
22 1.010500188801749
22 0.548274923808155
22 0.792560425957039
22 1.673902691040031
22 1.174499307003218
22 0.923795927325688
22 1.229204103226264
22 1.565285189972560
22 0.519171831964677
22 0.790882412422553
22 0.651524978078669
22 1.153320301340861
22 0.966732141722619
22 1.065692831023686
22 0.958266195467842
22 1.169526779130039
22 0.844207846804258
22 1.196175222768391
22 0.978570638985905
22 0.673509938104642
22 0.548960334209976
22 4.164637975529455
22 1.037602352030762
22 2.169483831023855
22 9.182335545824101
22 0.955574331433746
22 1.795117962239853
22 1.814792391810686
22 0.701722049774432
22 0.774760880707706
22 3.967416767513204
22 0.826263287611598
22 1.004004701713038
22 0.757638178807671
22 1.305748579019721
22 0.917202353288451
22 9.768467918082942
22 0.867947988944468
22 0.976285834708255
22 0.722784525053207
22 0.585989389798556
22 0.527909967175109
22 0.730755612665340
22 0.939262893900422
22 0.843632784397217
22 0.991420447917890
22 0.914741174010973
22 0.819311091796322
22 1.519969527033246
22 0.725351431821975
22 1.010500188801749
22 0.548274923808155
22 0.792560425957039
22 1.673902691040031
22 1.174499307003218
22 0.923795927325688
22 1.229204103226264
22 1.565285189972560
22 0.519171831964677
22 0.790882412422553
22 0.651524978078669
22 1.153320301340861
22 0.966732141722619
22 1.065692831023686
22 0.958266195467842
22 1.169526779130039
22 0.844207846804258
22 1.196175222768391
22 0.978570638985905
22 0.673509938104642
22 0.548960334209976
22 4.164637975529455
22 1.037602352030762
22 2.169483831023855
22 9.182335545824101
28 2.103243620449475
28 2.121024087525310
28 1.058943302073102
28 3.811776565135820
28 2.468927038572751
28 7.834201479693542
28 8.587650799046919
28 2.546071076315037
28 1.249978026877065
28 1.600252353098215
28 2.420804374932096
28 2.067218134286758
28 1.538134289318536
28 2.144167191491301
28 2.216807536367597
28 1.944663212683732
28 2.080615914363078
28 1.749664429675123
28 1.499402361146477
28 2.336937438515040
28 3.109079518957890
28 4.898577904811266
28 2.181176206298495
28 1.082338105544799
28 2.775617015026447
28 3.940730033102254
28 2.560538027362475
28 2.382738073914324
28 2.452547385922161
28 9.573338990096946
28 0.914031408198772
28 2.627812734863702
28 4.467721531120828
28 4.607511201787741
28 2.498457130130689
28 1.416832366603738
28 2.226523994346978
28 1.945926312312491
28 5.862180267312419
28 3.324247343477610
28 2.519463514363604
28 0.798168643060444
28 2.182704161476270
28 3.477172292340405
28 1.302415308932614
28 2.457071290430184
28 7.421187203253624
28 8.725253287302907
28 1.095156767464467
28 0.978048371421584
28 2.435605442892474
28 2.181523853942217
28 1.930640066998099
28 1.640572008638561
28 1.154675219225441
28 3.148643114032909
28 1.154660884995879
28 2.377957602880826
28 3.243373410252033
28 1.827102646811103
28 2.548815207071416
28 1.482082920922778
28 1.071364785653003
28 3.457130640242028
28 9.895193295172994
28 6.864493466251117
28 1.246701231890126
28 3.155700464011886
28 1.555726735704736
28 2.184440081713208
28 2.446281359628268
28 4.333941363664114
28 1.673445375116986
28 1.636527887803280
28 9.684895904670924
28 2.803825800107086
28 4.523146516014825
28 1.205745634737630
28 1.351891687609826
28 2.719335031205041
28 2.070730874953819
28 2.904281856105118
28 5.148162329713541
28 8.313099790273750
28 2.563871885315027
28 1.091153815443617
28 2.344604818732893
28 2.438799794644802
28 2.808738400450830
28 2.169445960798729
28 4.511035832315207
28 1.880137218268484
28 2.639480001381467
28 3.648118314050364
28 1.427183596431909
28 2.843979082503122
28 1.633973365565310
28 9.446750480912264
28 9.872040294949130
28 1.242720734789026
28 1.679731419419272
28 4.089016435805817
28 1.289542302811796
28 3.482931219980056
28 1.322865297442687
28 2.860770726010977
28 3.944263604453821
28 3.118377642362872
28 2.712837142240382
28 1.513460964594010
28 2.037382090120138
28 2.003224843685103
28 1.888370481844824
28 1.520207672762941
28 2.741430772398842
28 1.839700805134723
28 7.402357059275800
28 2.120337555012708
28 2.704233071108798
28 1.189357844530747
28 2.607529568327561
28 3.834800946782140
28 2.542153743242578
28 2.008507296116844
28 9.870506233052311
28 3.253653913484759
28 2.400104341813293
28 4.102122943422097
28 1.602861426024606
28 1.313958892615572
28 1.739094919999728
28 6.152913293934666
28 1.234329974300039
28 4.693758632530005
28 9.612997390113119
28 1.586460582493101
28 2.087770189068033
28 1.028389663515347
28 2.964348110166629
28 2.819154389139992
28 1.761071060810004
28 2.670443737083318
28 2.262192429502063
28 9.646447218420040
28 9.674374884085813
28 2.043620264822358
28 1.302783571918510
28 4.222369696294241
28 2.838227983047062
28 2.281073791460014
28 1.679731419419272
28 4.089016435805817
28 1.289542302811796
28 3.482931219980056
28 1.322865297442687
28 2.860770726010977
28 3.944263604453821
28 3.118377642362872
28 2.712837142240382
28 1.513460964594010
28 2.037382090120138
28 2.003224843685103
28 1.888370481844824
28 1.520207672762941
28 2.741430772398842
28 1.839700805134723
28 7.402357059275800
28 2.120337555012708
28 2.704233071108798
28 1.189357844530747
28 2.607529568327561
28 3.834800946782140
28 2.542153743242578
28 2.008507296116844
28 9.870506233052311
28 3.253653913484759
28 2.400104341813293
28 4.102122943422097
28 1.602861426024606
28 1.313958892615572
28 1.739094919999728
28 6.152913293934666
28 1.234329974300039
28 4.693758632530005
28 9.612997390113119
28 1.586460582493101
28 2.087770189068033
28 1.028389663515347
28 2.964348110166629
28 2.819154389139992
28 1.761071060810004
28 2.670443737083318
28 2.262192429502063
28 9.646447218420040
28 9.674374884085813
28 2.043620264822358
28 1.302783571918510
28 4.222369696294241
28 2.838227983047062
28 2.281073791460014
28 1.516869793701857
28 1.335261479440030
28 1.638889698598992
28 2.102453358455828
28 1.473304590732448
28 1.252979710634993
28 2.243371253413984
28 2.057924516832927
28 1.961806331240556
28 6.118752647199740
28 2.898815024927358
28 1.787258627018494
28 1.692141317842914
28 9.512625576017209
28 2.437430060018832
28 1.679901970722116
28 6.747468978184354
28 1.263999725763710
28 2.531068700756545
28 2.447368761955751
28 2.459476885840985
28 1.897513119864219
28 1.972231818709285
28 1.630332115317544
28 2.707475783095600
28 0.842835029020139
28 1.602157202160044
28 1.953608235056870
28 2.568525183841023
28 1.144591717659007
28 8.511717726344568
28 1.162011104500170
28 2.426682148574538
28 2.365629792433474
28 1.701673327791214
28 2.675475766632935
28 2.336683382186735
28 1.722281304656182
28 3.227641016360431
28 1.745007504144166
28 3.280333304574974
28 1.848082281429240
28 6.340686394651788
28 1.729050710012856
28 1.292682271366229
28 0.781522927762626
28 2.212672784624067
28 1.819973569926486
28 0.843262058336162
28 1.185729286188288
28 1.253641144981112
28 1.647648342928445
28 1.768676667301474
28 1.819020733503400
28 2.328568127607032
28 3.042543208776188
28 4.040712617930276
28 2.500837314838729
28 3.105481869069370
28 4.398957933575209
28 0.935271247047760
28 2.096623946864868
28 3.085216319982741
28 9.101339952348587
28 2.112479526323570
28 3.781064865378956
28 1.317926909663207
28 3.329303651622668
28 0.844014847166418
28 3.371774272215370
28 2.598561357646557
28 1.762455662075700
28 1.227386398011119
28 1.437993347315660
28 5.076095166822914
28 1.922159150090969
28 1.427603291924394
28 5.106661459995160
28 1.921849950888676
28 2.171419356686146
28 1.517732121755392
28 2.945039553634616
28 2.100856638687336
28 1.484051032398082
28 3.221004186983019
28 1.761458524323914
28 2.670433911249281
28 1.654589267152396
28 1.765594864402165
28 1.085998826493767
28 1.351770662905356
28 2.294020837312136
28 1.750407086522662
28 2.371479390864280
28 2.136410262723813
28 0.885746656342222
28 5.133922108010436
28 1.116501584120293
28 1.618372800527514
28 2.680136388308210
28 3.804148553775194
28 9.755390260438727
28 1.926282817146185
28 3.736221054580388
28 1.842199663714260
28 1.151602385835603
28 3.046810138866450
28 3.355422538821293
28 2.198966686686498
28 9.660927160170248
28 1.264417297069499
28 1.394045124250751
28 1.023085106382883
28 0.883475981339675
28 2.252880360347485
28 2.824968606380014
28 1.377099574766197
28 0.884198900650639
28 2.314688583514537
28 2.393211002869145
28 6.006673096769044
28 9.670503667213163
28 3.684569379387537
28 1.799092391696772
28 2.947473926386183
28 1.080887331045459
28 3.689878637793979
28 3.172726447978762
28 5.066374550859618
28 2.758843162236331
28 1.432780489202193
28 3.717510956296832
28 2.920252314777505
28 2.321899244630315
28 3.182457168891867
28 3.177042051183411
28 2.769720299549439
28 0.804665814113535
28 2.506619582270293
28 3.293310710803564
28 9.800916317813696
28 2.216551756320352
28 2.300714381046165
28 3.595137020112757
28 2.613511235014214
28 3.145761214568044
28 1.585164925966537
28 2.913056644540861
28 1.865028127699150
28 1.619326324732683
28 1.253641144981112
28 1.647648342928445
28 1.768676667301474
28 1.819020733503400
28 2.328568127607032
28 3.042543208776188
28 4.040712617930276
28 2.500837314838729
28 3.105481869069370
28 4.398957933575209
28 0.935271247047760
28 2.096623946864868
28 3.085216319982741
28 9.101339952348587
28 2.112479526323570
28 3.781064865378956
28 1.317926909663207
28 3.329303651622668
28 0.844014847166418
28 3.371774272215370
28 2.598561357646557
28 1.762455662075700
28 1.227386398011119
28 1.437993347315660
28 5.076095166822914
28 1.922159150090969
28 1.427603291924394
28 5.106661459995160
28 1.921849950888676
28 2.171419356686146
28 1.517732121755392
28 2.945039553634616
28 2.100856638687336
28 1.484051032398082
28 3.221004186983019
28 1.761458524323914
28 2.670433911249281
28 1.654589267152396
28 1.765594864402165
28 1.085998826493767
28 1.351770662905356
28 2.294020837312136
28 1.750407086522662
28 2.371479390864280
28 2.136410262723813
28 0.885746656342222
28 5.133922108010436
28 1.116501584120293
28 1.618372800527514
28 2.680136388308210
34 4.335795005330808
34 4.777053346233108
34 3.940888433216918
34 3.698466296372639
34 6.110736678302216
34 3.966552651295810
34 4.466453666869858
34 3.407326199276883
34 3.512816722135414
34 9.770792507470381
34 2.395682009857339
34 4.924443746585906
34 8.315374093897923
34 5.412855151085370
34 4.389898560170105
34 3.490353782638558
34 5.607485282575954
34 9.567955255677802
34 3.988709505720897
34 4.188326516508305
34 5.922505958740465
34 4.866720991998977
34 4.384611415515026
34 5.482217985162461
34 2.138479623925613
34 9.687823480072883
34 1.773858677810970
34 6.578214114708697
34 1.828060923359738
34 8.011929940964990
34 3.202700859769949
34 1.982389966820151
34 1.938733966349725
34 2.074899012566330
34 9.541743499432481
34 2.016504250883513
34 4.670322699857238
34 6.003122946721014
34 3.604272956495392
34 3.297809881636124
34 9.877138411908458
34 4.173089256757217
34 6.027887447665361
34 2.278418214857438
34 5.983208571060542
34 5.840214635425782
34 4.305134840807618
34 3.399518814535530
34 2.066689227332528
34 2.873848883980248
34 4.335795005330808
34 4.777053346233108
34 3.940888433216918
34 3.698466296372639
34 6.110736678302216
34 3.966552651295810
34 4.466453666869858
34 3.407326199276883
34 3.512816722135414
34 9.770792507470381
34 2.395682009857339
34 4.924443746585906
34 8.315374093897923
34 5.412855151085370
34 4.389898560170105
34 3.490353782638558
34 5.607485282575954
34 9.567955255677802
34 3.988709505720897
34 4.188326516508305
34 5.922505958740465
34 4.866720991998977
34 4.384611415515026
34 5.482217985162461
34 2.138479623925613
34 9.687823480072883
34 1.773858677810970
34 6.578214114708697
34 1.828060923359738
34 8.011929940964990
34 3.202700859769949
34 1.982389966820151
34 1.938733966349725
34 2.074899012566330
34 9.541743499432481
34 2.016504250883513
34 4.670322699857238
34 6.003122946721014
34 3.604272956495392
34 3.297809881636124
34 9.877138411908458
34 4.173089256757217
34 6.027887447665361
34 2.278418214857438
34 5.983208571060542
34 5.840214635425782
34 4.305134840807618
34 3.399518814535530
34 2.066689227332528
34 2.873848883980248
34 4.727979250393445
34 7.355224648867377
34 8.581798992762703
34 5.151615348111299
34 4.097637639063274
34 3.148299037495062
34 4.225879817223955
34 7.743893573080496
34 2.297190435196343
34 4.016562845712341
34 3.760524710405912
34 2.437475360425243
34 9.712501713719593
34 4.284492211826088
34 2.966519932600586
34 3.023960615319878
34 3.405720624316794
34 9.780837008639237
34 3.925233391419842
34 1.965735882325459
34 5.166151782511857
34 5.966750120294526
34 6.674571755501367
34 4.498150017768057
34 3.602099349548316
34 3.600715427564345
34 6.828767402286974
34 2.581805501452996
34 1.805038372565343
34 6.134232454912453
34 3.622535616377791
34 3.946897426786139
34 2.183205934435154
34 2.687588618673352
34 2.686291012508986
34 3.587159800837518
34 4.864693412489900
34 7.210977606563300
34 6.916721784087938
34 3.356325027887006
34 3.622553262019787
34 4.460914428784944
34 9.615812697246898
34 4.118056530284887
34 2.996853961936762
34 7.465670988118987
34 4.458662185029976
34 2.271306202195162
34 8.510166697967108
34 3.560037054139199
34 4.335795005330808
34 4.777053346233108
34 3.940888433216918
34 3.698466296372639
34 6.110736678302216
34 3.966552651295810
34 4.466453666869858
34 3.407326199276883
34 3.512816722135414
34 9.770792507470381
34 2.395682009857339
34 4.924443746585906
34 8.315374093897923
34 5.412855151085370
34 4.389898560170105
34 3.490353782638558
34 5.607485282575954
34 9.567955255677802
34 3.988709505720897
34 4.188326516508305
34 5.922505958740465
34 4.866720991998977
34 4.384611415515026
34 5.482217985162461
34 2.138479623925613
34 9.687823480072883
34 1.773858677810970
34 6.578214114708697
34 1.828060923359738
34 8.011929940964990
34 3.202700859769949
34 1.982389966820151
34 1.938733966349725
34 2.074899012566330
34 9.541743499432481
34 2.016504250883513
34 4.670322699857238
34 6.003122946721014
34 3.604272956495392
34 3.297809881636124
34 9.877138411908458
34 4.173089256757217
34 6.027887447665361
34 2.278418214857438
34 5.983208571060542
34 5.840214635425782
34 4.305134840807618
34 3.399518814535530
34 2.066689227332528
34 2.873848883980248
34 2.694034966471010
34 1.590875057654227
34 9.797257132843864
34 2.441012039234351
34 2.718700314456239
34 8.417950188951739
34 5.546219389653301
34 3.602872601555347
34 6.207806031689866
34 2.914471623758826
34 3.040153656139917
34 7.423773222344642
34 3.617316843956230
34 2.602586619325061
34 4.348659586008730
34 4.288349317082361
34 9.679394213909790
34 6.921206184152135
34 2.222554830627194
34 2.648390637578713
34 3.353306779057481
34 3.655051610443384
34 2.535560898795310
34 1.640512347747454
34 9.181732234852849
34 3.841176510393197
34 2.133508656403921
34 5.280699525505617
34 6.837859704290242
34 6.245866898539322
34 1.944345510230358
34 2.751455964495695
34 2.843919215500764
34 3.447160160864957
34 2.442267360403974
34 7.027688827457698
34 3.031986373737795
34 9.616532053303892
34 8.039823901007701
34 6.251983878355601
34 4.991003855243076
34 9.578061614788453
34 6.443195417887900
34 4.166238559037083
34 2.976034028900695
34 5.499243271330989
34 5.822087135517364
34 4.434176342527602
34 3.870786945614806
34 8.500808837388863
34 3.197196077808193
34 9.245424252429959
34 2.710491462682748
34 3.299749706629616
34 2.889998746977329
34 7.925999528789802
34 3.021021697464131
34 4.256654617702146
34 5.560101761727905
34 5.423955215085337
34 2.533491063571656
34 9.833982098702020
34 9.463378740964185
34 3.962907017989581
34 7.257379234898744
34 2.890614344038034
34 9.791596331403124
34 2.692479043295074
34 3.222813231077629
34 3.610362149837150
34 2.359622420567115
34 4.446171200076283
34 2.391559845585864
34 4.201124508613804
34 5.420540378201066
34 3.955864358027926
34 9.614255440211743
34 4.648945718993334
34 5.782967534693147
34 3.531135727120140
34 3.569512049098674
34 6.344062455412291
34 4.303522055358082
34 9.803092306664450
34 5.589957354279377
34 4.228277868509986
34 4.144793623370978
34 3.209705438463148
34 2.173491718826040
34 9.925418374777065
34 9.702296839155885
34 3.514556874288225
34 4.347862418184119
34 3.882866879179798
34 2.710381120618712
34 5.490803960078831
34 1.525308298142757
34 2.159193741125669
34 2.897099373749647
34 2.265407456335417
34 4.097974363634455
34 4.427612345105380
34 5.314171198092260
34 3.827252734228800
34 6.715250486954370
34 4.912754312159078
34 3.904528430708396
34 3.749440809771410
34 4.426003893634000
34 6.081161842064700
34 2.553573047649340
34 1.975412710931081
34 2.778769954996219
34 7.859652902882115
34 3.373030443533154
34 3.808563553703080
34 5.259839838620373
34 3.193754580857123
34 3.730287575649379
34 3.384621892498355
34 2.414982807144217
34 6.913142589850307
34 3.299705376585985
34 2.392466142525590
34 9.458904692868458
34 4.990860154438625
34 3.546726605676691
34 9.576832755924325
34 2.419416697015910
34 3.369030351895661
34 6.488181378417945
34 2.632770639743653
34 2.312241553682038
34 4.116963242663859
34 9.665025215460782
34 3.443720084358964
34 2.457941677562457
34 4.941058506800790
34 3.937239463594490
34 2.546837427254376
34 1.706550534745564
34 4.759845334846758
34 2.171342296517362
34 9.812838131120809
34 2.459957840607111
34 6.903514961204353
34 3.733061289505001
34 9.887094016047714
34 6.135660341216054
34 3.635241077847880
34 4.097974363634455
34 4.427612345105380
34 5.314171198092260
34 3.827252734228800
34 6.715250486954370
34 4.912754312159078
34 3.904528430708396
34 3.749440809771410
34 4.426003893634000
34 6.081161842064700
34 2.553573047649340
34 1.975412710931081
34 2.778769954996219
34 7.859652902882115
34 3.373030443533154
34 3.808563553703080
34 5.259839838620373
34 3.193754580857123
34 3.730287575649379
34 3.384621892498355
34 2.414982807144217
34 6.913142589850307
34 3.299705376585985
34 2.392466142525590
34 9.458904692868458
34 4.990860154438625
34 3.546726605676691
34 9.576832755924325
34 2.419416697015910
34 3.369030351895661
34 6.488181378417945
34 2.632770639743653
34 2.312241553682038
34 4.116963242663859
34 9.665025215460782
34 3.443720084358964
34 2.457941677562457
34 4.941058506800790
34 3.937239463594490
34 2.546837427254376
34 1.706550534745564
34 4.759845334846758
34 2.171342296517362
34 9.812838131120809
34 2.459957840607111
34 6.903514961204353
34 3.733061289505001
34 9.887094016047714
34 6.135660341216054
34 3.635241077847880
34 4.097974363634455
34 4.427612345105380
34 5.314171198092260
34 3.827252734228800
34 6.715250486954370
34 4.912754312159078
34 3.904528430708396
34 3.749440809771410
34 4.426003893634000
34 6.081161842064700
34 2.553573047649340
34 1.975412710931081
34 2.778769954996219
34 7.859652902882115
34 3.373030443533154
34 3.808563553703080
34 5.259839838620373
34 3.193754580857123
34 3.730287575649379
34 3.384621892498355
34 2.414982807144217
34 6.913142589850307
34 3.299705376585985
34 2.392466142525590
34 9.458904692868458
34 4.990860154438625
34 3.546726605676691
34 9.576832755924325
34 2.419416697015910
34 3.369030351895661
34 6.488181378417945
34 2.632770639743653
34 2.312241553682038
34 4.116963242663859
34 9.665025215460782
34 3.443720084358964
34 2.457941677562457
34 4.941058506800790
34 3.937239463594490
34 2.546837427254376
34 1.706550534745564
34 4.759845334846758
34 2.171342296517362
34 9.812838131120809
34 2.459957840607111
34 6.903514961204353
34 3.733061289505001
34 9.887094016047714
34 6.135660341216054
34 3.635241077847880
34 3.582430639473124
34 6.333143759206644
34 4.605832191729552
34 5.291939145774678
34 1.713131315343210
34 5.188041077000192
34 6.971969705876715
34 5.171008305617774
34 9.535372008208723
34 4.687817260033492
34 9.500294012372683
34 1.471640817955719
34 3.979100088489339
34 1.397003269662617
34 2.198226629061896
34 5.059639106981415
34 9.201905551727378
34 5.464539993427520
34 3.044114411575728
34 4.426747962302688
34 4.211202664550473
34 4.411635319447581
34 3.440229231602300
34 3.056219018314201
34 9.877326770402679
34 2.336629514419531
34 5.735452624056960
34 2.136590050983838
34 6.422734993359189
34 9.859403422993438
34 5.136180509952567
34 5.693946225082905
34 8.767622334896890
34 3.404828260113256
34 6.831172059934225
34 2.661904149109290
34 3.494724345728587
34 3.200423529594119
34 9.743358257493810
34 4.816181322536082
34 5.827465420813780
34 8.822865744829823
34 2.232518046223587
34 2.567302223210307
34 3.242099084368442
34 9.701690107025225
34 1.565715379276792
34 3.112417154270214
34 5.222032441997149
34 2.557443141393389
