10 0.065106001886192
10 0.087974628821264
10 0.037504398425385
10 0.239424720864277
10 0.138599805495343
10 0.063533354201505
10 0.683194861391718
10 0.058983411422990
10 0.033577015825574
10 4.792516851802336
10 0.078586883997052
10 0.157139017962286
10 0.040211926032090
10 0.033740209201157
10 0.039865402146720
10 0.082356649017183
10 0.058869139449044
10 0.037285222799404
10 0.075783720903004
10 0.096030849341405
10 0.105026684195951
10 0.048668651824116
10 0.079333173937989
10 0.026478514296523
10 0.231116432141347
10 0.120264139396599
10 0.123717546849906
10 0.140221105882361
10 0.049055333348736
10 0.033093305084441
10 0.073319078199841
10 0.098856248807236
10 0.078051899036031
10 0.062854433775087
10 0.092095060275975
10 0.039968745118418
10 0.061201243830058
10 0.054992899093584
10 0.086334276519112
10 0.113446436806414
10 0.059619296509319
10 0.041521275985536
10 0.029553850828896
10 0.066118485194978
10 0.065883612179372
10 0.137783593127564
10 0.070626353612854
10 0.026211748889928
10 3.690049565590780
10 0.119161682164837
10 0.058919220673677
10 0.158919296141302
10 0.074322154520281
10 0.057647972644043
10 0.045225003006274
10 0.049915089725832
10 0.079682529645123
10 0.050714547885828
10 0.071537383653727
10 0.044722456395697
10 0.029368862185185
10 0.049627469507607
10 0.071216764622688
10 0.089106187610072
10 0.085293032392202
10 0.040234581907681
10 0.091009711734513
10 0.109168214551318
10 1.345308918466757
10 0.046479990887397
10 0.035088417664566
10 0.077907838604731
10 0.038844342530106
10 0.038181312190464
10 0.085785153256623
10 0.112966974932691
10 0.027051349982014
10 0.035297165471273
10 0.056876795879817
10 0.038433067632528
10 0.237307476482253
10 0.073012616111023
10 0.083770750295926
10 0.071486291062616
10 0.049254660541306
10 0.049563456764517
10 0.074117837624658
10 0.073212230159514
10 0.149033847277935
10 0.024280908322974
10 0.090578165745598
10 0.135039749386606
10 0.043485013724142
10 0.045805600117747
10 0.042779483815093
10 0.040731698729664
10 0.054750228613995
10 0.041042758952656
10 0.057829149483567
10 0.173269890353874
10 0.051730154661362
10 0.060218521791106
10 0.067561202364910
10 0.067984648795419
10 0.062762246183159
10 0.175180170953378
10 0.053034531156703
10 0.120201896718432
10 0.057700611555050
10 0.034009825238953
10 0.068052080391691
10 0.093027582955378
10 0.149745856586264
10 0.089090335377483
10 0.111164599867778
10 0.047110387536290
10 0.097236129614610
10 0.045522669650585
10 0.064682577101678
10 0.061775209087427
10 0.068599383872396
10 0.583319743220384
10 0.123003070218510
10 0.065016551360571
10 0.111019215715782
10 0.089571693043378
10 1.010657912818831
10 0.086902831342102
10 0.052856668659414
10 0.060614191229450
10 0.046264406844997
10 0.058370091882102
10 0.074216292223726
10 0.083461574280088
10 0.068259391657788
10 0.050617236235740
10 0.044887320234865
10 0.048443229631197
10 0.062269879593805
10 0.069940110658701
10 0.079673244544745
10 0.037925964706823
10 0.118868933334160
10 0.070598409233593
10 0.036512455723971
10 0.086113858769895
10 0.056007853162840
10 0.125728672489260
10 0.042022933837395
10 0.042687685923513
10 0.051178730942342
10 0.034798184529346
10 0.098794846382267
10 0.070701476602088
10 0.038998306192295
10 0.054139500959951
10 0.123212450764982
10 0.122811925549775
10 0.191850389870005
10 0.094976310285460
10 0.047692192870354
10 0.225583669523026
10 0.067465306430656
10 0.104748609526603
10 0.128024151132239
10 0.079600583446839
10 0.058983407714875
10 0.034942610115249
10 0.102882747184174
10 0.066928917279750
10 0.038154510068455
10 0.049377417873786
10 0.091376771807772
10 0.055663640621555
10 0.053894755063064
10 0.059585055320997
10 0.054379820729952
10 0.036578622092566
10 0.308905172344721
10 0.028365391933832
10 0.067446185964366
10 0.088925439164240
10 0.150884202490552
10 0.204920878404597
10 0.045685721189966
10 0.032536697965730
10 1.731924337745923
10 0.043555000433684
10 0.045235268354270
10 0.096188414853858
10 0.058957702258477
10 0.091675465379919
10 0.049688886431399
10 0.304405373313886
10 0.045924680793499
10 0.103295538795041
10 0.028709060329013
10 0.092616236093433
10 0.055167430475854
10 0.083465471145187
10 0.310222002832954
10 0.286022427750769
10 0.075754431982615
10 0.238049416789581
10 0.016867610610370
10 0.043002478339882
10 0.049928382830132
10 0.018213140440098
10 0.110407883604872
10 0.040408722117333
10 0.038452820777219
10 0.058298749437888
10 0.050725590864037
10 0.151670370000136
10 0.172603025629914
10 0.071414913143037
10 0.039817622495014
10 0.035557664349369
10 0.050444445333069
10 2.380564824516338
10 0.259117629358449
10 0.144429237151251
10 0.111394642448985
10 0.052467534974999
10 0.072545611188890
10 0.070310706657373
10 0.062456790961748
10 0.157504564245251
10 0.027348834780724
10 0.141935664187355
10 0.033341804704242
10 0.084112528769579
10 0.170396752075603
10 0.031005318617916
10 0.072193249920449
10 0.049857624301643
10 0.058941694557318
10 0.043036312273546
10 0.108323643912822
10 0.087831314569491
10 0.049763073770955
10 0.095907182228406
10 0.142146758870958
10 0.283769432126818
10 0.068001143113312
10 0.104724191907048
10 0.041191300420506
10 0.033226313723698
10 0.035799924815610
10 0.118038675495248
10 0.096143987792261
10 0.056003426992389
10 0.100679471222072
10 0.040620445278762
10 0.064685875603051
10 0.040175272839858
10 0.050606959189646
10 0.098911868108012
10 0.059612682965452
10 0.135280729743744
10 0.039134196713266
10 0.090963276700008
10 0.140808909847762
10 0.100282367750107
10 0.036359261326518
10 0.101865599259925
10 0.033013167215497
10 0.046860882252641
10 0.056233293440220
10 0.079099155647969
10 0.045790673433169
10 0.092135977889194
10 0.055129341513445
10 0.041907557749039
10 0.200329074407426
10 0.109090136266556
10 0.100151325490467
10 0.063806217779566
10 0.068742538888737
10 0.048983350840419
10 0.133199894441553
10 0.098574494538147
10 0.032647421494810
10 0.059434816663194
10 0.769709901997905
10 0.113312918933916
10 0.041386539279064
10 0.093184738738089
10 0.148079751295878
10 0.099503485071462
10 0.098509740261873
10 0.053008907700266
10 0.094966877718083
10 0.109680258648774
10 0.047019020304212
10 0.094179952401296
10 0.057277098764769
10 0.326323421152544
10 0.064524853893631
10 0.078645543026551
10 0.073964412554937
10 0.112685691850851
10 0.082723439864292
10 0.058876790576802
10 1.032717264888896
10 0.082229156887025
10 0.084092944838766
10 0.104779858393650
10 0.159171695128498
10 0.107889597860476
10 0.070223630076127
10 0.074682342343729
10 0.071052430301718
10 0.060539698348198
10 0.105139513065128
10 0.043317390323389
10 0.052992540004212
10 0.038584580867400
10 0.317758732501108
10 0.060417252180465
10 0.155175279302203
10 0.070233340106276
10 0.103408691325204
10 0.078217272560253
10 0.046719312503578
10 0.064357916431907
10 0.177689601908702
10 0.023843508345710
10 0.105059021418395
10 0.051404279692977
10 0.032198171043857
10 0.044422203886663
10 0.056640250453038
10 0.065882826166241
10 0.179067825841921
10 0.434794668874416
10 0.091996428343776
10 0.060546905910882
10 0.047992641628737
10 0.116348172151090
10 0.131910547930006
10 0.067313375561525
10 0.043218054484846
10 0.093702515519066
10 0.136484408484781
10 0.060046995256769
10 0.047021302379849
10 0.092293579513719
10 0.060976277865188
10 0.024937177290205
10 0.054729426072244
10 0.043881219989920
10 0.093461566243837
10 0.113430264210062
10 0.089619992226797
10 0.036641315108999
10 0.076196233309181
10 0.050695800617828
10 0.070323016152378
10 0.025224183570884
10 0.078150049298169
10 0.046703402461611
10 0.029936907519192
10 0.141815950431619
10 0.045741812276353
10 0.036022376957126
10 0.078293948848916
10 0.074862858529043
10 0.071393615309727
10 2.714809137853877
10 0.155285525216384
10 0.048185137075182
10 0.055266881954670
10 0.040433595424713
10 0.065803387635208
10 0.096614915688587
10 0.037015546330658
10 0.027323195204503
10 0.045531822702570
10 0.070447434131525
10 0.080953971049757
10 0.041223151358699
10 0.057817455537785
10 0.050725028389339
10 0.137313915577129
10 0.169981481605291
10 0.050914658372789
10 0.041481956472821
10 0.157460272654771
10 0.058177340070100
10 0.060385892717330
10 0.123225844902007
10 0.776074542022363
10 0.080256022001818
10 0.063390544958391
10 0.119557285148399
10 0.094749161846923
10 0.062039144378918
10 0.074077957565198
10 0.093677435934329
10 0.114098508994076
10 0.100215134953713
10 0.041365628177378
10 0.057972890813503
10 0.048687810446603
10 0.086829098095228
10 0.079513429307730
10 0.050226976211702
10 0.357146906652106
10 0.616967314704382
10 0.035528068599123
10 0.073824702355672
10 0.104919929845477
10 0.023124007869847
10 0.089427608153319
10 0.071624113215902
10 0.054445509242266
10 0.034975424085141
10 0.052964872213574
10 0.064795585532689
10 0.107749065706328
10 0.063475216501198
10 0.074729470165588
10 0.099154380756898
10 0.059259348404857
10 1.096858470679267
10 0.093175189379964
10 0.100102151166335
10 0.436720949963745
10 0.079199990665678
10 0.048731341683154
10 0.040202151631392
10 0.062355667024443
10 0.053217068364261
10 0.082921572494853
10 0.076086019059277
10 0.042045929327766
10 0.052962773602040
10 0.046992359318151
10 0.070138208801912
10 0.047403201183402
10 0.058761615879066
10 0.060012390156194
10 0.076436567904182
10 0.059520765468616
10 0.057035881527210
10 0.032571697683034
10 0.148153312368885
10 0.102183478705801
10 3.113618475485929
10 0.055081145141592
10 0.104158578128438
10 0.114744420689538
10 0.041409437333973
10 0.050281390784646
10 0.064667913230894
10 1.410280348552447
10 0.075360355359855
10 0.132727630670497
10 0.214734765972134
10 0.277594890208531
10 0.034489546791640
10 0.052375771840051
10 0.855097188108256
10 0.065750482538990
10 0.074050730833095
10 0.052155851912567
10 0.127127529590638
10 0.039779549245369
10 0.073493125497412
10 0.069473818309389
10 0.167981712794324
10 0.108935608764209
10 0.057824199557121
10 0.100440930123479
10 0.057487946108093
10 0.072062042636792
10 0.066372456425157
10 0.104870272979429
10 0.021459196186379
10 0.042723311741692
10 0.061393607901690
10 0.064239789400772
10 0.050462050254179
10 0.130215387991361
10 0.042154590845550
10 0.096988376824828
10 0.057140861881888
10 0.026442573427391
10 0.059573770673744
10 0.046617654432031
10 0.074513448644236
10 1.639966962412439
10 0.055018509109961
10 0.129747694560575
10 0.116287591739100
16 0.706340691970167
16 0.305941798711292
16 0.439496322286796
16 0.354151023248373
16 0.232577842994091
16 0.561686242433279
16 1.247753613999327
16 0.705679376507158
16 0.345962041334938
16 0.230983421040605
16 0.293987722976826
16 0.442006539288337
16 0.215366943205113
16 0.254371158103988
16 0.193837473133373
16 0.367483316712249
16 0.954242719567577
16 0.462331123495528
16 0.588378921246409
16 0.243003230810932
16 0.369984480257083
16 0.415716067018750
16 0.408313321268205
16 0.311790668337236
16 0.688243167366916
16 0.257425181496486
16 0.534680286781724
16 0.484548106907507
16 1.015891535883821
16 0.352687885855683
16 2.873143827475198
16 0.442416404038972
16 0.326468007202023
16 0.465516127251679
16 0.700004661418578
16 0.657273512341325
16 0.637346396997978
16 0.538069914477854
16 0.672055174544197
16 0.675537554986930
16 0.503259498162183
16 0.371441693850122
16 0.418606041099294
16 0.153107670451806
16 0.499782590103615
16 0.314686893982639
16 0.233341220531192
16 0.216848663992673
16 0.238519242788056
16 0.273332548232223
16 1.052789151002772
16 0.376553189739807
16 9.332284747362266
16 0.226401665395112
16 0.380971591939351
16 0.380215297549415
16 0.620093558755173
16 0.185873440195513
16 0.416158808247512
16 0.184851027739071
16 0.332396064397121
16 0.626547790748695
16 0.403711496539636
16 0.158243615154716
16 0.217574351720340
16 0.252978981394302
16 0.537072690044848
16 0.405137314656514
16 0.375933599929164
16 0.897058640096948
16 0.412378294147413
16 0.642473927547923
16 0.366247969225196
16 0.434988192499641
16 0.348059052740951
16 0.283000711571655
16 9.520922391651386
16 0.207657445604812
16 0.521589818904240
16 0.311164574259262
16 0.323054080991648
16 0.349301261234435
16 0.468136206183762
16 0.391169913449547
16 0.681673454981335
16 0.347380258201792
16 0.424010029279390
16 0.294720882328385
16 0.475861918226715
16 0.403559363578573
16 0.196012362464820
16 0.494386948673153
16 0.286625415120009
16 0.330473818234791
16 0.416468055716997
16 0.176057840334821
16 0.619644446925691
16 0.340812032240422
16 0.723747182688601
16 0.456695640733011
16 0.206900908344990
16 0.292138338826526
16 0.332302839688275
16 0.679332838895069
16 0.360542743206685
16 0.287834497280562
16 0.185832468399004
16 0.397966203136142
16 0.756353769056772
16 0.259339964535143
16 0.145078024726599
16 5.402521936063373
16 0.355854428224617
16 0.362154845761988
16 0.479709886701859
16 0.846979067928274
16 0.276328663227691
16 0.348266783257905
16 0.336647382789821
16 1.313910503409186
16 0.264782826847434
16 0.434570244567250
16 0.269690748405627
16 0.341582032393263
16 0.258924492702127
16 0.335987500140527
16 0.176208155881681
16 0.341677641270773
16 0.144780025648973
16 0.195865140612498
16 0.181243702981974
16 0.368305457385406
16 0.262757922225637
16 0.433358412857914
16 0.253938050787439
16 0.463706134185240
16 0.360585468696121
16 0.197752931588312
16 0.232527430457312
16 0.778439418611574
16 0.384738443457323
16 0.430718288695733
16 0.179909598536589
16 0.219104937772325
16 0.293001541355759
16 0.601807422910835
16 0.144760433789114
16 0.255752663008717
16 0.344497834849675
16 0.473457570290875
16 0.291370508161917
16 0.246447422030467
16 0.690537246335775
16 0.240363080411573
16 0.551638127463012
16 0.299310053504260
16 0.545020880472832
16 0.331200986043251
16 0.398823422687864
16 0.538828197594886
16 0.308661673613556
16 0.211225498668738
16 0.349829518359288
16 1.336398576452280
16 0.404307665475893
16 0.521650390430012
16 0.511373731967860
16 0.340875543101065
16 0.242817193063109
16 0.334088618446595
16 0.234208195540646
16 0.426870342533653
16 0.278138934286674
16 0.387406783019027
16 0.234114850685197
16 0.409527450403508
16 0.756995414627329
16 0.182976571230507
16 0.402557946415509
16 0.323216011114186
16 0.394201671187742
16 0.320777454698137
16 0.458880156302164
16 0.715579570755660
16 0.211566192464049
16 0.300131900346463
16 0.339334343890727
16 0.392600525223378
16 0.757536244565891
16 0.253273123980265
16 0.390182257995717
16 0.594104820673769
16 0.209361486295496
16 0.328659785029107
16 0.383773662062901
16 0.726278963128245
16 0.257919058081222
16 0.558756521128026
16 0.584343351854618
16 0.289116303845080
16 0.336745578433499
16 0.187612905585788
16 0.278383593622255
16 0.233634650508679
16 0.578154336253045
16 1.401840464614633
16 0.659664646939002
16 0.731416354034670
16 0.223677738024545
16 0.230329741526940
16 0.336794195134874
16 0.220270928698947
16 0.268046284736278
16 4.454490959468327
16 0.346494638757658
16 0.466743982925736
16 0.243385376790342
16 0.228946712242861
16 0.392784768410795
16 0.678202080072304
16 0.212860636973080
16 0.239519122883300
16 0.450983784287540
16 0.341650440865800
16 0.375837230248054
16 0.225291183216849
16 0.420403170008256
16 0.289992594825817
16 0.369492006567545
16 0.506356600504293
16 0.437517937027446
16 0.223214693469044
16 0.299949799783521
16 0.203973969324606
16 0.729258881119154
16 0.268137568142480
16 0.437755246433950
16 0.316328242804321
16 0.256864091157931
16 0.501082281081300
16 0.533699695112392
16 0.329079213152385
16 0.329708796853216
16 5.982320927226446
16 0.507386736022897
16 0.150735605815703
16 0.160346613595479
16 0.729294169942419
16 0.332665079840985
16 0.377268613350466
16 0.223004296883336
16 0.336287738967286
16 0.201379845497712
16 0.451527756623040
16 0.261981620787746
16 0.712573523803966
16 0.655462169861556
16 0.237532747899744
16 0.717796894322739
16 2.455048165465548
16 0.216920516675810
16 0.194484959440950
16 0.168383597503110
16 0.475286426934368
16 0.237373222727482
16 5.990327758190319
16 1.959898998058648
16 0.369122576436355
16 0.413176982213052
16 0.426634250506275
16 2.218166775209166
16 0.242111028487623
16 0.431793516660314
16 0.277894443661932
16 0.629120160950590
16 0.304817629775093
16 1.677463619890239
16 0.346587677710910
16 0.375160317182270
16 0.530243947271916
16 0.211552761504763
16 0.400382481461420
16 0.173205420919141
16 0.212372618534647
16 0.830427191369158
16 0.270891952248426
16 0.320968507226788
16 1.988782038006455
16 0.603692535251323
16 1.024208283616623
16 0.253627227483364
16 0.249581507033554
16 0.393684563540705
16 0.610364982894666
16 0.637435902171902
16 0.270410150940837
16 0.575406612274250
16 0.183065649059015
16 0.407747606810818
16 0.307635497219763
16 0.505794450995254
16 0.326074719911182
16 0.343212361741670
16 0.481336610569103
16 0.154807052463010
16 0.611787357106198
16 0.672622182550366
16 0.428211904825800
16 0.172524024375813
16 0.457891001373528
16 0.464623683175406
16 0.231521428330550
16 0.313702098510018
16 0.609023058772431
16 0.404667913623274
16 0.233138305873075
16 0.278951434006720
16 0.215390078724949
16 0.519439176152480
16 0.349743269702189
16 0.221792059327402
16 0.254598262248931
16 2.642565356585034
16 0.493902816524894
16 0.643782795736406
16 0.216019447721913
16 0.294336838973080
16 0.237429524889769
16 0.236328359700852
16 0.267457539481572
16 0.465279638146680
16 0.305028158398707
16 0.667905233328310
16 0.334418492905405
16 0.152487138135588
16 0.261855403591824
16 0.198572673901374
16 0.284518689334403
16 0.324842330739957
16 0.314267144214203
16 0.587357296125470
16 0.421994783599736
16 1.196694353421764
16 0.339055250723283
16 0.383911507181879
16 0.548646746912171
16 0.194941001067716
16 0.462335651136104
16 0.212341614273229
16 6.771336074519411
16 0.521555626690719
16 0.272674469603063
16 0.275983300331348
16 0.528655291307511
16 0.184333293060913
16 0.261731319658798
16 0.240774586538371
16 0.294493853351842
16 0.450112524043022
16 7.801813486403361
16 0.222268961210604
16 0.496342916115017
16 0.281351304815291
16 0.198740220784322
16 0.140462191219719
16 0.577571196335547
16 0.437396374118200
16 0.201809214365221
16 0.292605146731154
16 0.260558706747721
16 0.244001936944759
16 0.262752521227868
16 0.336419282126458
16 0.489659316625910
16 0.213058734373790
16 0.212936309273301
16 0.227508738977579
16 0.336706753891318
16 0.322860594271860
16 0.445190640262315
16 0.486647631779630
16 0.790433307885865
16 0.605762596669286
16 0.544577629455825
16 0.471550079641333
16 0.368876889169885
16 0.364116238570271
16 0.266485285508712
16 0.608780279961618
16 0.297427979780910
16 0.251303260241329
16 0.229142740065411
16 0.215081127377651
16 1.488217170665765
16 0.400413971236591
16 0.510380784443320
16 1.750964555011227
16 0.336975885870957
16 0.419580613219468
16 0.173781092126459
16 0.331000072088110
16 0.338043272258135
16 0.281708903762764
16 0.259985005906659
16 0.793376565632982
16 0.594924987588276
16 0.667769377323550
16 0.288150222422904
16 0.198386746763684
16 0.212969607693702
16 0.211852631856534
16 3.770986698908577
16 0.227493250139521
16 0.292566823102153
16 0.414932229348888
16 0.168302900296401
16 0.428811747257210
16 0.315277531053011
16 0.514402846381151
16 0.235939346117942
16 0.431084633208838
16 0.507808490091115
16 0.284198394399534
16 0.241357047128189
16 0.831257699380736
16 0.350072874962067
16 0.685441183233987
16 0.552829364471560
16 0.216144342845903
16 0.345645940309064
16 0.494345283491414
16 0.578876581747143
16 0.671251360376377
16 0.856032195404879
16 0.317355185394432
16 0.234046787390716
16 0.288775248316187
16 0.433164033031207
16 0.704405939376747
16 0.284108502215626
16 1.063925614900104
16 0.369542387460389
16 0.330049689207018
16 0.369367786175665
16 0.414041107877169
16 0.629230716675070
16 0.269422107617571
16 0.188531718085272
16 1.792753427930602
16 0.404839643236683
16 0.290057488264003
16 0.680362099924373
16 0.618638123932870
16 0.404264114377186
16 0.308675355500323
16 0.195971254216582
16 0.475792633252625
16 0.668666232948761
16 0.291805373577473
16 0.369642997359704
16 0.355521921636651
16 0.391553628692455
16 0.541825665484895
16 0.374866906434199
16 0.210739050849135
16 9.598967797118970
16 0.305014595573681
16 0.275921765955470
16 0.250003446538148
16 0.226327131373145
16 0.321486995832985
16 0.219186396574348
16 0.374792667843998
16 0.334260657174767
16 0.312801352959132
16 0.190242148558676
16 0.404851727850580
16 0.140654831346983
16 0.344453055377796
16 0.470724063616085
16 0.494448130112020
16 0.291677716340933
16 0.646118497078030
16 0.182857714270702
16 0.434380038989596
16 0.450739659137609
16 0.492705591214579
16 0.228514455859306
16 0.267927721463322
16 0.585237209196626
16 0.274317560082441
16 0.481947644056438
16 0.316758794545387
16 0.282166398883836
16 1.087861195831462
16 0.579082014933542
16 0.194268501524304
16 0.523567128021601
16 0.342273334615154
16 0.605343539090227
22 1.213294163180514
22 1.617143480917737
22 0.917468778496531
22 0.851627459768004
22 0.700802371365763
22 0.686123052471003
22 0.956484670887892
22 0.776415112180210
22 0.483036509273725
22 0.930277325365622
22 0.368035314418126
22 0.698552850001758
22 1.550912082729452
22 1.021394230441957
22 0.637725625912518
22 1.345657492124115
22 0.873299782026630
22 1.963750936782666
22 0.725565682433301
22 1.963915411882399
22 0.574676407267124
22 1.121937877108455
22 0.744708343497599
22 0.702484876895826
22 0.836918670678154
22 0.715332021979140
22 1.007490379613330
22 4.068095588406188
22 0.894138158077512
22 1.459190864703985
22 1.345120640275951
22 0.735418707767326
22 1.797536946797457
22 1.489761456846242
22 0.757118479481960
22 0.786163610306817
22 9.656488322478026
22 1.107921862438589
22 0.916124478472228
22 1.664663071612978
22 1.280474008542723
22 1.023870643044600
22 9.662819742517357
22 1.080570367959949
22 1.253183907649087
22 0.693888450090681
22 0.853758529653388
22 9.548488928245625
22 0.729563459852757
22 1.212578994363249
22 5.394398595473808
22 1.006328266908735
22 0.833842293355506
22 1.652751433564202
22 1.495618929377742
22 2.560182038765491
22 0.415054099726840
22 1.485198589527291
22 1.380587443715304
22 0.697297661746124
22 0.894754722453683
22 1.083894602906484
22 0.583714918681300
22 1.602029719261548
22 0.496406397244574
22 0.777893619012046
22 1.305992509257782
22 1.173711864902919
22 1.138478223202891
22 1.608976383995410
22 1.461866721402107
22 1.259427267987745
22 0.945836822154548
22 0.987558446645367
22 1.105019647371538
22 2.246268546134567
22 1.089333146932003
22 0.633013301385689
22 6.030805075829310
22 0.717730781222120
22 2.641614998796110
22 0.716986502574380
22 0.619102822773756
22 1.215759833345538
22 0.915818834985843
22 1.104950479665060
22 0.813423692801674
22 4.643759569899549
22 2.120492741107951
22 0.852891210244213
22 0.924150718721991
22 0.382408216203147
22 1.998231248308431
22 1.332864839147708
22 9.520492309421103
22 0.481115210507494
22 0.982412073838015
22 1.028618612221165
22 1.163826837185930
22 1.432176153415623
22 0.713085371970129
22 1.386842321018537
22 1.944278956171130
22 1.882443157548808
22 1.572948207197440
22 1.010675002719570
22 1.496555726719744
22 1.815474060397514
22 0.855976691039237
22 1.946200579196511
22 1.089595934459928
22 8.514362625899196
22 1.419805251362999
22 1.254653122501470
22 6.180846315370323
22 3.656525549208558
22 3.321105050020730
22 1.911397285323418
22 0.812748814401570
22 2.066722490143063
22 0.828448103251550
22 3.985122829435397
22 0.535714902794450
22 1.135416576332495
22 1.386454501031256
22 0.910970234078001
22 1.371181848866966
22 1.101007636801761
22 2.617204117397472
22 1.566272510717079
22 5.166824856154359
22 3.121756286630329
22 1.935969294526039
22 1.295816950830300
22 1.064544244852583
22 1.870797813247392
22 1.636310096172013
22 1.504917359731168
22 1.092255601973255
22 0.758768505314261
22 0.944779691675642
22 1.307970550324589
22 0.768633817180996
22 1.161587908232294
22 1.270759910470127
22 0.849286632309824
22 1.111411168731094
22 1.346089773670312
22 1.070359499713715
22 1.071279117288664
22 1.169553848335910
22 1.549611499932356
22 0.843679329784980
22 0.635819133830793
22 1.075168671144882
22 1.137171633848963
22 0.703942165833327
22 2.723945234469192
22 0.953179340898154
22 1.572373799864923
22 0.937032654914885
22 1.810362537458575
22 1.287266047100162
22 0.849578623499405
22 1.213437009434086
22 1.579840805150555
22 1.141039183706818
22 2.104584250529299
22 1.136946257352206
22 1.187033426051300
22 0.439393327785757
22 1.016620998961779
22 0.874034223303782
22 1.614789855763640
22 1.062083049611869
22 1.375703935509583
22 0.631563530552059
22 1.370507207838256
22 0.839262302090237
22 1.848156643024201
22 1.993400787325387
22 0.802371353372727
22 0.608534663064072
22 0.692938425338092
22 1.379291648289924
22 3.395285819265847
22 2.135532970388224
22 1.452543604619185
22 9.874662628598919
22 0.522201699855962
22 0.928773902062757
22 2.207355908084506
22 1.045644261870686
22 1.097649073699920
22 0.989038206704064
22 1.679041110263225
22 2.103379502741526
22 1.018534224518866
22 1.828229188463567
22 1.876443303685848
22 0.787136133395182
22 2.532709853171312
22 0.903644919916650
22 1.983505879532585
22 1.059970427098930
22 2.060489228984828
22 0.906180813615328
22 1.104511030033851
22 0.934388160832224
22 1.161559404837331
22 1.414843864900861
22 0.844855121139135
22 1.097427393175626
22 0.958506752658854
22 0.728378327718090
22 8.815843019755681
22 1.020656920367952
22 1.113623944507864
22 0.598701390917905
22 1.790778759782826
22 1.459079815355948
22 1.260642398354739
22 0.655590718830711
22 0.640251175429773
22 3.288802557233158
22 0.684215568806623
22 1.222940560361353
22 0.942435914277103
22 1.227346785544587
22 0.752075423905197
22 0.921893260983854
22 0.795129189542724
22 0.915267435121264
22 1.314218346836495
22 0.632267169752621
22 0.978571229965490
22 0.706384375252359
22 1.875255489591072
22 0.583049172066718
22 2.499230911992329
22 0.646189720725088
22 0.693858945302118
22 1.045687138424795
22 2.962224186543970
22 0.687484789998851
22 9.105553512294048
22 1.565267689834383
22 0.732159353171439
22 0.561054366924696
22 1.460262762181370
22 0.859424218647763
22 1.344957039571820
22 1.307364293833263
22 0.702812345786157
22 1.156715084834655
22 1.033368398785644
22 1.017219721570775
22 9.667017133420231
22 1.234678854312715
22 1.192327944447785
22 1.010861862107875
22 0.832811353610200
22 1.130973362988879
22 1.357752141656205
22 1.117060181205388
22 2.620370941416645
22 0.659472590425542
22 9.458321423985575
22 0.779384694046899
22 2.348497551689666
22 0.586853170393326
22 0.859760343790295
22 0.919173442413730
22 1.246165723266002
22 0.583177723380115
22 0.639673146253242
22 1.397676665263015
22 1.096386044791515
22 0.637742313441827
22 1.204570555705829
22 0.439949048788581
22 1.202532403999115
22 9.942187359061597
22 0.507761644993166
22 1.009707784192210
22 0.645702580003038
22 2.008660592220354
22 1.130718799605157
22 1.314785601853746
22 0.591964849690745
22 0.704517792119842
22 0.713526418877301
22 1.302996166777875
22 1.981484306611419
22 0.926182896516576
22 0.989329175962365
22 1.304754465728259
22 3.340534855387345
22 1.201556373853897
22 7.064171595725770
22 0.859424218647763
22 1.344957039571820
22 1.307364293833263
22 0.702812345786157
22 1.156715084834655
22 1.033368398785644
22 1.017219721570775
22 9.667017133420231
22 1.234678854312715
22 1.192327944447785
22 1.010861862107875
22 0.832811353610200
22 1.130973362988879
22 1.357752141656205
22 1.117060181205388
22 2.620370941416645
22 0.659472590425542
22 9.458321423985575
22 0.779384694046899
22 2.348497551689666
22 0.586853170393326
22 0.859760343790295
22 0.919173442413730
22 1.246165723266002
22 0.583177723380115
22 0.639673146253242
22 1.397676665263015
22 1.096386044791515
22 0.637742313441827
22 1.204570555705829
22 0.439949048788581
22 1.202532403999115
22 9.942187359061597
22 0.507761644993166
22 1.009707784192210
22 0.645702580003038
22 2.008660592220354
22 1.130718799605157
22 1.314785601853746
22 0.591964849690745
22 0.704517792119842
22 0.713526418877301
22 1.302996166777875
22 1.981484306611419
22 0.926182896516576
22 0.989329175962365
22 1.304754465728259
22 3.340534855387345
22 1.201556373853897
22 7.064171595725770
22 3.038596573566775
22 0.755948429434905
22 5.514596244108793
22 1.087998607422570
22 1.233510602841181
22 0.572568403875178
22 1.259487032336091
22 0.829063901165135
22 0.988293644391833
22 1.268292285721942
22 1.503371030484711
22 0.849837534700138
22 0.732671770115941
22 0.864377937621594
22 1.186745291336767
22 0.653708163881846
22 9.573159996851690
22 0.775645946521575
22 1.543736237037411
22 9.683550232793529
22 0.481275964098423
22 1.097338826330234
22 1.845071803959067
22 0.620514455838246
22 2.798259228975794
22 0.560745247719392
22 1.212220310786151
22 2.440549402098334
22 1.558125063504418
22 1.390500225321673
22 1.057538076944720
22 1.339697887899939
22 1.689803165736138
22 1.194127416224376
22 0.976559411347026
22 1.246410358952060
22 1.263342266477458
22 2.866170828380565
22 1.620464285900070
22 0.771211906860472
22 0.849099462290426
22 1.420952855433051
22 1.395878458699982
22 1.791110162961697
22 1.150577765144567
22 2.006320859969830
22 2.223022701085816
22 3.826996158913735
22 1.735030893167959
22 0.592324337768674
22 1.860639070406124
22 0.551956068792152
22 0.387804850849141
22 0.834310386541322
22 1.479002296028413
22 0.965272586388977
22 0.850197033052570
22 0.530354657921631
22 0.744343929003755
22 1.335969839302525
22 3.021220769447678
22 1.385385297169578
22 1.953752695983510
22 0.876681882742267
22 1.266562499804622
22 1.065089534513975
22 0.773765462595834
22 9.742468716080722
22 1.313100661007061
22 0.593889964048298
22 2.135561708911995
22 1.379272612964298
22 0.982386381354019
22 1.191681542751153
22 0.711442377060107
22 0.696178965509060
22 1.423868042164694
22 2.279343520711457
22 1.072483364503318
22 0.744992037282455
22 1.197653295994510
22 0.599366531008096
22 1.030476051156533
22 0.863541243877179
22 0.519106550530742
22 1.364940067038302
22 9.837261050504225
22 0.882395595462483
22 2.092518812554776
22 0.525002841914228
22 0.792911753195954
22 0.592894084238161
22 1.166207136232131
22 1.322054371653164
22 0.850216686523297
22 0.852129616292090
22 1.447019997846591
22 0.700027671051982
22 1.129812168879200
22 1.331433566417418
22 0.859424218647763
22 1.344957039571820
22 1.307364293833263
22 0.702812345786157
22 1.156715084834655
22 1.033368398785644
22 1.017219721570775
22 9.667017133420231
22 1.234678854312715
22 1.192327944447785
22 1.010861862107875
22 0.832811353610200
22 1.130973362988879
22 1.357752141656205
22 1.117060181205388
22 2.620370941416645
22 0.659472590425542
22 9.458321423985575
22 0.779384694046899
22 2.348497551689666
22 0.586853170393326
22 0.859760343790295
22 0.919173442413730
22 1.246165723266002
22 0.583177723380115
22 0.639673146253242
22 1.397676665263015
22 1.096386044791515
22 0.637742313441827
22 1.204570555705829
22 0.439949048788581
22 1.202532403999115
22 9.942187359061597
22 0.507761644993166
22 1.009707784192210
22 0.645702580003038
22 2.008660592220354
22 1.130718799605157
22 1.314785601853746
22 0.591964849690745
22 0.704517792119842
22 0.713526418877301
22 1.302996166777875
22 1.981484306611419
22 0.926182896516576
22 0.989329175962365
22 1.304754465728259
22 3.340534855387345
22 1.201556373853897
22 7.064171595725770
28 3.502984443417222
28 1.644028012442519
28 2.181915244620993
28 3.120351381900415
28 3.747164575264911
28 4.282381047780993
28 1.785025751074059
28 1.846111114764679
28 3.500882481353706
28 1.686259522758792
28 1.500654270563177
28 2.690998422540512
28 2.763632100996874
28 5.844677493484054
28 2.296814774421112
28 2.894062289671011
28 2.000939123409205
28 3.181595186775715
28 1.358559332998084
28 2.752237538093136
28 2.713058312314659
28 2.304914719514950
28 9.474799607246062
28 1.826378421939147
28 1.888175273646406
28 3.642925198419459
28 2.184512694381357
28 2.034325289867588
28 2.734581696688444
28 9.465728914751782
28 1.269739667562409
28 1.175138329491533
28 3.708026712115923
28 1.657519056103266
28 9.683918532848317
28 3.881220575525184
28 6.929202269672380
28 3.722515151736574
28 0.947255728681355
28 1.823407078609201
28 3.833345755681879
28 3.302011010395789
28 1.973462503630093
28 1.820732307460622
28 3.175852845605710
28 2.161763407924052
28 1.033790717077486
28 2.564968389381086
28 1.275750683832991
28 2.752986059457790
28 3.345015958029601
28 2.614536974328046
28 1.790551267682456
28 3.297398253752305
28 2.557101289044866
28 1.156279660940216
28 5.040660734317908
28 1.164483916137504
28 2.583281453013621
28 1.368148189318300
28 4.731428791106122
28 2.867141554267811
28 2.532787074526663
28 3.471075314451802
28 7.704644396739789
28 3.698552299770151
28 3.199100322170680
28 3.715523702668703
28 1.313376307633233
28 2.606916313805072
28 8.737471090988478
28 2.280825894911972
28 1.537557827464634
28 0.879678028157103
28 3.766668204153414
28 3.369090787455765
28 4.363222114017055
28 2.843274734985878
28 1.833778598087597
28 2.836218739909780
28 4.372600016079783
28 3.008695670997304
28 3.137782830819736
28 1.658587799192238
28 1.929815929079364
28 1.473787035856997
28 1.817595989876951
28 9.572434952222334
28 4.088142083470538
28 1.596195541771373
28 7.037865990469968
28 2.610165152497951
28 2.866810860124879
28 5.399395539465075
28 2.648727171220431
28 6.896636629582484
28 2.644706939806100
28 4.296364206406314
28 1.361469912673714
28 1.146340219636667
28 3.845553994114683
28 3.807288096830916
28 2.477049392237306
28 3.021544233103366
28 3.849318844070753
28 3.309267024561967
28 9.613889100513660
28 1.528105314427412
28 1.245075219117091
28 9.439168453624500
28 3.631406452205314
28 2.980861546754438
28 5.692970714021014
28 2.277636868585317
28 4.988037489077813
28 1.564643277644890
28 6.416469324008593
28 2.361725853440761
28 0.913748966895618
28 2.593759505807889
28 1.947976715012423
28 2.272525312527495
28 1.538476562256542
28 2.411585558852701
28 1.670618446140311
28 3.258738337497377
28 1.806640090839305
28 1.121543050720464
28 1.659911124889254
28 3.316371723874883
28 8.067771628649528
28 4.170841232447103
28 5.349517738990064
28 3.353647915398114
28 1.525492991476431
28 3.804215771220495
28 5.384626201945415
28 4.866946716707813
28 2.180827800314331
28 1.956151927645542
28 3.868747958407331
28 2.070758719051592
28 3.112991359519470
28 1.263613920694124
28 4.494000388523268
28 2.571425092095494
28 1.991890382111352
28 1.464259011944051
28 4.261477048943686
28 1.623160550119794
28 1.992112022403531
28 0.854248158639915
28 3.020091785542545
28 1.811959996216153
28 2.484068164648723
28 5.260201262180157
28 1.340144519729321
28 2.004101514101605
28 2.908288457122767
28 2.003913100497654
28 1.993152412561280
28 2.384364694396986
28 1.252964392322331
28 2.448224368193019
28 2.129706706901268
28 2.879814808566934
28 1.636949213196801
28 1.673427202771905
28 2.560453777817842
28 2.440106459537514
28 5.148773989056146
28 3.936210444198819
28 1.362298143318597
28 1.452999454414019
28 2.751684625690826
28 3.343040134314768
28 2.502876802108371
28 1.676840459473634
28 1.674334853266982
28 1.804170871016857
28 2.176932917483724
28 1.835385031490907
28 2.206379934597521
28 9.169117002221654
28 3.602339813702026
28 1.684369890984842
28 3.008435874313207
28 1.768583928420864
28 1.912599654035417
28 1.989876718656741
28 2.151341917630019
28 1.838431348965047
28 1.141847844465963
28 9.496453735579481
28 2.303290069419739
28 1.024640329300026
28 9.547257110723796
28 1.232169549809908
28 3.037960123341342
28 2.737914818288765
28 3.345015958029601
28 2.614536974328046
28 1.790551267682456
28 3.297398253752305
28 2.557101289044866
28 1.156279660940216
28 5.040660734317908
28 1.164483916137504
28 2.583281453013621
28 1.368148189318300
28 4.731428791106122
28 2.867141554267811
28 2.532787074526663
28 3.471075314451802
28 7.704644396739789
28 3.698552299770151
28 3.199100322170680
28 3.715523702668703
28 1.313376307633233
28 2.606916313805072
28 8.737471090988478
28 2.280825894911972
28 1.537557827464634
28 0.879678028157103
28 3.766668204153414
28 3.369090787455765
28 4.363222114017055
28 2.843274734985878
28 1.833778598087597
28 2.836218739909780
28 4.372600016079783
28 3.008695670997304
28 3.137782830819736
28 1.658587799192238
28 1.929815929079364
28 1.473787035856997
28 1.817595989876951
28 9.572434952222334
28 4.088142083470538
28 1.596195541771373
28 7.037865990469968
28 2.610165152497951
28 2.866810860124879
28 5.399395539465075
28 2.648727171220431
28 6.896636629582484
28 2.644706939806100
28 4.296364206406314
28 1.361469912673714
28 1.146340219636667
28 4.442779517365611
28 2.376818144224038
28 2.532005114191895
28 1.797673302137788
28 1.989751298452647
28 2.258255256504776
28 1.498584561247392
28 2.983029934114074
28 1.892945005530443
28 5.853833379877454
28 3.050826720384054
28 1.610571997526691
28 2.144191322101690
28 9.473565828087233
28 1.656172356175930
28 3.278350921754994
28 1.261778925849372
28 4.479876395902253
28 4.825997636071477
28 1.800123232259182
28 2.087779047957750
28 3.589283329741369
28 1.351071592538225
28 8.399695980878009
28 6.885256072844767
28 1.687305232180782
28 2.080567300894157
28 0.817048482131660
28 3.433932817075982
28 2.499186258976539
28 1.134580316991458
28 2.305742532040123
28 4.937346465369992
28 3.113300406321611
28 4.183478322181682
28 4.146817460992573
28 1.618978304506228
28 4.040889270663775
28 0.899097982364392
28 1.808634486046727
28 1.370285506807950
28 1.919343996674616
28 2.531504768209045
28 3.437417637517037
28 1.799692485447357
28 2.274117940288457
28 3.794108492646743
28 2.090240034964505
28 2.576914270042250
28 1.222561238151983
28 1.556450546015317
28 2.496525913639426
28 2.649553176849391
28 2.487018178789887
28 3.249780086379612
28 2.385834710689136
28 3.048559422345665
28 4.083136495544806
28 2.424520576249540
28 2.587903786268689
28 8.315246149260059
28 3.141320233550426
28 2.660740052170531
28 5.596768189761352
28 2.312277789098368
28 2.767194896190541
28 5.364523316209926
28 1.376320846124725
28 1.958918164076196
28 1.823845879411661
28 1.810633574030936
28 3.339219469293732
28 1.740524081700061
28 2.200840563847867
28 2.596829183314555
28 1.497074889333981
28 1.821297763090238
28 1.402663228312849
28 3.261657873806040
28 5.160982970782056
28 3.039518775211150
28 1.982938616617481
28 5.698955467611300
28 3.030683398073730
28 4.758069804319858
28 1.379024560948184
28 9.585224876421094
28 2.476390915595625
28 2.177563420072647
28 1.355925208083693
28 1.118449078654897
28 2.482710652944962
28 1.978922442967627
28 9.535672242292449
28 1.251156618168871
28 0.880991443435197
28 2.117366648299754
28 1.915678442861713
28 1.867500706957743
28 2.346832053599059
28 1.635634661195281
28 1.998312782318700
28 3.037570758691771
28 1.538845181074306
28 2.559687909963881
28 1.235763258332162
28 1.584740138162113
28 1.526176765333997
28 2.907038212688732
28 4.264421112901501
28 2.221077287529583
28 4.310428096211299
28 1.160946579470615
28 2.214866477373128
28 2.167130260471462
28 2.285355091374360
28 1.977913447264628
28 5.087269914374236
28 3.177156083353428
28 3.909620349699910
28 6.006916158499269
28 5.596426690682008
28 1.797626497149198
28 8.124914679891923
28 2.544589670275508
28 3.108391999390523
28 1.393789936428838
28 1.355761249678673
28 2.881727839912477
28 1.375620890029881
28 2.351720756856534
28 1.951616347258251
28 1.235311020574280
28 2.180961933920617
28 1.833414977658422
28 3.661377754969541
28 2.562955958652012
28 3.621200237244215
28 3.428136402484912
28 1.345009612434434
28 3.901505285293958
28 2.540400939705604
28 1.664297010590113
28 4.311479821951368
28 2.098406154870847
28 3.863043252774162
28 1.806616992001105
28 2.548574772141834
28 2.351283263181958
28 3.981301507584185
28 1.749071306375051
28 9.741161106996415
28 1.357478161826712
28 2.975099764559095
28 4.786734798746392
28 1.781137287885070
28 2.164627299315444
28 1.640747006786409
28 2.562188947127649
28 3.109739922982671
28 2.349380439402132
28 6.029195895477012
28 1.506808844765559
28 5.458785539062275
28 1.991318616733280
28 1.625756655912327
28 2.119454607744157
28 1.681001623420647
28 3.980964070228726
28 2.835836041331691
28 9.535191394788569
28 4.731956254229231
28 5.202578836085699
28 3.924027873332629
28 5.272919900193406
28 4.436339169064816
28 3.246312106558929
28 1.344156457569028
28 2.490649914093878
28 2.420651531448363
28 3.125500592394748
28 2.191194043355011
28 2.359131162936982
28 1.487780088639985
28 2.917811781465101
28 4.245158503575721
28 9.898088417841830
28 3.253546669142462
28 2.513313404328667
28 2.548928345760921
28 2.732012056767782
28 3.344172543131894
28 3.340826675350161
28 1.665747532629111
28 3.442705254372437
28 1.614296473501756
28 1.126001469699115
28 1.803159700587477
28 2.400727790391378
28 2.516115451960101
28 1.520622217343941
28 4.291280627275183
28 4.012111561946790
28 1.256468745288410
28 1.347645559107675
28 4.906019165648114
28 1.210446850588139
28 1.025783944915564
28 5.299772364813291
28 9.612717240798464
28 1.938821831271972
28 1.659800743213534
28 2.579301796262638
28 2.755241992723581
28 1.641766002321627
28 1.912868084810145
28 2.083099969314754
28 2.996847237332599
28 2.201655304744083
28 1.464337615734758
28 2.422759657954809
28 1.010979429462910
28 2.420472112750637
28 1.048274754701856
28 9.904054903933375
28 3.356365060968480
28 3.168823701798885
28 2.481519479351097
28 2.158722035015550
28 2.138889072704588
28 1.833811972462085
28 3.567528914035449
28 4.230581544017267
28 1.347426338617732
28 1.999582115827567
28 1.577070281794452
28 3.476484859367847
28 2.100038530416918
28 2.244399038945565
28 1.389429724207832
28 3.039129882120001
28 2.312104723241135
28 3.628531740875738
28 6.109219795710481
28 3.670249184983626
28 2.701151507566365
28 1.830220061875051
28 5.463150246471072
28 2.098863842088632
28 2.861003511355768
34 3.435741763259532
34 3.135669166817411
34 7.729100336338583
34 3.924391888428397
34 4.099378518951548
34 7.009667062613653
34 4.118850337223856
34 7.122387182127534
34 9.722841254822423
34 7.022760547901947
34 8.905501509599761
34 8.931736531563921
34 5.896237537574340
34 5.903924259064526
34 3.748854876617947
34 5.981836084901165
34 9.720048843603172
34 1.794313813179571
34 9.701342656336122
34 3.122799454239413
34 3.559049729570613
34 6.401573079532711
34 9.584142173940515
34 4.578932602973131
34 9.380021632070333
34 4.083565148318356
34 1.774223606695786
34 1.626148451950374
34 2.578165810717110
34 3.524188004569896
34 7.825769724231943
34 5.032662515595161
34 3.794290675105284
34 3.160117442113940
34 3.110488755196132
34 2.868978689173530
34 2.191730398596219
34 3.465096871513015
34 4.769011725249491
34 2.364605157569027
34 4.074613448201639
34 3.052456821791806
34 4.087886878277969
34 4.565301624568974
34 1.805821460437374
34 2.636243979526573
34 3.773391953529417
34 1.683917143209302
34 4.479184794120857
34 3.014576478054188
34 6.318046939665559
34 1.420446802727149
34 4.109998241221360
34 2.371554556038694
34 5.609962818121348
34 5.071733535654111
34 2.191377834140414
34 2.993458237728802
34 3.741116995358686
34 9.563111320376736
34 6.788126669943722
34 9.629730937967139
34 6.030052109327965
34 5.345298759117873
34 2.596332769558866
34 3.729534262276150
34 9.244989858051387
34 2.865750477513342
34 1.630737085172282
34 2.893392547635091
34 9.187485101769115
34 9.735747685463480
34 3.781285560342790
34 2.668041836071341
34 7.867517666975584
34 2.868383108442427
34 2.427020342926917
34 3.716459507372476
34 1.847177399814840
34 4.076590975196216
34 1.641314429404624
34 3.237334171384434
34 4.185250965755829
34 5.110617539004818
34 5.235325325556285
34 3.478096451073088
34 2.414734077361846
34 3.739173196964016
34 2.889670512326986
34 4.382232815377185
34 3.776320364678469
34 9.810797080587363
34 3.160016808750012
34 4.795798455875689
34 5.583676245588477
34 4.790713448653695
34 2.613269292330418
34 8.496857733984715
34 3.143171412903574
34 2.291134530162653
34 2.583583428903026
34 3.270306247099154
34 2.151358608395295
34 2.231092653479836
34 7.651330751783753
34 4.900899812679614
34 5.669486597700461
34 3.957601052313671
34 7.299689696567597
34 9.372466692815138
34 9.889448704507824
34 4.283587229244834
34 4.205854838956911
34 4.786453110411981
34 5.481131671697841
34 9.362352773944512
34 6.463595907855026
34 5.479325488646038
34 6.261673530886500
34 2.530540949972560
34 2.546357195244201
34 5.645116221197264
34 4.912885722363471
34 3.712892169542094
34 3.178722709976086
34 8.689564845204151
34 2.348279039278436
34 7.740989865404488
34 4.930232988130936
34 2.856906694088270
34 2.416852661676264
34 2.798651257472939
34 3.629865707394677
34 4.451946241016457
34 5.690963969016299
34 5.507507382126605
34 9.769512547752093
34 4.218374454843440
34 2.611748497180765
34 2.884867618463765
34 2.378475184384855
34 2.022648873245216
34 2.603612398212284
34 5.157388303082622
34 6.418509526112516
34 7.542420175974220
34 1.671390444189860
34 4.649213693542694
34 3.360273165838936
34 1.610318808654617
34 2.583583428903026
34 3.270306247099154
34 2.151358608395295
34 2.231092653479836
34 7.651330751783753
34 4.900899812679614
34 5.669486597700461
34 3.957601052313671
34 7.299689696567597
34 9.372466692815138
34 9.889448704507824
34 4.283587229244834
34 4.205854838956911
34 4.786453110411981
34 5.481131671697841
34 9.362352773944512
34 6.463595907855026
34 5.479325488646038
34 6.261673530886500
34 2.530540949972560
34 2.546357195244201
34 5.645116221197264
34 4.912885722363471
34 3.712892169542094
34 3.178722709976086
34 8.689564845204151
34 2.348279039278436
34 7.740989865404488
34 4.930232988130936
34 2.856906694088270
34 2.416852661676264
34 2.798651257472939
34 3.629865707394677
34 4.451946241016457
34 5.690963969016299
34 5.507507382126605
34 9.769512547752093
34 4.218374454843440
34 2.611748497180765
34 2.884867618463765
34 2.378475184384855
34 2.022648873245216
34 2.603612398212284
34 5.157388303082622
34 6.418509526112516
34 7.542420175974220
34 1.671390444189860
34 4.649213693542694
34 3.360273165838936
34 1.610318808654617
34 6.288369361064689
34 4.744558807313251
34 6.915655635133724
34 3.442670374562129
34 5.571256459074337
34 3.784446881741427
34 2.949617136468998
34 4.875853030194818
34 9.010143543817959
34 2.608058299138753
34 7.091599543077974
34 8.459175778631314
34 8.713024608271144
34 7.687403299997334
34 9.642429860036488
34 2.353746904427333
34 5.337346139467956
34 5.129507080403764
34 3.448379207959312
34 4.877142961720295
34 2.904585793054033
34 1.796473194989431
34 2.641231063541427
34 4.946533067581369
34 3.017227090288585
34 2.404450582694428
34 9.601015286944877
34 3.390242940094406
34 7.310823878014379
34 9.801176895522952
34 6.323048352102834
34 1.504379267987277
34 1.801580797820371
34 2.823787657637842
34 3.440979028223636
34 3.415522912139275
34 9.642979674321531
34 4.507598860571826
34 4.089656206474617
34 7.727392183073935
34 2.614513224662902
34 8.408269301302239
34 6.113608043546439
34 7.473749511567909
34 4.852689468436838
34 2.402377828535529
34 2.647377840981688
34 1.832259136679284
34 3.350251800864168
34 6.326188022599522
34 4.413644420342476
34 9.842993209035015
34 3.497965718500693
34 3.222050949575754
34 4.913868179858024
34 2.824472135084475
34 4.753473057964586
34 3.535627604408778
34 2.175726317819815
34 4.855594327053988
34 3.487505341770935
34 1.668030414413594
34 3.506689495397055
34 9.841394589458268
34 2.388401497740467
34 9.488050695755552
34 6.921814714026493
34 4.594151042981488
34 3.468952557746598
34 6.090805734497538
34 9.535176031502051
34 2.421769929832993
34 3.200355065021045
34 4.113725090671288
34 1.945927970015835
34 4.420592731607696
34 5.013236255923443
34 8.251086202294335
34 2.344107670931179
34 3.658144403794995
34 3.428282063867257
34 2.415290958547705
34 3.618073074395787
34 2.788452620726495
34 9.501330842008535
34 1.983609597747917
34 4.707331013827263
34 5.141803450732763
34 1.497460096356721
34 3.153923290481757
34 5.926411796816208
34 3.130832754974514
34 8.929202699103561
34 7.487251310713003
34 2.656001888339515
34 9.386634205008024
34 5.469938428336209
34 2.167460954539735
34 5.673749579597557
34 4.197107188447284
34 4.150748474614534
34 4.979383399474136
34 3.097903127903919
34 3.448357308657023
34 5.540490437444458
34 9.036616551654479
34 1.995752763648437
34 4.272730391083465
34 5.750913519443174
34 2.619869475610191
34 2.587183317040392
34 4.726572149699378
34 4.322764964181640
34 4.009874350538523
34 9.484092252715550
34 1.760852337527936
34 9.669110326821365
34 2.384163133654660
34 2.620553036999977
34 2.424576544459637
34 3.057412604396557
34 3.459524414125976
34 2.166418343581401
34 7.031201395469725
34 7.089828502654060
34 1.803640068978318
34 8.811298379830234
34 4.343092171170724
34 3.776417806828614
34 9.575148253962912
34 5.561043027243972
34 2.236679860604487
34 4.008000639254544
34 6.644427280549228
34 3.190897192169288
34 2.632540341968544
34 6.036757051426016
34 2.888464672788376
34 8.352948465270618
34 9.603457441972694
34 1.976624925933038
34 4.287284812557223
34 6.312832219787291
34 4.189227213196981
34 9.745454300286307
34 5.746834134953559
34 7.855987726187017
34 3.446787206228807
34 4.370844091065751
34 2.864917805494697
34 3.468105052640733
34 3.212831632868060
34 3.097784782597931
34 9.805085635346018
34 5.895871524613113
34 5.640741806529670
34 4.824198470224899
34 6.183241523144101
34 1.388522802371916
34 8.140126073446840
34 2.905389287491965
34 4.778936631174591
34 5.059468026512288
34 5.244011752657918
34 3.150763617002374
34 2.397950041744960
34 2.602103252799086
34 3.810431257275634
34 3.511913834062459
34 4.963850419083319
34 6.579392682679684
34 2.384641905102469
34 2.893091670866098
34 2.856008252623656
34 4.225112342308227
34 3.713374785414132
34 5.777709547193530
34 2.199931994132423
34 4.442719055559329
34 3.123132508992658
34 6.469397566716705
34 3.490938670413670
34 8.147863270504146
34 8.899563777087307
34 6.322701456028000
34 3.187181305892691
34 9.619482160221267
34 5.124510525796930
34 5.700498671094705
34 4.464460376619773
34 5.736010422407201
34 6.585572683675729
34 4.766040089868254
34 3.769930379210828
34 5.535735464387895
34 9.533805649921895
34 2.898674961043116
34 6.570015011500432
34 5.603263842075720
34 6.752048117550416
34 2.022662284926660
34 3.062305465635005
34 4.980191712760776
34 3.994378363460550
34 5.746236688541140
34 2.393973961767380
34 3.080676304395689
34 5.842447798403021
34 2.002455466845320
34 3.818990325803173
34 8.948518380837648
34 4.546131455881323
34 7.669757721631841
34 2.405763048489202
34 2.462172054985292
34 3.384785777263155
34 2.859846201645906
34 5.028419972155337
34 8.138626428892778
34 4.717299766843199
34 3.583852401050184
34 2.871088406628595
34 6.710243743030571
34 3.201708224379933
34 7.231928313919401
34 4.619842159734206
34 3.818404904480569
34 3.786931506241412
34 5.560553104275986
34 9.700537831649516
34 2.405596185772501
34 9.466637858418853
34 4.722792178523451
34 3.169179885945161
34 4.097998076647726
34 3.830509032886487
34 1.792555894289459
34 2.179696072935541
34 5.135305712362531
34 3.331129659528338
34 2.636203551365857
34 3.174793506910965
34 4.018847885556509
34 3.805219008844459
34 2.108608461980680
34 1.950310641918668
34 5.447361183455433
34 2.863816204295140
34 3.733763160475841
34 2.200916957065928
34 5.847635174434290
34 3.253345457648678
34 3.482621459559037
34 9.551082742267852
34 3.165935534799944
34 4.363087849759744
34 2.284747311031484
34 5.128695048101813
34 5.892804002103177
34 3.449388746312323
34 5.285990828197861
34 2.843837603905935
34 5.681178144553312
34 9.529365201359239
34 4.157279752041519
34 9.884803650154501
34 3.112813787274032
34 3.778096997016662
34 2.371465510721650
34 5.525124580196946
34 4.460504820061084
34 2.828849877462976
34 2.494303443671859
34 5.877489193678784
34 9.702713851805875
34 3.149661358868756
34 4.091614340239025
34 6.021973057093700
34 6.520396630405147
34 5.289578953425750
34 4.092122060273750
34 2.012525794603709
34 4.571133980835316
34 1.499862892550628
34 3.968604210263776
34 7.430884393826572
34 9.499182053553543
34 9.662381611710266
34 4.665824318872582
34 4.235719045169199
34 5.244709299715540
34 4.076093409356249
34 3.106906418365330
34 6.581321294713299
34 2.633102966345899
34 2.819461037185198
34 4.999097108103991
34 4.050083384504857
34 9.651859262329355
34 4.411411147907605
