10 0.022158259741864
10 0.058779464733164
10 0.028492369030377
10 0.029614759168767
10 0.148919632638143
10 0.066495663914039
10 0.066979165706830
10 0.042742533972444
10 0.081821023886404
10 0.049040243923586
10 0.046438681171797
10 0.042446037874513
10 0.102275546837535
10 0.064326420914663
10 0.693293408158456
10 0.048105411781949
10 0.028561325050480
10 0.032292646277553
10 0.030119123295815
10 0.074373723906240
10 0.108907767339972
10 0.246686998612645
10 0.022046949215736
10 0.054679699472509
10 0.014928836726384
10 0.023127089083133
10 0.047452901080754
10 0.073800984156051
10 0.030414916824554
10 0.019767292307230
10 0.128755144385147
10 0.036705608888676
10 0.082881327508981
10 0.031890807816342
10 0.056626240472195
10 0.074114672106557
10 0.072977552650756
10 0.041272461249236
10 0.031171312944895
10 0.037753408692674
10 0.055882355752312
10 0.034798789015974
10 0.071972877785369
10 0.054932756030034
10 0.035583460569257
10 0.040171179653921
10 0.031320284662876
10 0.042481508382907
10 0.027650675869537
10 0.042329585401243
10 3.770157364900163
10 0.038444697338566
10 0.024744337239848
10 0.063982942706732
10 0.026838797837387
10 0.064994553663277
10 0.043984332086564
10 0.041628756356534
10 0.055331429680400
10 0.044709368523991
10 0.029685063321512
10 0.079397033091238
10 0.032885130557994
10 0.049979312804998
10 0.061855008829408
10 0.051143084331026
10 0.010720708770887
10 0.030332570508715
10 0.071729325009987
10 0.020355970703382
10 0.040331795901613
10 0.127539431342839
10 0.068693021064857
10 0.033670200485792
10 0.609565093439267
10 0.054899982349570
10 0.046668962594429
10 0.043540936669686
10 0.056025712009930
10 0.042007331580452
10 0.096130222514677
10 0.323148831852460
10 0.037376704253224
10 0.086903477781546
10 0.053218165820870
10 0.044201317458558
10 0.040451876810264
10 2.431776427713822
10 0.038897461121207
10 0.061945344655244
10 0.052857437104219
10 0.048979674709145
10 0.032425302856854
10 0.055892913957475
10 0.056954417936488
10 1000000000000000019884624838656.000000000000000
10 0.423731137772081
10 0.046519957463564
10 0.186227621264864
10 0.025565279669101
10 0.023997128782370
10 0.063919334653146
10 0.026638097963985
10 0.060661395266369
10 0.059386593647956
10 1.432402100257474
10 0.059317958170054
10 0.043554205126635
10 0.030849528358393
10 0.039276090347647
10 0.199845529226772
10 0.030686857326229
10 0.106868694789819
10 0.084163044458229
10 0.053287382942585
10 0.118259030978859
10 0.083795236495178
10 0.035230277898055
10 0.058710887629422
10 0.038028030331668
10 0.039309157119493
10 0.042575436854090
10 0.024762987075392
10 0.030793462977471
10 0.034825301291399
10 0.059576490924298
10 0.045648034854730
10 0.028352149983075
10 0.033621424512963
10 0.052174532477143
10 0.039090907861389
10 0.107254835821715
10 0.024057190206314
10 0.042824777127644
10 0.038332673181271
10 0.031148159231410
10 0.525668722043615
10 0.022113071140800
10 0.637792899618933
10 0.046811517690195
10 0.052022003752510
10 0.038880434919172
10 0.083065717509336
10 0.042709620672234
10 0.071690661562570
10 0.040217362542150
10 0.083373726344819
10 0.028555570108870
10 0.017481081030310
10 0.020017895404951
10 0.047485707912501
10 0.055833139525709
10 0.320018037166490
10 0.071231030296731
10 0.038501358963380
10 0.048437231675980
10 0.033788139280309
10 0.030269785737588
10 0.047667073226542
10 0.023743166881810
10 0.034239547673439
10 0.040575045151050
10 0.030361950698286
10 0.039302762671370
10 0.037613688741714
10 0.021228569004746
10 0.030171182961276
10 0.039676328496334
10 0.022287433417717
10 0.051456927049832
10 0.034104835849682
10 0.090971128970045
10 0.342483788284695
10 0.039152327644586
10 0.052645652475728
10 0.080948203944819
10 0.406817674217082
10 0.024770282712505
10 0.071138168020617
10 0.044775553973802
10 0.036998508203670
10 0.052238570152053
10 0.117584273423655
10 0.031250057772369
10 0.057262568332418
10 0.042412427611725
10 0.075426152722057
10 0.033411691582582
10 0.056912271147969
10 0.071160989835267
10 0.013933985999872
10 0.051418265407845
10 0.059163258041220
10 0.033931474982583
10 0.040874804330524
10 0.049644881345714
10 0.038791028801060
10 0.050232941822966
10 0.059659366594013
10 0.250530031333819
10 0.045719430035017
10 0.022574091790963
10 0.045914937155812
10 0.069889622155209
10 0.036346625865988
10 0.081054667278719
10 0.047877946235453
10 0.043777647635299
10 0.038703521495789
10 0.065436371696912
10 0.044656061378956
10 0.037529815356392
10 0.023472682889553
10 0.067722156947260
10 0.034988534559410
10 0.034435567808885
10 0.034213366501033
10 0.040648323265443
10 0.026326521087177
10 0.025176553247245
10 0.040834226453393
10 0.096306452944667
10 0.050290661432987
10 0.045072022002308
10 0.062715049636475
10 0.023563685466291
10 0.097601366183096
10 0.023918357480511
10 0.077858466250033
10 0.085992072704248
10 0.040595672792447
10 0.053835576184527
10 0.025372500489895
10 0.250530031333819
10 0.045719430035017
10 0.022574091790963
10 0.045914937155812
10 0.069889622155209
10 0.036346625865988
10 0.081054667278719
10 0.047877946235453
10 0.043777647635299
10 0.038703521495789
10 0.065436371696912
10 0.044656061378956
10 0.037529815356392
10 0.023472682889553
10 0.067722156947260
10 0.034988534559410
10 0.034435567808885
10 0.034213366501033
10 0.040648323265443
10 0.026326521087177
10 0.025176553247245
10 0.040834226453393
10 0.096306452944667
10 0.050290661432987
10 0.045072022002308
10 0.062715049636475
10 0.023563685466291
10 0.097601366183096
10 0.023918357480511
10 0.077858466250033
10 0.085992072704248
10 0.040595672792447
10 0.053835576184527
10 0.025372500489895
10 0.122356682996727
10 0.032816122371024
10 0.088844530376297
10 0.045823197294905
10 0.076139866176780
10 0.020957702543810
10 0.421413370702164
10 0.034788198727597
10 3.951504032868487
10 0.098338560886308
10 0.025379920313752
10 0.033833469936279
10 0.049452978639181
10 0.063394956785901
10 0.471499890180095
10 0.063362984516778
10 0.081241530187438
10 0.111426957305637
10 0.019604753469824
10 0.073810607523822
10 0.041673579262081
10 0.034768851542796
10 0.045234186098999
10 0.052235131630788
10 0.032837522557413
10 1000000000000000019884624838656.000000000000000
10 0.022223887976717
10 0.053998346534878
10 0.037748962290252
10 0.044759395203307
10 0.044517318232859
10 0.022711799125439
10 0.030277986968703
10 0.027983873972201
10 0.067724795323262
10 0.018598782612226
10 0.059796525933704
10 0.027044683094931
10 0.025770891587199
10 0.083510006114627
10 0.039657404830225
10 0.034582116941500
10 0.032734452027647
10 0.046897544191154
10 0.035388766794978
10 0.054587570969329
10 0.277025190159418
10 0.046933748674933
10 0.069327466324687
10 0.036040523358209
10 0.037863714665417
10 0.030280864155385
10 0.039771953534834
10 0.059081052452559
10 0.043136495653174
10 0.090722090660114
10 0.040272795905839
10 0.043628431550701
10 0.047531525098609
10 0.042396402558455
10 0.045179090540654
10 0.129066331519162
10 0.033659084169265
10 0.050847459360381
10 0.035137703367720
10 0.035755197442032
10 0.073635316961846
10 0.023330310227349
10 1000000000000000019884624838656.000000000000000
10 0.046961500202376
10 0.043781760678937
10 0.042941859008780
10 0.021998491714451
10 0.024361041194707
10 0.127465698852119
10 0.023721393934514
10 0.038035567813774
10 0.056112796449768
10 0.031558622000541
10 0.055682739691982
10 0.037968233955399
10 0.031032029963516
10 0.025934652775302
10 0.032170181903692
10 0.041220105922889
10 0.059671881342396
10 0.084863640764659
10 0.018943729580705
10 0.030397063113169
10 0.045646247258595
10 0.043201008134885
10 0.181208492586770
10 0.037434905060372
10 0.051152755880993
10 0.118503843103474
10 0.025984104473717
10 0.053378494658114
10 0.052375257679749
10 0.035371340505259
10 0.046004693588848
10 1000000000000000019884624838656.000000000000000
10 0.062352354779321
10 0.050542166124025
10 0.045073931783543
10 0.023008054506911
10 0.047301406869423
10 0.033781366233610
10 0.044008844185554
10 0.049701750401047
10 0.143956369398778
10 0.048990545683315
16 0.204690208716588
16 0.562456427040453
16 9.982226663010501
16 0.260244227762191
16 0.212578451436647
16 0.175459041225721
16 0.112985725333250
16 0.565501453693894
16 0.269400947308082
16 0.244728967973578
16 0.611381331592971
16 1.127237288478509
16 0.163822148249182
16 0.254346439240749
16 0.362142458830482
16 0.772557002003195
16 0.327987784548149
16 0.464877294446578
16 0.168870905553647
16 0.273668154401157
16 0.274302913344375
16 0.204741597764354
16 0.256024415969009
16 0.309586645793869
16 0.460955458096000
16 0.361488907491925
16 0.127701084709100
16 0.226796686534261
16 0.228195704041404
16 0.164128094628512
16 0.337743133824471
16 0.428301444862215
16 0.913337682567890
16 0.181371385966777
16 0.490977864012675
16 0.198792084922720
16 0.161405882091540
16 0.229698769391901
16 0.222777430229675
16 0.327555081837148
16 0.372138139596821
16 0.161706550572795
16 0.208545314491858
16 0.177774259324257
16 0.112588775393039
16 0.124418726365668
16 0.161178844972744
16 0.274226672109140
16 0.458525855828308
16 1.795745152763837
16 1.658391389457365
16 0.512649411229535
16 0.337942213171815
16 0.155082633479250
16 0.213099609123849
16 0.219192914673426
16 0.378615856959105
16 0.279828879679553
16 0.305042782191411
16 0.453766206123767
16 0.312923594719497
16 0.152069801499993
16 0.171167483447126
16 0.157449706616278
16 0.135229287632279
16 0.415791326264142
16 0.233216910464660
16 0.182349446020603
16 0.385545448012828
16 0.935727634346969
16 0.432700992221666
16 9.885374462803139
16 0.855619745374265
16 2.140285092382268
16 0.260439135020848
16 0.231876803237662
16 0.207649827079734
16 8.672071744666404
16 0.253264271416671
16 0.167821421224237
16 0.376827277532997
16 0.242401028640078
16 0.158523338699541
16 0.275589286046167
16 0.358805642577178
16 0.197232181504611
16 0.156985230165041
16 4.138540852572789
16 0.101951176655121
16 0.278253339304108
16 0.240950083651780
16 0.180085874601210
16 0.137904725974431
16 0.124911747167269
16 0.142551558031090
16 0.122356742182132
16 0.563754944380963
16 0.224966044314818
16 0.152570424228148
16 0.164061261463104
16 0.170023323982264
16 0.393582554673946
16 0.210745785400190
16 0.203281057612732
16 0.185631476233346
16 0.135380217781001
16 1.167409787530538
16 0.342553812938434
16 0.742173802969427
16 0.259399695638997
16 0.171018856565823
16 0.164173585004614
16 0.119790441614681
16 0.092163917441868
16 0.136717781399937
16 0.140929724257004
16 0.540635786759541
16 1.038394500683814
16 0.383225706409991
16 0.538973256338485
16 0.299436765532913
16 0.091078427112316
16 0.366958627853998
16 0.153139975352127
16 0.139598277619130
16 0.137501052674438
16 0.127905090217699
16 0.086574181641904
16 0.251541748852601
16 0.223942336445901
16 0.202214954798327
16 0.242560424018251
16 0.150299729757108
16 0.541698562820493
16 0.250584644214396
16 0.220884788384280
16 0.443661966495817
16 0.207965847948095
16 0.360553432875072
16 0.134027832607297
16 0.184551326180972
16 0.336346149174767
16 0.164277510770361
16 0.337915819937352
16 0.176418106526238
16 0.440950940421418
16 0.141910777980090
16 0.110372553982389
16 0.210026489190269
16 0.205636320114618
16 0.221739552956259
16 0.318157779221175
16 0.278535735830116
16 1.992426292207639
16 0.539319402325321
16 0.244405949095319
16 0.292049010502850
16 0.438231174837746
16 5.683955249641004
16 0.178894249272655
16 0.198805862891252
16 0.400887602084862
16 0.172505060914520
16 1.330971443757909
16 0.156258922673885
16 0.422430252007087
16 0.344838393389089
16 0.349381887799380
16 0.256103916270464
16 0.396551686826230
16 0.757623711694597
16 0.155402796404030
16 0.230136991245463
16 0.189806993516329
16 0.289129801496244
16 0.147691415346735
16 0.287890018474368
16 0.292259143654491
16 0.288697932587677
16 0.231412055717485
16 0.250167775663014
16 0.189701714288769
16 0.267659242892239
16 0.459676794877576
16 0.281998381406661
16 8.584361424223747
16 0.098290575351190
16 0.155328313591562
16 0.264377153480321
16 0.257924836874788
16 0.603541850232051
16 0.489763936895217
16 0.332683624804742
16 1.520582458990471
16 0.272500407995765
16 0.213304166092637
16 0.226299301172540
16 0.182296163948735
16 0.315382499180620
16 0.180004432869183
16 1.658391389457365
16 0.512649411229535
16 0.337942213171815
16 0.155082633479250
16 0.213099609123849
16 0.219192914673426
16 0.378615856959105
16 0.279828879679553
16 0.305042782191411
16 0.453766206123767
16 0.312923594719497
16 0.152069801499993
16 0.171167483447126
16 0.157449706616278
16 0.135229287632279
16 0.415791326264142
16 0.233216910464660
16 0.182349446020603
16 0.385545448012828
16 0.935727634346969
16 0.432700992221666
16 9.885374462803139
16 0.855619745374265
16 2.140285092382268
16 0.260439135020848
16 0.231876803237662
16 0.207649827079734
16 8.672071744666404
16 0.253264271416671
16 0.167821421224237
16 0.376827277532997
16 0.242401028640078
16 0.158523338699541
16 0.275589286046167
16 0.358805642577178
16 0.197232181504611
16 0.156985230165041
16 4.138540852572789
16 0.101951176655121
16 0.278253339304108
16 0.240950083651780
16 0.180085874601210
16 0.137904725974431
16 0.124911747167269
16 0.142551558031090
16 0.122356742182132
16 0.563754944380963
16 0.224966044314818
16 0.152570424228148
16 0.164061261463104
16 0.221739552956259
16 0.318157779221175
16 0.278535735830116
16 1.992426292207639
16 0.539319402325321
16 0.244405949095319
16 0.292049010502850
16 0.438231174837746
16 5.683955249641004
16 0.178894249272655
16 0.198805862891252
16 0.400887602084862
16 0.172505060914520
16 1.330971443757909
16 0.156258922673885
16 0.422430252007087
16 0.344838393389089
16 0.349381887799380
16 0.256103916270464
16 0.396551686826230
16 0.757623711694597
16 0.155402796404030
16 0.230136991245463
16 0.189806993516329
16 0.289129801496244
16 0.147691415346735
16 0.287890018474368
16 0.292259143654491
16 0.288697932587677
16 0.231412055717485
16 0.250167775663014
16 0.189701714288769
16 0.267659242892239
16 0.459676794877576
16 0.281998381406661
16 8.584361424223747
16 0.098290575351190
16 0.155328313591562
16 0.264377153480321
16 0.257924836874788
16 0.603541850232051
16 0.489763936895217
16 0.332683624804742
16 1.520582458990471
16 0.272500407995765
16 0.213304166092637
16 0.226299301172540
16 0.182296163948735
16 0.315382499180620
16 0.180004432869183
16 0.221739552956259
16 0.318157779221175
16 0.278535735830116
16 1.992426292207639
16 0.539319402325321
16 0.244405949095319
16 0.292049010502850
16 0.438231174837746
16 5.683955249641004
16 0.178894249272655
16 0.198805862891252
16 0.400887602084862
16 0.172505060914520
16 1.330971443757909
16 0.156258922673885
16 0.422430252007087
16 0.344838393389089
16 0.349381887799380
16 0.256103916270464
16 0.396551686826230
16 0.757623711694597
16 0.155402796404030
16 0.230136991245463
16 0.189806993516329
16 0.289129801496244
16 0.147691415346735
16 0.287890018474368
16 0.292259143654491
16 0.288697932587677
16 0.231412055717485
16 0.250167775663014
16 0.189701714288769
16 0.267659242892239
16 0.459676794877576
16 0.281998381406661
16 8.584361424223747
16 0.098290575351190
16 0.155328313591562
16 0.264377153480321
16 0.257924836874788
16 0.603541850232051
16 0.489763936895217
16 0.332683624804742
16 1.520582458990471
16 0.272500407995765
16 0.213304166092637
16 0.226299301172540
16 0.182296163948735
16 0.315382499180620
16 0.180004432869183
16 0.221739552956259
16 0.318157779221175
16 0.278535735830116
16 1.992426292207639
16 0.539319402325321
16 0.244405949095319
16 0.292049010502850
16 0.438231174837746
16 5.683955249641004
16 0.178894249272655
16 0.198805862891252
16 0.400887602084862
16 0.172505060914520
16 1.330971443757909
16 0.156258922673885
16 0.422430252007087
16 0.344838393389089
16 0.349381887799380
16 0.256103916270464
16 0.396551686826230
16 0.757623711694597
16 0.155402796404030
16 0.230136991245463
16 0.189806993516329
16 0.289129801496244
16 0.147691415346735
16 0.287890018474368
16 0.292259143654491
16 0.288697932587677
16 0.231412055717485
16 0.250167775663014
16 0.189701714288769
16 0.267659242892239
16 0.459676794877576
16 0.281998381406661
16 8.584361424223747
16 0.098290575351190
16 0.155328313591562
16 0.264377153480321
16 0.257924836874788
16 0.603541850232051
16 0.489763936895217
16 0.332683624804742
16 1.520582458990471
16 0.272500407995765
16 0.213304166092637
16 0.226299301172540
16 0.182296163948735
16 0.315382499180620
16 0.180004432869183
16 0.308138859285567
16 0.165343058082134
16 0.177020787674253
16 0.142808923621508
16 0.203603509878324
16 0.290774437607726
16 0.639044596808811
16 0.179559070280386
16 0.342616306315718
16 0.230321528772949
16 0.179231477437884
16 0.218671467266116
16 0.371798347868626
16 0.207082973263467
16 0.189949674842626
16 0.336093231545004
16 0.227837740446221
16 0.526954560745369
16 0.337180637299568
16 0.534595192638016
16 0.134908508694846
16 0.169784689067629
16 0.381361308676432
16 0.311210999016848
16 0.097930682369904
16 0.266270309595432
16 0.257983105711891
16 2.316102979606883
16 0.178771177166174
16 0.311415431232409
16 0.242146525946605
16 0.282535973874824
16 2.165545351967568
16 1.169446553996719
16 1.470344967276219
16 0.309067213756799
16 0.139790589113299
16 0.223216055576313
16 0.164635576654415
16 0.940206483546938
16 0.248644648127003
16 0.324811352411777
16 0.552943450449102
16 0.568561790829026
16 0.299788518149080
16 0.142376460050981
16 0.193224942900956
16 0.206824643454994
16 0.594806151335780
16 0.221741750288734
22 0.755917912587995
22 3.903422924059647
22 0.964288657480338
22 0.815227448092314
22 0.623627434606074
22 0.546606908667614
22 0.941359463737989
22 0.904526366252262
22 1.488742562148070
22 0.456096994762945
22 1.089642633355877
22 1.335181595803827
22 0.779268258914720
22 1.697871579423147
22 1.658748562072443
22 1.016971630043418
22 0.905483681472747
22 2.491882253821566
22 0.537909061628047
22 0.619965443640747
22 0.729513680192753
22 1.680885692882848
22 0.597913915124122
22 1.388471392432746
22 9.745060899371719
22 1.065140018752169
22 1.119056807923777
22 0.869529965717024
22 5.269902760463719
22 1.278195405269334
22 1.734577274397655
22 1.602648297983636
22 0.826732966699042
22 0.670990223698715
22 0.384906544842787
22 1.039019263042482
22 0.530795196833444
22 1.222799055362372
22 0.594110235271736
22 1.233326098371858
22 1.966911260650871
22 0.648928053912145
22 0.541240094911375
22 1.094570392449230
22 9.708203335022594
22 0.545732121190978
22 1.284407474814460
22 0.768594949459126
22 0.340975871220867
22 0.605711590151331
22 1.524065601472036
22 0.394846517508646
22 0.336766070029131
22 0.788433629093438
22 0.908302164973096
22 5.508610614453533
22 0.521451918064072
22 1.428229954106524
22 1.803384074642912
22 1.214544659473063
22 1.702264318988091
22 4.479724881754981
22 0.601202385702464
22 0.899265762191757
22 0.947749777858577
22 0.846392153146807
22 0.465713228314046
22 0.586726435491221
22 0.467539219505108
22 0.651729967803804
22 0.553254219591035
22 1.423614075042042
22 0.610448441322326
22 1.623193543255626
22 0.996016691045595
22 0.316245455208541
22 1.707468782889967
22 1.164521066406149
22 1.204730886684466
22 1.223966469565775
22 1.010400221350861
22 0.988879932138027
22 0.695016480505123
22 0.356301010823580
22 2.260744074365314
22 0.881998817787562
22 1.197132524886019
22 0.482095934332701
22 1.764074266761845
22 1.389362608247715
22 0.983731087532385
22 0.824522222004465
22 2.455303452888285
22 0.913927144090293
22 1.303190463089675
22 9.133677441589182
22 1.363031561943372
22 0.961466946744308
22 0.901276583568961
22 0.493523060916388
22 1.283078875699119
22 1.451699321833653
22 0.833271537370785
22 0.796494671214355
22 1.167078015422907
22 1.069983984278490
22 0.760008218726982
22 1.559783215130577
22 0.746137137868695
22 0.877616379695811
22 0.512222863025309
22 0.826001541351164
22 0.594284350496629
22 0.908113862854987
22 1.070229601639828
22 1.429648906141154
22 0.592548259673724
22 0.966427018839210
22 0.830093405706285
22 0.449229624690640
22 1.626935318605164
22 1.146635718708759
22 0.836405674251146
22 0.587488710752876
22 0.830781525789066
22 0.790676849676147
22 1.559127142497683
22 0.302555465699692
22 0.819318023466828
22 5.633970177204627
22 0.744127917153677
22 0.773871181497010
22 0.593142470706455
22 0.838841120084673
22 1.072420665684323
22 0.412515050662890
22 2.304740819091890
22 9.950134220451343
22 0.804294802433162
22 0.968252368786764
22 0.995304519239534
22 0.706818987569950
22 0.660322211568748
22 1.130510079481970
22 1.301498659691617
22 1.002692909906601
22 1.035751868502887
22 2.692244132038098
22 2.458556662650039
22 0.438870110004325
22 9.544401625810091
22 3.602460125672236
22 0.447688929736858
22 0.624220607217620
22 0.834957761586454
22 1.348078007323640
22 3.131765721864141
22 1.391955650784623
22 2.533823495705380
22 0.723380812450162
22 0.788536941303789
22 0.606914274189253
22 0.648975536951041
22 0.492409446860303
22 0.628987280071337
22 0.379724010066139
22 0.891778764458331
22 0.713057559268837
22 0.622516208138458
22 0.953753920135011
22 0.788464393274274
22 1.146747870347349
22 1.136873603038802
22 2.570861686694352
22 1.167356888901868
22 0.494497484439611
22 0.782928790818691
22 0.630825597515670
22 1.172162566943167
22 2.405534051978488
22 0.789140267537033
22 0.942309114591783
22 0.730546598793723
22 0.825867005326325
22 1.052821872885020
22 0.856858126857591
22 0.722409605549866
22 0.982133690684298
22 1.663548095052325
22 0.607218047029595
22 1.635975052667039
22 8.382908584683925
22 9.749420517878557
22 0.679835636233808
22 1.692808525620979
22 1.084507977172706
22 0.689252780998181
22 0.624045259542631
22 1.064004910798011
22 1.361921346036598
22 0.636382932522398
22 1.589943949754786
22 0.799004012420468
22 0.903389317841869
22 4.583056767828319
22 1.457277166266341
22 0.524259374720210
22 7.622301940826222
22 0.940396946571121
22 9.048530103082397
22 0.874194836073782
22 1.679331942657526
22 1.052859325190029
22 0.385471359035089
22 0.635160515858598
22 0.972849131816254
22 1.795045671396533
22 0.354249526633481
22 1.356292715110190
22 0.523219518025273
22 0.442683885493035
22 1.135322626393680
22 1.525215162152985
22 0.879293473235840
22 1.696094500423361
22 1.380088703404997
22 0.946434273554545
22 1.812056570107842
22 0.667498361078700
22 0.425487335874199
22 0.480128726328126
22 1.299387186376722
22 1.451579210684657
22 0.772346822208079
22 2.004515045758907
22 1.490318402167951
22 1.043207660156729
22 1.224949791854864
22 1.526488463338659
22 0.629307084448641
22 0.854258334295921
22 0.826490298008320
22 0.990428260200085
22 2.178284057723331
22 0.591487990831296
22 9.857503147165005
22 0.722028797993966
22 0.566692375494752
22 0.791216487757411
22 0.961224460422474
22 2.104499594648840
22 1.589509455953894
22 9.481657897937092
22 0.815661534519999
22 1.342396087894590
22 0.983307019323746
22 1.092447627847998
22 1.120913161085038
22 1.685188026195439
22 1.882286329631571
22 1.054018018877723
22 0.792252960997336
22 0.370249704164507
22 0.389667215950528
22 0.583161307405736
22 1.019438836383670
22 9.400792510176403
22 0.675494816933500
22 2.079506006942957
22 5.024439986073128
22 2.014515519604218
22 0.553889730396939
22 2.156211317622566
22 2.969173661538943
22 0.980576172376971
22 0.641294302260733
22 0.746957689196039
22 0.673691578856938
22 0.768638874933218
22 9.582784614787117
22 1.068375634063488
22 0.685701991560105
22 0.943772203403229
22 0.519184860983943
22 0.527017049121350
22 1.254806442941517
22 1.916895865543718
22 0.423400642045370
22 1.003812824181815
22 9.796870792867168
22 0.712143401656946
22 0.692401247985917
22 1.475517166224320
22 0.692190946865145
22 2.678033366315445
22 0.524872653107066
22 1.045937326526433
22 0.327667466066514
22 1.062236043597700
22 0.521643519080234
22 0.835964368158359
22 1.738061626891102
22 1.150442506525493
22 0.927331682364500
22 0.922657924756647
22 1.713184190979069
22 1.528876585810351
22 0.655968754832222
22 0.606038695168392
22 0.678459037679771
22 1.549626676409168
22 0.306175879599063
22 1.180354106831235
22 0.523933430163128
22 0.427845276289922
22 1.122543800167204
22 1.416897973646263
22 1.634479968251641
22 1.132245101167935
22 1.286168876214107
22 0.662038928754820
22 9.892765494761635
22 1.531785108928319
22 0.686470247464941
22 1.039520726097905
22 8.639538942322543
22 0.637863789200716
22 1.457907307262454
22 0.353034865088796
22 0.497557734707017
22 1.552328831848095
22 0.813093081617486
22 0.427441962594031
22 0.697870346426473
22 0.503195376001169
22 0.597415423419846
22 1.744034475516110
22 1.131144641137987
22 1.039452396249160
22 0.938506176296730
22 1.004992991818578
22 1.041899570859095
22 2.310306288514236
22 0.954365997490525
22 1.594511745472322
22 1.818543526247794
22 0.913191976575098
22 0.746293871796305
22 0.889534297299748
22 3.001528128934291
22 1.091440749321898
22 0.590059557844964
22 0.465183060317298
22 1.167721146630627
22 0.553647448182939
22 1.168630633260758
22 0.407865417327658
22 1.945575282377890
22 1.390923948979189
22 0.779487158323666
22 1.263423102281934
22 0.418627749525339
22 0.923798542005751
22 0.846174704285943
22 0.623599687576736
22 1.014394930044799
22 0.727240381436906
22 0.816910272686781
22 2.085838806539152
22 1.452401683409133
22 0.974964229139497
22 0.359865210143162
22 0.329096072801562
22 0.694003266709025
22 0.407175279030877
22 2.110034682307115
22 0.568421138852153
22 1.184463042119810
22 1.170604672402519
22 0.750430848202628
22 1.146900703054201
22 0.544808984194126
22 9.880087553822172
22 1.508478741343312
22 0.587141600338605
22 0.547790809086801
22 1.038053398886146
22 1.810598519511774
22 0.719434886468618
22 1.069571674504576
22 1.073505374629070
22 0.510397370226690
22 1.150967157294908
22 0.595641339326298
22 0.337289065246501
22 9.532622258596197
22 1.369857086452073
22 1.059319741438128
22 0.781695812006914
22 0.619800964027347
22 1.222402969877531
22 0.618619796546986
22 1.301404070600896
22 0.640959077975113
22 0.818511549196518
22 1.051383790300124
22 0.610825733751367
22 0.880239750058911
22 0.858057061494797
22 0.829668163029896
22 0.776609135302054
22 0.810135417014096
22 1.078982638020784
22 1.049925386345129
22 9.384572608113487
22 0.802813026046713
22 0.670622043424149
22 0.885084189020507
22 0.896274671096927
22 0.570159200156861
22 0.870265719396592
22 1.293447775750935
22 0.600475900855085
22 0.452879604190920
22 0.873816527153290
22 1.300593248729334
22 0.494936938353733
22 0.945687114270369
22 1.132014944095548
22 5.652780864157756
22 1.303817484144114
22 1.441016377045722
22 1.487193964481808
22 0.872617696156226
22 1.272320287059274
22 1.769618680618525
22 0.512741998688820
22 9.677838228866912
22 0.808908744217807
22 1.492841708286982
22 0.540887536234393
22 0.756566811538643
22 0.383373977861190
22 3.748974657664001
22 1.026314200157586
22 0.805515534294466
22 2.188593543131923
22 1.250320231537997
22 0.616535859465229
22 0.911376254773764
22 0.759771713493863
22 3.334485708581165
22 0.735781197167684
22 1.283548242248678
22 0.656238703565462
22 0.461874165568637
22 1.320831682858628
22 0.796735857100388
22 1.599272478644949
22 0.964540327307892
22 0.999844596999911
22 0.489753614976509
22 1.167785646583189
22 0.649573299788298
22 1.040751161305207
22 0.928112444211310
22 0.507978726174677
22 0.534714932786652
22 0.793085417838417
22 0.646899139507706
22 1.735864959266616
22 0.955235116544037
22 1.248194377976295
22 1.842950672505290
22 9.775694042120982
22 1.761400418901626
22 1.851335744915013
22 0.357732682665487
22 0.460287119741407
22 0.367238428502082
22 0.429866232411109
22 0.781726596996648
22 1.369137934793438
22 0.643363860322423
22 1.111698509445984
22 0.585371795516383
22 9.775239379556952
22 0.367572275293769
22 1.230741205717598
22 1.192906809115379
22 3.518529637111142
22 1.750817256427500
22 1.008169043137563
22 3.963858270978344
22 3.375572173415774
22 2.156713803950014
22 0.817535067883484
22 0.327603562987755
22 1.021393205491459
22 0.555605730670278
28 1.470357503876872
28 2.105095653879119
28 1.273298641516984
28 1.780391994519049
28 2.329555893166271
28 1.760614997344357
28 1.324548470411847
28 3.093613015782749
28 3.656332672719554
28 1.746483283631199
28 1.234372973493337
28 1.102944115397745
28 4.389534517317349
28 1.058247844703398
28 2.787884838687514
28 6.250078216992663
28 3.314417345878521
28 2.122387685498784
28 5.724778157174791
28 4.474958563194317
28 4.162457403540124
28 6.996167622534026
28 2.753672248000972
28 1.514493548428927
28 2.794505729081505
28 1.972584814273905
28 2.323765574236436
28 2.846498840686721
28 3.112525084335716
28 3.455880692225583
28 3.046463391868255
28 6.698950803786243
28 4.452297434757837
28 6.271081744220848
28 2.572436667717028
28 2.093411925917398
28 2.376663243953292
28 2.779332008804509
28 9.834297394889484
28 1.059867193442639
28 1.327710194082825
28 2.688044200227127
28 2.190565192898946
28 2.631900747208409
28 9.755210890477446
28 2.946939419884190
28 2.416260395648985
28 3.862947108085991
28 9.667197340744107
28 5.412872264558799
28 9.799354183313440
28 2.876489846830985
28 9.710321890883360
28 9.870354893973415
28 2.950666455575624
28 2.072890640024827
28 2.125107202505940
28 4.413883652843007
28 5.335351004031450
28 2.754184106397204
28 3.051106017018126
28 3.335895903171854
28 9.745479481005459
28 2.881852047601988
28 1.900280354978843
28 9.484293436615829
28 9.823302661354681
28 2.583568369692335
28 1.589669515673545
28 2.446799200136187
28 3.245487920260548
28 6.352505228282669
28 1.499502469867128
28 4.006000015247217
28 1.259976553057536
28 1.768413721435272
28 3.239185120373076
28 3.743347112245063
28 2.182151481532380
28 3.032204396020769
28 8.187400271227657
28 0.924442437355692
28 2.679064606539901
28 2.329506725550436
28 2.932546557598988
28 2.862645922774765
28 3.871533570969715
28 2.903271605425086
28 9.670715376895817
28 1.412851731265025
28 4.021024400676252
28 3.336445695964731
28 2.764769468505723
28 9.704321703386086
28 6.847827415889892
28 5.639400781939929
28 2.992446772339295
28 3.643872511546503
28 3.584691467933328
28 1.922336783784983
28 1.990157940868884
28 3.752167529786901
28 1.143885134249000
28 2.798774349114921
28 1.987316496731744
28 9.616499915150683
28 9.790685438218970
28 1.788836009479111
28 1.307130082041916
28 2.157432381799194
28 2.690283150169175
28 2.715206749566637
28 3.026251897465315
28 2.453359258956489
28 7.266457883412560
28 1.480410291871362
28 1.253073027100929
28 3.641696636445507
28 3.852383022396706
28 2.711004955787920
28 2.450865366715998
28 2.090496372973669
28 3.038665154137951
28 2.775562789267082
28 4.520089126053176
28 4.653140468326983
28 1.222081047079290
28 3.636071535325978
28 4.091510296400667
28 9.410034540564441
28 3.863294248889054
28 2.190665454159229
28 4.287212230673593
28 1.635529474220450
28 1.344697018384268
28 9.794803543925333
28 1.563692388547083
28 3.580456739357467
28 4.153209223519091
28 1.426897364563233
28 6.115174430562937
28 3.022830040243680
28 3.724241265745980
28 5.288363605981300
28 1.906113075529470
28 2.450057981769873
28 2.929341461016502
28 4.000416760216645
28 1.317572473410548
28 2.782706358454898
28 3.148339451715226
28 2.440730271413747
28 2.082295731128421
28 3.202248922562177
28 3.143728866974628
28 4.765272131199499
28 1.880165892642011
28 9.511489096413152
28 1.570114196467893
28 2.830061770772025
28 4.011018388251241
28 2.897238128206554
28 3.226838521734614
28 1.225075884558180
28 5.374076979543476
28 2.090454548583000
28 1.830986045389211
28 2.075106246155681
28 3.053114305409648
28 2.868908875588457
28 4.566115416342631
28 2.959267695230620
28 2.588328487769085
28 2.456540435884225
28 4.259376579227426
28 4.548161632613128
28 8.786746540981753
28 9.146618163315496
28 1.475308470404714
28 2.518057238480581
28 1.315038922792521
28 9.807129645999929
28 2.034573216927960
28 9.823245692724241
28 1.923586912338229
28 8.358707751400747
28 8.805542851351905
28 9.545306668194675
28 9.136892645963744
28 3.418829578902371
28 2.538663734509602
28 8.193173608666630
28 2.876661384304439
28 1.331972299274296
28 2.688105283603810
28 2.337549770384708
28 4.553784227616836
28 1.043982072567583
28 3.398639007100588
28 8.068951635901323
28 3.523002535732972
28 4.620208100793565
28 9.665046453085353
28 4.266837091891400
28 4.235538257331651
28 9.682538047541188
28 8.240607734147739
28 4.706566384398934
28 2.272071255254329
28 2.142997381458296
28 5.426954874454996
28 5.008265650875937
28 1.210769662492281
28 4.079053985674276
28 1.413659326371287
28 1.369906848684977
28 2.312850074072930
28 2.339055937357759
28 3.059035290989609
28 2.675332515167490
28 3.204191179497354
28 2.387214486436856
28 2.060031113135174
28 2.814110420660706
28 2.332918957055858
28 2.855574547039228
28 1.326947511826527
28 2.004112530781500
28 0.978557179839428
28 2.694691643948577
28 1.825515939575653
28 2.560311208078677
28 1.407607401110633
28 1.500361541803425
28 5.924167127471040
28 1.667160717440329
28 2.138448773956132
28 2.588428984360895
28 3.341120187125679
28 3.018200084090888
28 1.516590785183261
28 2.423817771054752
28 3.538051661119302
28 3.345508456654634
28 1.635689143194443
28 2.212894927720749
28 1.840049570139822
28 2.065577420557575
28 2.110216411097905
28 1.836271315557281
28 2.882008144458426
28 3.032719519869682
28 3.526245454246089
28 1.281952115996411
28 2.373191502716956
28 2.994553093589962
28 1.237523972230441
28 9.717229628005072
28 2.272587929323715
28 1.643452439251789
28 9.666902757863365
28 3.355102649911325
28 3.680098124435680
28 1.403143005144203
28 3.614538816241003
28 5.864100016584025
28 9.535711328934674
28 3.989377337247682
28 5.116423119661900
28 2.143108728454781
28 1.546385329356848
28 3.076885752387601
28 2.240735633446308
28 2.751987445411135
28 1.936533273456465
28 1.571868692340079
28 5.653818887209239
28 2.112748715835384
28 1.786633332799922
28 2.664455119073617
28 1.845458522827014
28 1.584051315050413
28 1.574965597628076
28 1.705008561173562
28 1.808487353346285
28 4.626140175534761
28 4.129837940399336
28 2.849354444695998
28 2.923734423195289
28 1.557112820782964
28 2.861188464888586
28 3.728615696088707
28 2.426426395491180
28 9.770706055248823
28 9.279691546340761
28 2.852403528895496
28 2.504663046512191
28 9.355605350583090
28 9.431442283440351
28 2.667960305958278
28 1.575234317001907
28 3.732491144238257
28 2.735702758817011
28 2.732299627468646
28 5.827510020696264
28 9.830187344915203
28 5.331681167965896
28 3.291471591370430
28 3.622775072162163
28 3.211720410947026
28 2.011015292647023
28 1.861657727475187
28 1.677675526580021
28 3.165276615177468
28 1.829736955862104
28 2.370833143518695
28 2.782966316507028
28 6.948545685938912
28 2.798867969450458
28 1.127713876510164
28 2.102457351479217
28 1.561438653837350
28 2.399603694639169
28 2.543962056526186
28 3.454623313292709
28 2.357753436264937
28 2.992924091606224
28 2.670843088932421
28 1.733311301907540
28 2.209540584133884
28 3.099487192920194
28 3.408879802034877
28 1.724930405254319
28 1.431744797192133
28 3.370078490741898
28 2.502155958668252
28 5.189637027841973
28 1.427148170909191
28 1.626731861951385
28 9.020092829511611
28 2.322897094198834
28 2.200842938763856
28 2.949635169139855
28 2.329910200260149
28 2.270973381648131
28 1.595074353369869
28 3.395677650917616
28 9.609481640005685
28 3.520369349385575
28 1.502242234664035
28 2.231652658143298
28 3.596362102693497
28 1.644237491334849
28 2.059513454420236
28 2.877211090557696
28 3.334606463584447
28 1.868718476154011
28 4.221938108870056
28 2.748170664739921
28 3.234561088160095
28 2.771393321071237
28 6.742285056408821
28 9.496482313586714
28 2.863158067390322
28 4.497680068798149
28 3.181378351338920
28 2.452352095967396
28 9.600226124892082
28 3.073003637802510
28 1.287398774899478
28 2.032417408504085
28 3.405173583749605
28 9.524322333449177
28 4.213742600855523
28 8.903342078272527
28 7.081155455071249
28 1.397035261594836
28 3.371552476753579
28 4.905435916141062
28 2.881585564104713
28 3.870623587936563
28 3.939923945585622
28 2.863801993464145
28 2.238691993004213
28 1.766973653990211
28 2.112132535863174
28 4.344788041666406
28 1.667772994620314
28 1.343634172872613
28 3.259303294989851
28 3.272415939970823
28 3.722848639236605
28 3.489977233426129
28 3.725868491742680
28 4.884239555661246
28 1.426268397859761
28 3.974403843789971
28 1.438895038396799
28 2.863341236542745
28 5.021648122782516
28 2.539767121800429
28 9.841316133243366
28 0.975827405048912
28 1.915140410958347
28 2.659200865141756
28 1.989996060123874
28 5.994667442157285
28 2.962372285530650
28 1.813507667939149
28 6.755091637800181
28 1.816347791747841
28 2.463093782780081
28 9.629443397084284
28 1.386854428600872
28 9.334515697386054
28 2.872960909175729
28 1.846699997867300
28 9.282061909335447
28 3.498542837943963
28 6.134786239978207
28 1.750195921964602
28 2.891509329025565
28 2.075694902782085
28 3.474009461589016
28 2.395463803156568
28 3.828924126651679
28 2.796905306890030
28 3.485393026351969
28 2.131328808563283
28 2.464938457141827
28 4.727786208935784
28 8.944491554821088
28 1.477972666280255
28 7.653079954639919
28 3.586982676978248
28 3.676542933260773
28 2.508963009702816
28 4.647554591654052
28 2.605860256519499
28 2.691266714049472
28 1.315906499303646
28 4.682972949388805
28 1.587223577423831
28 3.188275470704053
28 3.702719109339949
28 4.167964297771976
28 3.917142430411190
28 1.813766791095278
28 3.073195200170459
28 1.845649900574715
28 3.082572134218228
28 3.283264883713301
28 2.469908997315552
28 4.815200327241390
28 2.964476157399321
28 2.716251841819187
28 5.456650628834218
28 4.530423137451506
28 2.091670873714468
28 9.810988786854971
28 2.828444664273586
28 1.807903198692391
28 3.051146187666476
28 2.999775865265601
28 1.414978172107173
28 2.318908271686172
28 8.209512553710542
28 1.600886577907070
28 3.244611310248201
28 4.807262119170100
28 1.237310947912865
28 2.106403667488429
28 9.638829517261611
28 9.815617727416839
28 2.188231732851970
28 1.944003523563112
28 2.626224270373180
28 5.508727196778540
28 2.075747425689206
28 2.353589678422885
28 3.960106275146902
28 3.400163139713696
28 6.265106235186026
28 6.556002537805403
28 2.307404836722266
28 2.064913344297175
28 6.920795215572667
28 5.752890933259787
28 5.997414427862862
28 2.621509323499414
28 1.985319950623513
28 2.392533285456369
28 2.780673653086422
28 2.773924486528452
28 1.991938137293437
28 4.041921340488132
28 2.235694260452259
28 1.561914074677828
28 9.757130850449695
28 1.483011233349327
34 9.209325484220727
34 9.251687021160222
34 7.593497568487808
34 8.313844691542080
34 9.468748630645774
34 9.297214728351459
34 9.158624719189756
34 8.625175157274475
34 8.257010955751536
34 9.024374868366216
34 9.425430577953529
34 9.373831462722475
34 7.907388121440516
34 7.895290740670895
34 9.442294739665757
34 7.711474157417029
34 9.365500731892686
34 7.466680788798900
34 9.644982150244413
34 8.144466304921337
34 9.599778671100047
34 6.450892844438066
34 9.657390180133904
34 9.795920594473955
34 8.082304830971427
34 9.611815335694134
34 8.669082603708748
34 8.602564602125048
34 9.315042608427870
34 9.444762893964437
34 9.477627537903480
34 8.796723832923233
34 9.633395473799887
34 9.686695831710363
34 9.687243755922509
34 9.531304371076569
34 7.545716305294751
34 8.125394173069450
34 9.039811772805216
34 8.954103598787444
34 9.513993866300108
34 9.566662156349393
34 9.354063755407392
34 8.364640189029720
34 9.581675088282385
34 9.492359792836407
34 9.224908212951647
34 9.577200623686355
34 9.756629141883986
34 9.461081067350378
34 9.209325484220727
34 9.251687021160222
34 7.593497568487808
34 8.313844691542080
34 9.468748630645774
34 9.297214728351459
34 9.158624719189756
34 8.625175157274475
34 8.257010955751536
34 9.024374868366216
34 9.425430577953529
34 9.373831462722475
34 7.907388121440516
34 7.895290740670895
34 9.442294739665757
34 7.711474157417029
34 9.365500731892686
34 7.466680788798900
34 9.644982150244413
34 8.144466304921337
34 9.599778671100047
34 6.450892844438066
34 9.657390180133904
34 9.795920594473955
34 8.082304830971427
34 9.611815335694134
34 8.669082603708748
34 8.602564602125048
34 9.315042608427870
34 9.444762893964437
34 9.477627537903480
34 8.796723832923233
34 9.633395473799887
34 9.686695831710363
34 9.687243755922509
34 9.531304371076569
34 7.545716305294751
34 8.125394173069450
34 9.039811772805216
34 8.954103598787444
34 9.513993866300108
34 9.566662156349393
34 9.354063755407392
34 8.364640189029720
34 9.581675088282385
34 9.492359792836407
34 9.224908212951647
34 9.577200623686355
34 9.756629141883986
34 9.461081067350378
34 9.502193409740764
34 9.589689667755911
34 8.788185909301331
34 9.419098524533515
34 9.415180262609869
34 9.125850303468805
34 8.166933694950970
34 8.697163102355686
34 8.881251584717303
34 9.523427179663404
34 8.822032608496347
34 9.532829098743512
34 8.709058620453547
34 8.894294218199981
34 8.964612315012580
34 9.363814816461360
34 8.150204923660812
34 9.034104378121992
34 7.827835151553501
34 9.567024167541524
34 7.492364802795111
34 6.714223515505878
34 9.714379074195580
34 7.497608468971885
34 9.571875699231082
34 9.658607075352343
34 9.325112323045305
34 9.380854372468232
34 9.396310341225441
34 8.284004973811033
34 9.225486267737319
34 8.849119188795553
34 7.650036481411711
34 8.658150294945459
34 9.179704716561599
34 9.404407545039000
34 8.192489991188706
34 9.298088054079114
34 9.548776629305889
34 8.361053688954080
34 9.466209974478495
34 7.381595296816166
34 7.864378831612195
34 9.426769610511776
34 7.613996249342408
34 7.967492259298816
34 7.573308155982579
34 9.434682964449490
34 9.522852209094591
34 9.579607900984680
34 8.223280545763387
34 9.320370283136574
34 8.218117403764690
34 9.336581159909834
34 9.496607769375590
34 8.991364887466581
34 9.456352343903768
34 7.811831530945580
34 9.489871464693373
34 9.066659404836301
34 9.449283422531611
34 9.092515026030531
34 7.869846671456278
34 8.956168647981428
34 9.548684955590453
34 7.199766408637354
34 9.519128000330500
34 8.986608330053095
34 5.873250208007521
34 7.771762890386873
34 9.517049414762280
34 9.634650757198489
34 8.786572270418670
34 8.425286619132116
34 9.305345007755850
34 8.987032450997336
34 9.570723735327398
34 9.552515488621328
34 9.523701157865009
34 9.190642312268341
34 8.437052464155720
34 8.025287506104362
34 9.503648184573763
34 8.486448583086503
34 8.716775042994268
34 8.417893822342078
34 9.574527679730679
34 9.476139895745039
34 8.761357810303837
34 6.996203579433494
34 8.532385707325506
34 9.433737359101984
34 9.369942582176259
34 9.611337797984584
34 9.453515000628535
34 6.656536899878691
34 9.548059942549482
34 7.512373757404222
34 9.660880005901042
34 9.179929578019784
34 7.420056571931624
34 9.558579005444820
34 7.888379045408138
34 8.096327276070564
34 9.078304239177539
34 9.174182918084641
34 9.227395272720708
34 9.469528172271305
34 8.516677131389031
34 9.307661998508120
34 9.222216962421674
34 7.156400032861251
34 9.574921315269293
34 9.698346585352049
34 9.658169623666545
34 7.079746881768764
34 8.862718386654603
34 8.253102129494708
34 7.964815391395265
34 8.696163843082118
34 9.246168227188665
34 9.381903471037525
34 9.529840256285265
34 9.578714401703969
34 9.558473695362458
34 8.256506179978420
34 9.773554350490540
34 9.564815074438783
34 8.586855765616544
34 9.502328265938907
34 6.424044555257050
34 9.334574954700017
34 8.811642592930866
34 9.520531696599598
34 9.604253438848026
34 9.813244857226092
34 9.559563840351194
34 9.661719559122272
34 9.370230202990282
34 9.223905456186333
34 9.576474896524157
34 6.889842375620132
34 9.240383847646374
34 7.349271467739488
34 8.405647258771928
34 8.964504720789041
34 9.053067965051772
34 8.855191523971447
34 9.105110220956336
34 9.390290052869727
34 9.554466566966887
34 9.311460059168276
34 8.231390490597388
34 9.769936934052367
34 7.515791704309967
34 9.513078046612559
34 8.109701750927444
34 9.422780070208983
34 9.441639970723340
34 9.313366299136700
34 9.193761649355604
34 9.455645676522085
34 8.731523036852106
34 8.220772628468715
34 9.565620667377365
34 7.914587358226917
34 9.325119498629451
34 8.867252045094755
34 8.608533694159879
34 9.200978459553266
34 6.697184046616559
34 9.771894930387283
34 9.312871350656879
34 9.660836699509726
34 8.212330568210653
34 8.765848523573521
34 9.729117679831781
34 9.527110179928659
34 8.101806007753595
34 9.671236482158402
34 9.099699811401873
34 7.253360476015444
34 7.515349494081796
34 8.662583331389534
34 9.495729220803053
34 9.472329774922393
34 8.824277777119480
34 9.593591672198858
34 7.533502057208632
34 7.857184020809845
34 8.851364631447565
34 7.466761641388426
34 8.605549294465366
34 9.253632188825375
34 9.361414102067087
34 9.565765479973070
34 8.704328888071958
34 9.633541862375012
34 9.532923349427126
34 8.967328482226144
34 7.420056571931624
34 9.558579005444820
34 7.888379045408138
34 8.096327276070564
34 9.078304239177539
34 9.174182918084641
34 9.227395272720708
34 9.469528172271305
34 8.516677131389031
34 9.307661998508120
34 9.222216962421674
34 7.156400032861251
34 9.574921315269293
34 9.698346585352049
34 9.658169623666545
34 7.079746881768764
34 8.862718386654603
34 8.253102129494708
34 7.964815391395265
34 8.696163843082118
34 9.246168227188665
34 9.381903471037525
34 9.529840256285265
34 9.578714401703969
34 9.558473695362458
34 8.256506179978420
34 9.773554350490540
34 9.564815074438783
34 8.586855765616544
34 9.502328265938907
34 6.424044555257050
34 9.334574954700017
34 8.811642592930866
34 9.520531696599598
34 9.604253438848026
34 9.813244857226092
34 9.559563840351194
34 9.661719559122272
34 9.370230202990282
34 9.223905456186333
34 9.576474896524157
34 6.889842375620132
34 9.240383847646374
34 7.349271467739488
34 8.405647258771928
34 8.964504720789041
34 9.053067965051772
34 8.855191523971447
34 9.105110220956336
34 9.390290052869727
34 9.630770885279475
34 9.186287115225845
34 8.802359966445980
34 9.440216029627125
34 9.517167475707307
34 8.366886388714532
34 9.574852936505163
34 9.087333217053438
34 6.595665408217882
34 9.511941243099731
34 7.929349523166302
34 7.357794283917073
34 9.493529575979426
34 9.558129365709888
34 8.532550914370754
34 9.610635432535659
34 7.638970665050466
34 9.733022860109415
34 5.327405730768318
34 9.547297796010376
34 8.075477698000929
34 9.744608320630153
34 9.635458123140209
34 8.504289802824232
34 7.748599636576823
34 9.551526134841115
34 9.160807412443400
34 9.291449984550336
34 9.644992443190549
34 8.741890461674494
34 8.882702822651471
34 9.630563534903459
34 9.534111626432665
34 9.435995669355091
34 9.723294953193145
34 9.707214539154929
34 9.564406439108639
34 7.997643147069772
34 8.810527436290851
34 9.353754440384840
34 9.497860299915931
34 8.196945093260299
34 8.230053049626244
34 9.646852356062595
34 9.659481574929430
34 9.579369708606388
34 9.571245932918341
34 9.377194442069118
34 7.630907669777474
34 9.016539718643976
34 8.981915523179788
34 7.628477808445962
34 8.021713112404191
34 4.855710907609340
34 7.316228479408381
34 9.471648798625067
34 9.024084623400352
34 6.773175945405740
34 8.665310797385207
34 8.662719042706691
34 8.736898375932235
34 9.792544510498985
34 9.760572167805734
34 9.238717771928636
34 9.538350984431204
34 8.226895950505636
34 9.380173329780090
34 8.138019633890961
34 8.835509795655820
34 9.546013847877619
34 9.741537717984755
34 9.617845362797244
34 6.406568076834366
34 8.563360243491539
34 8.405532564372811
34 9.410684952260439
34 9.650207414958995
34 9.284617291835975
34 9.561886204524416
34 5.913950241008221
34 7.547552807314707
34 9.382339248271869
34 8.831036247334124
34 9.452720442745935
34 8.034564123863184
34 8.292899734494087
34 9.771540535108478
34 9.282439601928997
34 9.790430469710577
34 6.804216626879521
34 9.343764258637544
34 9.507338669092366
34 8.748418704692877
34 9.586569415267519
34 6.542726483255731
34 7.376461102431001
34 9.492286473871305
34 8.720057414342271
34 8.616879018441686
34 8.526334139148744
34 7.933894946963422
34 8.759308799611944
34 9.391582936299683
34 7.952971019137417
34 9.554681030376143
34 9.333535170942600
34 9.155232457251456
34 9.697233739699737
34 9.558340224182203
34 9.626834338749880
34 9.562661624343539
34 9.613980898155145
34 7.483685103161176
34 9.458598085946878
34 7.714423748443390
34 9.578340017922992
34 9.548075961724162
34 9.751985885673880
34 9.576364305420075
34 9.273356550112478
34 8.236072079151864
34 5.989061186311596
34 9.468016181484364
34 8.256151437134605
34 9.493456969564996
34 9.622929771570885
34 9.506386766558897
34 9.941223038396986
34 9.499160083903304
34 8.045213841884099
34 8.840703046575758
34 7.499243867524238
34 8.462081301229858
34 9.584405783499125
34 7.592483036530427
34 8.031100160914992
34 8.580254119210657
34 9.356805922034736
34 9.552233094810195
34 9.255775344916060
34 8.070837281463238
34 7.083899920896311
34 6.530767727502005
34 9.413549957903216
34 9.391623205474207
34 5.978399572874224
34 8.739118940735009
34 6.882818796273782
34 6.639968827323739
34 7.806848660680160
