10 0.080049925312935
10 0.043293736446320
10 0.429000890454418
10 0.057490980177743
10 0.049277568979774
10 0.045615043793713
10 0.166702729666275
10 0.063976173977426
10 0.112322144444655
10 0.099095641872066
10 2.342315918751777
10 0.056146020760453
10 0.062464952296583
10 0.140047759395936
10 0.041878251341783
10 0.034871047731231
10 0.127584572056246
10 0.039590098247548
10 0.041596159728398
10 0.045713805307587
10 0.032357191438301
10 0.125128189563893
10 0.116623162261408
10 0.020864140035902
10 0.073655018346958
10 0.099571061705770
10 0.093422131165258
10 0.039859016375933
10 0.083812494407089
10 0.060363582898676
10 0.037003853761988
10 0.108140801460270
10 0.123798514468538
10 0.045396445372003
10 0.128345386715134
10 0.035948251873589
10 0.057200177286595
10 0.115312858632886
10 0.056438755461913
10 0.028830762222650
10 0.110867506229442
10 0.066383198637451
10 0.045087814014503
10 0.080533067709048
10 0.290988337588509
10 0.073493576017064
10 0.075607445027709
10 0.042174745241117
10 0.146068631970233
10 0.065876862033121
10 0.131796128999002
10 0.060507430401108
10 0.048852409640721
10 0.056649771658297
10 0.031869995086236
10 0.090551643561238
10 0.432728986934279
10 0.046907422512233
10 0.047332058714645
10 0.049623417613187
10 0.028516888810401
10 0.081381196402529
10 0.052839940392857
10 0.079649407042830
10 0.132325584903894
10 0.039066225845489
10 0.078107095740907
10 0.050045183648329
10 0.062646114820348
10 0.090669044614775
10 0.031067238374373
10 0.072799572887999
10 0.063500674220765
10 0.151331064867067
10 0.089068720456383
10 0.164479319455001
10 0.138456752240387
10 0.085806697101107
10 0.060591444613019
10 0.053420715385819
10 0.145679637309843
10 0.113141275376784
10 0.044308717802704
10 0.063198261914009
10 0.052198130804901
10 0.072049287802847
10 0.106766117465865
10 0.080895802547904
10 0.048973652292706
10 0.059850669383823
10 0.069722595856613
10 0.052333105504519
10 0.085998375884317
10 0.031353841865080
10 0.038076128772731
10 0.036579415014396
10 0.059434195633892
10 0.050027963979030
10 0.829521567375759
10 0.040351456608698
10 0.110910909021189
10 0.138987616730768
10 0.172422442448017
10 0.049861574108253
10 0.049229710809986
10 0.072772308248963
10 0.080617845697903
10 9.884871030401078
10 0.085411277607093
10 0.113806849594242
10 0.074145371540599
10 0.051498687583797
10 0.050057962491088
10 0.056811696434624
10 0.268693026308672
10 0.042166295980238
10 0.083532912539408
10 0.125188132993893
10 0.058055685478887
10 0.066073754580451
10 0.045434872925325
10 0.045747039912302
10 0.112983896487323
10 0.160683323916263
10 0.154484481700691
10 0.046184164903089
10 0.070297903645458
10 0.141288900419349
10 0.031267524299322
10 0.068304392982767
10 0.088785802847563
10 0.073001892072199
10 0.065258962055855
10 0.115141768333348
10 0.211579379663892
10 0.067319903649486
10 0.083750461230644
10 0.729213168138321
10 0.172666631282717
10 0.059220574347200
10 0.062561476226366
10 0.112703742529908
10 0.054668339055801
10 0.104618021897687
10 0.079058917458618
10 0.079074753273868
10 0.225142727930279
10 0.063381449596810
10 0.053849684751370
10 0.041565753797657
10 0.078636895965837
10 0.057497308330900
10 0.087386471218106
10 0.064891856483587
10 0.279046512085277
10 0.132269173969137
10 0.079202396768680
10 0.336772458088858
10 0.107078407652334
10 0.087188955393089
10 0.039572243358508
10 0.060299562045090
10 0.096981961610124
10 0.045324824317637
10 0.088539590624698
10 0.049988986203763
10 0.033608894082492
10 0.062006163791342
10 0.037895385905940
10 0.070207878224569
10 0.186833873401531
10 0.117007472093893
10 0.054963473175462
10 0.216749896829752
10 0.262945817104923
10 0.030929775044988
10 0.077931864839001
10 0.066303491827356
10 0.164404278111530
10 0.290046972512120
10 0.042458506110739
10 0.053307565335794
10 0.072382395817895
10 0.100449150236333
10 0.087841079594631
10 0.040571138208340
10 0.059494932742647
10 0.098579250595463
10 0.063321900683674
10 0.826385443952715
10 0.096904883427802
10 0.139409195637715
10 0.075328050172135
10 0.057238159650036
10 0.047898146069223
10 0.097719679439320
10 0.136034968004796
10 0.086542394596320
10 0.069153838824349
10 0.043043184924048
10 0.040000168649078
10 0.103685610533765
10 0.018271242366379
10 0.132075315032230
10 0.122297200784812
10 0.041993416020629
10 0.071498900820589
10 0.082327751172536
10 0.028383414086003
10 0.061416545858708
10 0.087082104245096
10 0.084615077165136
10 0.098920545472681
10 0.138739881451372
10 0.076087715520052
10 0.055082160041329
10 0.048366528920428
10 0.089474865456391
10 0.129236628881468
10 0.044257831352789
10 0.685075656293549
10 0.043494903801011
10 0.053214117970382
10 0.053918187092052
10 0.057556536062136
10 0.058883778851990
10 0.047398642172865
10 0.056439661290572
10 0.063613562812904
10 0.080295682740124
10 0.071653116559403
10 0.056520439353287
10 0.047696094202893
10 0.070365921791240
10 0.038077468597863
10 0.116107116388719
10 0.365540285474237
10 0.049141309184093
10 0.274400904782742
10 0.093301677332908
10 0.067896597665230
10 0.089684855993091
10 0.034852328168497
10 0.044546172553390
10 0.033005074207243
10 0.053343620339721
10 0.050455532443565
10 0.061539341109451
10 0.042806353378941
10 0.044820810428297
10 0.070245011423545
10 0.091107674276834
10 0.039489157845125
10 0.071729977472606
10 0.115304667847561
10 0.049270947182035
10 0.059018614841468
10 0.032396008705490
10 0.095775015892191
10 0.060123062552374
10 0.125766665661771
10 0.096663970908052
10 0.135771994259078
10 0.365415841148678
10 0.063271079151736
10 0.081977358131753
10 0.041822467175933
10 0.160157800785581
10 0.038586553769172
10 0.043540130592712
10 0.050308046087306
10 1.765969903675534
10 0.060464279406195
10 0.083482517478725
10 0.069825707622997
10 0.102478324191569
10 0.065278092966753
10 0.028246205463370
10 0.039232508380108
10 0.128224549326696
10 0.066385406450121
10 0.053628457925860
10 0.078312115460516
10 0.057643933200814
10 0.703039140775314
10 0.089382675669690
10 0.059787320334959
10 0.104672533613906
10 0.053193901128848
10 0.055031634874913
10 0.086607237070854
10 0.698302925801528
10 0.041037611436082
10 0.095435944784699
10 0.050004232740510
10 2.147046461846399
10 0.068456564265275
10 0.076362445959642
10 0.071939057143058
10 0.067513259162175
10 0.053511262836818
10 0.104680994423625
10 0.045669325975125
10 0.052833337072769
10 0.032786316587964
10 0.155046568990375
10 0.074405284214305
10 0.041274961784129
10 0.053548597410779
10 0.095474042278363
10 0.090221964641727
10 0.069631344913637
10 0.065994143335457
10 0.044343209787858
10 0.098929861463754
10 0.025152317586406
10 0.051838584600147
10 0.043895195078065
10 0.034299594345334
10 0.035371432911968
10 0.061382641392638
10 0.047506883543777
10 0.124704851097205
10 0.069236655042445
10 0.025064964244597
10 0.053436005132632
10 0.069446403594398
10 0.062030053322720
10 0.078435343894471
10 0.071522089908730
10 0.048817112488761
10 0.088664042252122
10 0.071337037511843
10 0.116859245230995
10 0.077973588355261
10 0.113980558651303
10 0.091355636307330
10 0.027826848954150
10 0.122647697354187
10 0.062597177411634
10 0.061115795160850
10 0.075854498820246
10 0.078509719383117
10 0.047749063655402
10 0.197288590369290
10 0.164222294411968
10 0.049718047363306
10 0.100768989769675
10 0.044548832348694
10 0.068680692904852
10 0.043246096157683
10 0.144796677284202
10 0.039018793497996
10 0.170248448637951
10 0.043038673649336
10 0.119557675527667
10 0.075930725430990
10 0.091778436120991
10 0.060170919202092
10 0.160352564043062
10 0.068232812598104
10 0.072926218584072
10 0.051403145057602
10 0.035635140427617
10 0.049923122190385
10 0.035765131088164
10 0.104046841034913
10 0.082566908380402
10 0.048099643603910
10 0.051820890304657
10 0.118746059196100
10 0.054440397014893
10 0.097069650294266
10 0.089068921546446
10 0.125160243306111
10 0.474378210197234
10 0.132119079756638
10 0.049768585146425
10 0.093734914707181
10 0.144332405161951
10 0.076900575805789
10 0.119819803060645
10 0.049102340698457
10 0.064544795369047
10 0.349128834652310
10 0.030390529868486
10 0.312627544416872
10 0.031935702794062
10 0.038296405668803
10 0.119947701422162
10 0.056963430938927
10 0.037373716271695
10 0.069826192366520
10 0.028995738287169
10 0.043561759973845
10 0.043064468828755
10 0.024507090194128
10 0.055467013698392
10 0.107101476572429
10 0.064286814780005
10 0.070262320046607
10 0.082898575159774
10 0.044565710269964
10 0.080243317499960
10 0.055076789272043
10 0.034477165229004
10 0.073478458156977
10 0.052382233634472
10 0.057010887537930
10 0.042200640137326
10 0.068986028812660
10 0.136746141462702
10 0.092340182260112
10 0.058853716002544
10 0.113064289901231
10 0.166850343111837
10 0.084060521467253
10 0.139408122085421
10 0.122383396034078
10 0.040895516155528
10 0.082095661345549
10 0.049001537502696
10 0.062032823324341
10 0.217393665600254
10 0.081325142056063
10 0.165853148966924
10 0.041545718071084
10 0.062771085490772
10 0.543361687819010
10 0.048801316240278
10 0.095860817930369
10 0.090719220123426
10 0.089210145678331
10 0.038412904279271
10 0.110999559819460
10 0.076670649997952
10 0.052286958688938
10 0.033689451848170
10 0.066309013630344
10 1.557832230943556
10 0.052216688452859
10 0.039266975109240
10 0.068116171395019
10 0.033270903279480
10 0.056466909809221
10 0.050110063882840
10 0.084558675800283
10 0.260274039644387
10 0.071530458399246
10 0.075759475433168
10 0.125598111725175
10 0.065973826164105
10 0.663876472137621
10 0.048477661529371
10 0.062610063950990
10 2.190675265796465
10 0.080541529048815
10 0.065778926619611
10 0.099071368770366
10 0.073199944929844
10 0.133954105029491
10 0.042451642934887
10 0.084532828296263
10 0.135901377892130
10 0.089295424681403
10 0.056207446827272
10 0.142465177173747
10 0.047346624292494
10 0.097693004458716
10 0.079394503929755
10 0.060987509102230
10 0.060446666054726
10 0.049104676659981
10 0.071665581354485
10 0.072211651789789
10 0.090067582043471
10 0.072621067822442
10 0.084854886655115
10 0.044063076412682
10 0.048524685370613
10 0.092533881428121
10 0.066439280235564
10 0.032678921969404
10 0.123445355184327
10 0.050564052143283
10 0.056189011367874
10 0.051666162026710
10 0.046072430320669
10 0.060587791843751
10 0.046804546008901
10 0.114513056004020
10 0.096922545510837
10 0.049221911759380
10 1.225854533635536
10 0.053021010744066
10 0.271675948945262
10 0.043135028971483
10 0.040280506048070
16 0.493982150567463
16 0.492517786789849
16 0.433366450159790
16 0.314799693535413
16 0.581514474336730
16 1.296392049158799
16 0.387262209608982
16 0.439652401094227
16 0.303629847439938
16 0.237276619863605
16 0.411976879803655
16 0.996061817233945
16 0.933733375989783
16 0.384443384558253
16 0.777583430071854
16 0.362391221072470
16 0.531229902797627
16 0.743049162921990
16 0.618055610179027
16 0.220705997744232
16 0.187063662371616
16 0.354931624156251
16 0.416426154565047
16 1.199267775045384
16 0.387531233709168
16 0.363525189734244
16 0.238369321921385
16 0.291100117618809
16 0.577432403547489
16 0.334859120278692
16 0.342504374846231
16 0.183163711058482
16 1.674430019376034
16 0.264747201975333
16 0.319224541904619
16 4.522879804607192
16 0.244674834821768
16 0.156044018880808
16 0.658445353586348
16 0.291254568981483
16 0.332983688581139
16 0.552893500756444
16 0.526316027482649
16 0.480263179098541
16 0.306768489014305
16 1.994877375256500
16 0.380682707080025
16 0.299484724346962
16 0.653506597411057
16 0.216323006992710
16 0.447024616061739
16 0.380041367927505
16 0.340725950992772
16 1.041011183343337
16 5.910862481451061
16 0.648027863804240
16 0.224417039332705
16 1.597757006491745
16 0.315952553144105
16 0.217430073224179
16 0.455515960479426
16 0.291808249870136
16 1.113608325015189
16 2.978141690897448
16 0.644270161094935
16 0.516946209953356
16 0.550365444893509
16 0.578091601760017
16 0.279446855489313
16 0.198404890968227
16 0.527783854553917
16 0.324867725791281
16 0.664312082472800
16 0.294838250679064
16 0.446392744249968
16 0.504847529942481
16 0.433575588014140
16 0.542110675353854
16 0.260843472972490
16 0.554018475615726
16 0.290496875080275
16 0.656660477066795
16 0.859262139438849
16 0.361420576091018
16 0.450472267768570
16 0.146769171892734
16 0.285220482164204
16 0.441307287288836
16 0.498706065570137
16 0.414443286395697
16 0.185408893923094
16 0.286723889871535
16 0.485543221691963
16 0.196857200787542
16 0.256040051084078
16 0.496553332185846
16 1.915124097209691
16 0.398640223366931
16 0.886091758294555
16 0.290798996326350
16 0.334306247131611
16 0.330610355070290
16 0.527501135343794
16 0.309662028714530
16 0.325180996537520
16 0.601297657277352
16 0.241271279709975
16 0.370932259401573
16 0.201340320201146
16 0.847996757118720
16 0.266091609182865
16 0.430149164300360
16 0.270984782960659
16 1.199811337207678
16 0.140280921273329
16 0.361038419361453
16 0.329326271898289
16 0.365438005881965
16 0.164843436743747
16 0.181161620870464
16 0.355089314349747
16 1.110625488018010
16 0.427454802123142
16 0.450604294151609
16 0.297973666261650
16 0.336302058614517
16 0.197773939604442
16 0.328635331402894
16 0.218939335639717
16 0.221758860196790
16 2.618768037233679
16 0.943910176636101
16 0.308562165193804
16 0.189477890355597
16 0.300233901178807
16 0.592750967869460
16 0.862189249064277
16 0.240502956902350
16 3.127278534090141
16 1.633229363426106
16 0.580203980444456
16 0.410797990111398
16 0.258770126931878
16 0.403661774682207
16 0.391988229684154
16 0.536984473628484
16 0.386598354212262
16 0.841177820935030
16 1.441651835852683
16 0.715191276186820
16 0.420379883361714
16 0.223197267359640
16 0.399376618922861
16 1.658540823442106
16 0.263711451106447
16 0.455054617730801
16 0.424214074578843
16 0.257139784586467
16 0.439145502772307
16 0.417673460671972
16 0.181164162344798
16 1.198632917484817
16 0.241480577172702
16 0.307963337184266
16 0.507536757192780
16 1.526282749982959
16 0.303579118604402
16 0.167390868841365
16 0.734961143606574
16 0.331281439529049
16 0.351856515485983
16 0.281491902192382
16 0.412543432484815
16 0.305118437549242
16 0.538696923852435
16 0.719217164613787
16 2.075968291095744
16 2.425243531485428
16 0.402288188289009
16 0.223711251672369
16 0.204399267570158
16 0.312287269095909
16 0.384436021019989
16 0.603830587649887
16 0.347127956446966
16 0.342327681381099
16 0.586834345385316
16 0.704065800255787
16 0.293791805768482
16 0.294973748847092
16 0.410840981871734
16 0.324850694272589
16 0.278523434257197
16 0.336568827970255
16 0.242537778423809
16 0.617128915123990
16 0.368417689034868
16 0.734452106992876
16 1.506758287060649
16 0.179025517718043
16 0.684135617602842
16 0.438347317452970
16 0.589973474635989
16 0.333002595698482
16 1.001324822082113
16 0.542746665902188
16 1.399567085174599
16 0.509802664301102
16 0.431089746682140
16 0.617636132765990
16 1.916145077994605
16 0.521155176129557
16 0.197894242413454
16 0.490614818507179
16 0.384810010480329
16 0.728990787353888
16 0.416032061862963
16 0.299871533785011
16 0.276540285955751
16 0.607955422148361
16 0.337526986887249
16 0.287865711780782
16 0.349011401999269
16 0.797971146179111
16 9.735318868528489
16 0.484441903550999
16 0.222765743016589
16 0.399808257260085
16 0.582665511013680
16 0.491816920925033
16 0.241670510253651
16 2.797761375377164
16 0.736668634761998
16 0.496876737666056
16 0.292867622340783
16 0.417798609365396
16 0.491901580557890
16 0.331297561050733
16 1.217254540616170
16 0.198529396331935
16 0.399583068217964
16 0.308375364909369
16 0.243130971636732
16 0.257851469756698
16 0.512767262814465
16 0.369309460326161
16 0.927268315994253
16 0.453957340638549
16 0.229313639654180
16 0.779435391895204
16 0.348391771182580
16 0.170518936233933
16 0.265412501818040
16 0.780226917206986
16 0.283139550538785
16 0.876742212754293
16 0.482009390889878
16 0.228950730518418
16 0.504011209963238
16 0.859480621188131
16 0.191704524414010
16 0.350868723853346
16 9.823887080981041
16 0.334456477363710
16 0.310669867262229
16 0.376211845550944
16 0.616170937011431
16 0.282320695658707
16 0.323041006114932
16 0.307050112868534
16 1.339852970041107
16 0.480776864094079
16 0.266690968124179
16 0.284047817592592
16 0.252359019734486
16 9.517849379786082
16 0.794281553519101
16 0.399393386711080
16 0.495319954872707
16 0.402268501382277
16 0.337198843372536
16 0.331372434013457
16 0.447893153583799
16 0.570864515982880
16 0.329205888810050
16 0.452442150427057
16 0.633590715301442
16 0.348795096678109
16 0.502707853800208
16 0.270185405276115
16 0.923740438952148
16 0.374501926429143
16 0.449426007204507
16 0.516134016809016
16 0.260118488868827
16 0.355254110598520
16 0.317981365873516
16 0.579881367999302
16 1.236909788091804
16 0.440219105482552
16 0.254001765698977
16 9.950552190585826
16 0.349389394657039
16 0.484012543534670
16 0.386743845903928
16 0.296787387862140
16 0.129241835720661
16 1.144018915206416
16 0.229076833840614
16 0.842193727304714
16 0.422727046456748
16 0.546312136590722
16 0.145788697249419
16 0.286695276111572
16 0.506898973964899
16 0.426912738473048
16 0.232977738514104
16 0.281709677629147
16 0.272904181366171
16 0.816925294904879
16 0.237267464738690
16 0.541479150773803
16 0.236052545510814
16 0.413286985141800
16 0.225111362579813
16 0.644449793260943
16 0.581607354791599
16 0.919382360979968
16 0.381081973118817
16 0.426723691559009
16 1.126215466166680
16 0.370221345995503
16 0.386447271205755
16 0.445533968653189
16 0.364510590766979
16 9.939704154724108
16 0.470679835974557
16 0.275402478778807
16 0.418552077170276
16 0.283135110644344
16 0.517955606712459
16 0.320898789113689
16 0.354931141447334
16 0.236747064451349
16 0.270749269237587
16 4.235708283850101
16 0.716062946266052
16 0.185863135656919
16 0.521710513055384
16 0.920221264097898
16 1.458053867660412
16 0.182073232891749
16 0.528366308934944
16 0.493420785461552
16 0.220204547716805
16 0.327905854320875
16 1.840354674615510
16 0.184385384398665
16 0.445359110467018
16 0.649860762766849
16 1.414770382416711
16 0.181729838260837
16 0.745571885488798
16 0.263691265979513
16 1.322651457949322
16 0.197935216281790
16 4.393856275286247
16 1.180453668683638
16 0.312965419407772
16 0.856797304483491
16 0.396363081333676
16 0.365967206538099
16 0.212858030850150
16 0.298293435101855
16 0.284820484060079
16 0.401529754919403
16 0.300231935162363
16 0.195381993601266
16 0.176694736783806
16 0.527806741198123
16 9.963448111901741
16 3.199169447074043
16 3.095703019145443
16 0.196495058649539
16 0.289748672618810
16 1.061326281469042
16 2.686114316273483
16 3.807800806973976
16 0.266364863198743
16 0.233954660580261
16 0.160720827980958
16 0.262714124970083
16 0.403002274246771
16 1.091632580045727
16 0.398478351761001
16 0.654530672504254
16 0.144977684043349
16 0.340672128092508
16 0.245534063236218
16 0.580532674426921
16 0.241569817380864
16 0.307107029521620
16 0.286992541869267
16 0.333410762872569
16 0.646074762874585
16 0.461610508644202
16 1.381847365447047
16 0.228019584190876
16 0.429450077339442
16 0.760512896375619
16 3.196332915561508
16 0.384426111252686
16 0.171650124976465
16 0.865557590460102
16 0.172419695010719
16 0.529900162820057
16 0.475711256551495
16 0.312957159327366
16 1.124896979006540
16 2.039211477227479
16 0.636741736094601
16 0.242208101074511
16 0.192382735669454
16 0.331985144865267
16 0.757686625707451
16 0.207275905933849
16 0.607462281482067
16 0.272331101090570
16 0.309149384001600
16 0.618170573205314
16 0.457114848199716
16 0.224827580034254
16 0.295044552732054
16 0.319711670912587
16 0.527672880012555
16 0.266514313863767
16 0.158706284280900
16 0.252621636701075
16 0.279160308464269
16 0.377535550023910
16 0.225096044360612
16 0.183909720689501
16 0.487462669614616
16 0.290139492189877
16 0.658738818956210
16 0.230129729992882
16 0.395550383389173
16 0.189478611101594
16 0.365437220939181
16 0.549267337767511
22 1.061771756401438
22 1.245926684124762
22 0.790012614279765
22 2.093568465403970
22 1.161118954544392
22 1.219920973048964
22 0.599604273145949
22 1.479214811968305
22 1.383142693790562
22 0.972318790210547
22 2.412796888633901
22 1.194226173669577
22 1.212104204328803
22 1.623293821109190
22 1.220886246437891
22 0.731084036992856
22 0.738299205852605
22 0.905030193445684
22 1.342615179394685
22 1.047902763306679
22 1.203690021926803
22 0.869584679800788
22 0.964882364842314
22 0.775797169456134
22 0.750929596788804
22 2.460003357436867
22 0.696358574211668
22 1.130169162562611
22 0.781262057580253
22 1.778465932025852
22 0.913590001376211
22 1.190561235612090
22 1.615981006008762
22 1.172609123997738
22 0.567013606401662
22 0.608708484432069
22 1.065887507484809
22 0.530945989923762
22 0.445289744776196
22 0.787976258780991
22 0.530074485226601
22 1.031814356530487
22 0.726695775370081
22 2.495672565686705
22 2.551995701198847
22 1.658656197461204
22 1.163568450482109
22 0.673718823693572
22 1.375721583315568
22 0.536000194697336
22 1.929206392061301
22 0.684621797230201
22 4.611511201836928
22 0.761240583815812
22 1.084437041855217
22 0.578558799927226
22 9.637397551086641
22 1.148365305758930
22 0.442050540257057
22 1.356405963786476
22 1.148799420136475
22 1.140666885099210
22 0.502939785383110
22 1.149621590307705
22 0.990354636222381
22 3.140289825497815
22 4.089431767816137
22 1.323738702195810
22 1.471043542689816
22 2.699195257473101
22 0.946454959525318
22 1.056320223078634
22 1.818522266230053
22 1.427810882730883
22 1.030452547452526
22 1.117250881709973
22 0.969016426312699
22 0.683103225016772
22 1.331768134284135
22 1.060096783473704
22 0.610776522951708
22 0.992222588614341
22 1.596373713064754
22 0.994957689614146
22 1.051005829884395
22 1.106958405917927
22 0.948216342155320
22 2.353834765621293
22 3.402551593869494
22 0.691455703778914
22 0.743217989717721
22 1.661603056065893
22 0.907635573855768
22 1.741647938822624
22 0.555486273265478
22 1.103652939899562
22 1.212353810252244
22 1.602452972656522
22 0.975601770620064
22 0.468314791798294
22 0.419948252157193
22 0.787925860804966
22 1.009217369276465
22 1.870381432992341
22 1.116802324010810
22 0.891821631159508
22 1.046141397394811
22 1.439642256957264
22 2.075404535920475
22 3.998835926997957
22 2.671233238924171
22 1.118444421008999
22 0.816794409952298
22 1.277984113281841
22 0.698917194247597
22 3.436949728786545
22 0.633678831030610
22 0.757005127367210
22 1.050766379205377
22 0.535235577583146
22 0.413859898276850
22 1.008171355613262
22 1.187224288952863
22 0.957986242917356
22 0.758912560503783
22 0.857298624477649
22 0.719631136817168
22 0.770730546641500
22 0.891877872231646
22 1.134469932197764
22 0.900782412820443
22 0.525977374450338
22 1.225680804609595
22 0.761183966556589
22 0.381895531913871
22 0.485666694558341
22 1.219031279716406
22 1.019627160534249
22 1.497889376038973
22 2.075060033068618
22 0.767887429068522
22 0.987234466364880
22 0.502875160992797
22 0.760749683614588
22 0.996539053443755
22 1.678370132942143
22 1.181325646508301
22 1.011245901507029
22 0.664939303470590
22 2.555077800152124
22 1.147049656871626
22 0.692087333865505
22 0.945532607284834
22 2.876931017969266
22 5.423271278189513
22 1.678832854784785
22 0.679096520634327
22 1.494907033285143
22 1.844463154526285
22 1.425193323525251
22 0.697894747217347
22 0.896131366318012
22 2.575721893840239
22 0.999098337433407
22 0.630227855893246
22 0.865678648418003
22 0.941197246313013
22 4.014453471104219
22 0.475425862461584
22 0.392322226319678
22 0.976430614689900
22 0.785577815324429
22 0.578127607050176
22 0.893805601665425
22 1.023194421370644
22 0.874918559110892
22 1.166592252260099
22 2.869207201479305
22 1.722145475342715
22 2.047533346091829
22 1.033176184822023
22 1.287737763811434
22 0.674155716193472
22 1.055757108665098
22 0.616340167580881
22 1.589746198222159
22 1.305033185239073
22 1.357881334080260
22 1.207146291881512
22 1.100728395531188
22 0.854928460468922
22 1.633667056079966
22 1.506509769467258
22 1.629553624291168
22 1.434441485646495
22 0.964485867471424
22 0.836340084704134
22 1.083841519145013
22 0.566044603909176
22 0.976773917586897
22 0.879353022960994
22 0.762879109938722
22 0.607101223072396
22 0.536262541526771
22 1.394094171478040
22 2.090594064432806
22 1.544389727050131
22 1.332497704657137
22 0.894721952587246
22 1.339279090266995
22 0.818563567738583
22 1.150571124645306
22 1.766321750285116
22 1.377302904634865
22 0.550445217502917
22 0.676421565867469
22 0.992680184062214
22 0.811764961779468
22 0.811282903404645
22 0.415330650310652
22 1.151530033773443
22 1.499530266436416
22 0.434178442380443
22 0.871435810971322
22 0.596957533000481
22 0.513862071743697
22 0.776001583109549
22 0.939203435237580
22 1.373712152183965
22 2.529615181475211
22 0.384093930294969
22 1.601460777810746
22 0.651202715328736
22 1.145676931550808
22 1.442027955875942
22 0.755895430765024
22 0.734523878355526
22 1.148193178934845
22 2.271209683249269
22 1.493643071590268
22 0.623946936908113
22 0.655641598083265
22 0.946859047789527
22 3.621091468146579
22 1.779914009866205
22 1.259704472421681
22 1.067820104477425
22 1.414858948871345
22 1.136891154075628
22 0.735112515374555
22 0.879353022960994
22 0.762879109938722
22 0.607101223072396
22 0.536262541526771
22 1.394094171478040
22 2.090594064432806
22 1.544389727050131
22 1.332497704657137
22 0.894721952587246
22 1.339279090266995
22 0.818563567738583
22 1.150571124645306
22 1.766321750285116
22 1.377302904634865
22 0.550445217502917
22 0.676421565867469
22 0.992680184062214
22 0.811764961779468
22 0.811282903404645
22 0.415330650310652
22 1.151530033773443
22 1.499530266436416
22 0.434178442380443
22 0.871435810971322
22 0.596957533000481
22 0.513862071743697
22 0.776001583109549
22 0.939203435237580
22 1.373712152183965
22 2.529615181475211
22 0.384093930294969
22 1.601460777810746
22 0.651202715328736
22 1.145676931550808
22 1.442027955875942
22 0.755895430765024
22 0.734523878355526
22 1.148193178934845
22 2.271209683249269
22 1.493643071590268
22 0.623946936908113
22 0.655641598083265
22 0.946859047789527
22 3.621091468146579
22 1.779914009866205
22 1.259704472421681
22 1.067820104477425
22 1.414858948871345
22 1.136891154075628
22 0.735112515374555
22 2.303074506112903
22 1.208352495074230
22 0.665974256627115
22 1.007015881557666
22 1.018566207757462
22 1.114715186101292
22 2.545589359579783
22 0.498708481680509
22 1.623849813328516
22 1.822874976380358
22 1.566238301025117
22 1.308447657241502
22 2.134998672497157
22 1.630740358179020
22 1.548545072438888
22 1.325307586813821
22 0.597876777028479
22 1.617578562671056
22 1.260174245909281
22 0.980233705136557
22 0.796072586081794
22 0.553801973176549
22 1.714395508779447
22 1.886185685969103
22 0.906654126960384
22 1.036185537350206
22 0.948181832153892
22 0.466076819333399
22 0.963140344123366
22 1.338350343052279
22 0.740616847702655
22 1.446099576942863
22 1.363413662165789
22 0.860224485590322
22 0.490251198913349
22 2.234406738447398
22 1.266427025036416
22 1.063053587618129
22 0.949820721770832
22 0.566807838377766
22 0.531718456492494
22 0.643433275771469
22 8.671601820955949
22 1.533923732618407
22 0.997442853143288
22 0.755018503929149
22 0.875454702945816
22 3.779498799182735
22 1.220433506646418
22 0.600702835226601
22 1.274699272711342
22 0.919593583440480
22 0.676792446171142
22 0.988361867663230
22 1.044582690278571
22 0.738008112783534
22 0.728363419991124
22 1.472621999483219
22 0.778791999229507
22 0.829884081541483
22 0.896019142780782
22 1.211901578507981
22 0.726442496015826
22 0.978956233299308
22 3.951420593968757
22 1.041013397695642
22 0.876733065230896
22 5.570778323207795
22 1.175895598031516
22 1.658057609790363
22 0.646240012973175
22 1.654426399711758
22 1.369860088641294
22 9.397405238027705
22 7.060691791919480
22 0.830972200102787
22 2.152607535783885
22 0.709774567317973
22 0.432068364985521
22 0.829688732379740
22 0.743194872918880
22 0.667739707786426
22 1.608523696910196
22 2.873371868174210
22 0.791546442346049
22 0.545381379220930
22 1.730167935054942
22 1.069217095817111
22 2.642376854270445
22 0.917936048468178
22 9.949068492347951
22 0.458717282499199
22 2.259075869063115
22 1.708430070179632
22 1.290094036819108
22 0.847743378554855
22 1.134801449949808
22 1.937842683765219
22 0.601794101920332
22 5.283880871943481
22 0.814671093064934
22 0.882092249055314
22 1.310910555639170
22 0.645377887641058
22 2.267787284761270
22 1.802812926227941
22 0.393333802282043
22 1.355575029771166
22 1.064769069673627
22 0.728509128801269
22 3.140547637527270
22 0.713231704476540
22 1.714987062814428
22 1.907999708283812
22 0.887145937730767
22 1.139939835047178
22 2.056068616050808
22 0.988118398483064
22 1.262435103676087
22 1.166988703452866
22 0.894709366507485
22 1.198825494345964
22 1.548954293236809
22 0.527959521678948
22 0.637883981525450
22 1.071023604668200
22 2.918783939372320
22 6.061361038412035
22 1.712842990245563
22 1.552266125091525
22 0.425946321388071
22 2.468823155641759
22 0.825615785366196
22 2.179009125867509
22 9.920675578949233
22 1.705454634590359
22 1.757446061940794
22 1.734364360482236
22 1.179896636509596
22 0.626755466121380
22 0.904133559082325
22 1.187023807896317
22 1.232575798015723
22 0.440810376961291
22 0.931782376339079
22 0.402316109304899
22 0.822948940884293
22 2.485213212907377
22 0.698208898978669
22 0.847803745944567
28 3.227682532273709
28 1.444321892110125
28 2.897975435613739
28 4.583466572577469
28 1.342630161682949
28 4.433734892320068
28 3.989800177350502
28 1.457731425414177
28 1.091133173110661
28 4.272584221389346
28 2.267326943309111
28 2.628188480749390
28 3.123570339448839
28 2.372481649119896
28 2.968732673722683
28 1.080241913880022
28 1.815416644377106
28 2.405865807900327
28 3.308143567858973
28 3.101948658960096
28 1.901560233767309
28 4.721437885806772
28 3.813722383002441
28 2.864719833272017
28 4.075803193839262
28 1.478851723161795
28 5.181201145582442
28 9.876501039399425
28 2.860919496932834
28 3.239091490197447
28 2.597464257657629
28 1.280713491755646
28 1.628771335694229
28 1.749172756702457
28 1.323538519841360
28 1.148469329573435
28 2.120525422304367
28 1.341544243877125
28 4.326456221667417
28 1.245721216399020
28 4.775968953165805
28 2.083971338553289
28 1.942147074139725
28 2.554333400696509
28 1.786704799690597
28 1.933929829151703
28 2.335072998669983
28 1.643182563468447
28 0.912869110324663
28 5.060921856033306
28 2.123661022298220
28 4.267810293051124
28 1.677489835283688
28 4.602925957865294
28 1.366943436478217
28 4.096613782978416
28 1.994310343126387
28 6.177672265157032
28 1.781249464514883
28 7.811660280252543
28 3.349015950436118
28 3.944871438797076
28 2.133970987576193
28 1.747555760516863
28 2.763517835873472
28 9.843093605918213
28 8.400512505262203
28 4.497016157506523
28 1.762714927000098
28 2.064463251216766
28 4.035979245820222
28 4.433733416898360
28 2.292492671378731
28 2.158733012303294
28 2.362040706683910
28 1.459552102392958
28 3.003051937581795
28 3.039922360289890
28 2.509514542838297
28 2.397458572785997
28 2.243797544268239
28 1.727072811746797
28 3.418617852776449
28 3.655635364935240
28 3.653281847032589
28 1.981888421982725
28 2.380395179755050
28 3.227919879588935
28 2.074321554962578
28 4.571056560011098
28 1.976810605148795
28 4.509308640942459
28 5.774985226516600
28 2.777016537427682
28 9.683287242482482
28 3.087790894301777
28 1.310638693534785
28 1.450309861978570
28 9.539116529343218
28 2.736973658345818
28 1.832204814506539
28 1.318712393444141
28 1.895157939490326
28 2.265242963220031
28 2.851843742862854
28 3.117557031769016
28 1.213341483073400
28 1.105689656197111
28 1.443443839847143
28 2.877231890871159
28 2.163408037648836
28 1.660690222051453
28 1.870048215836875
28 1.560278036546877
28 0.872641806518395
28 1.877523507858492
28 2.430438055662830
28 1.340222140969196
28 2.470875735944578
28 2.710698112879996
28 3.721503067351977
28 1.733606986986199
28 2.086420775334431
28 3.060054731930609
28 2.430999168061020
28 3.019638806595770
28 5.162499609824008
28 1.007495832004275
28 3.037379216478034
28 1.921678183776326
28 2.431360292378771
28 5.163839159704046
28 2.728341514837711
28 3.628323130143301
28 1.948455130305560
28 2.084757156816314
28 1.915588139967320
28 5.329614232857022
28 2.584739486784072
28 3.317426168551898
28 1.427224439020535
28 2.972273802341756
28 1.215246993506362
28 1.259098889850268
28 3.372503599207002
28 2.259874246626685
28 2.697084779883772
28 2.654895780387649
28 9.150653244386081
28 3.753134394290370
28 1.283781275951557
28 0.759161949304546
28 5.457742465139136
28 1.814156846067871
28 2.481820902515546
28 1.670353153359895
28 3.160416328444200
28 1.762685503600486
28 2.638621369159534
28 3.039329182676300
28 3.130474855671790
28 3.381697772276095
28 2.737584641366169
28 9.590124064685952
28 1.413770336135676
28 2.997862060203077
28 3.615388972318816
28 1.426525560686239
28 2.713528569741279
28 3.395686058248420
28 2.826024840639303
28 4.309594727001812
28 3.243748838708048
28 2.934836406511970
28 2.710060124299422
28 1.972880396571512
28 1.837846937834660
28 2.653052759338545
28 3.371100405213199
28 2.833239650014463
28 2.491510294038388
28 3.765366282429511
28 3.353204917670172
28 2.086600919304476
28 3.314153067062309
28 1.250868840910811
28 3.383836327878738
28 0.967491431527569
28 4.447436630965854
28 6.719352289364747
28 1.474123740286222
28 2.289090912383642
28 1.218408444621391
28 4.008149846344903
28 4.447010896390823
28 1.204228259802097
28 2.384569818641531
28 3.470441986545836
28 4.521497811165605
28 2.267037599521626
28 2.472130989450006
28 3.775995286405275
28 0.942732492709607
28 1.248559737188583
28 2.355937352487246
28 9.563593893339714
28 1.185896930261128
28 2.832181853748468
28 1.111339772262070
28 2.799034140194093
28 1.827584307452607
28 4.909806192124071
28 2.505814248891931
28 3.776391160521666
28 5.507622389962300
28 1.500560631094371
28 2.693499770101692
28 2.422076063079146
28 2.161254940401606
28 4.362687808452419
28 1.896107667997133
28 4.552972182350620
28 2.553382091625894
28 2.420228722220291
28 1.685824690694860
28 2.195412380947523
28 2.292477474218023
28 1.707691206153458
28 2.289450702029868
28 4.013842038695111
28 1.854481990704505
28 3.127382104594194
28 1.103494667618736
28 2.123042162143528
28 1.354324867441712
28 1.379923536989630
28 2.522093161671924
28 2.420570250042835
28 2.825620496366316
28 2.361024740588162
28 4.514546787344580
28 2.254051703524935
28 2.220776595981902
28 2.627968764106775
28 1.628417926962058
28 5.031901027563406
28 2.184539724317028
28 1.258570652269450
28 2.442098795480054
28 2.242987658251611
28 2.638646483062911
28 2.255380220456014
28 2.064146506887726
28 1.757248635396814
28 2.391716841197571
28 1.943814756631701
28 1.018405530869585
28 3.637405865228020
28 2.429858151473911
28 2.145406144299988
28 1.933183225123873
28 3.716341772667748
28 2.800499022136666
28 9.474116401606992
28 1.583393503375415
28 1.537287440713498
28 3.269753076267568
28 1.106445299699771
28 1.483285384669960
28 1.766701829509788
28 2.008570349475832
28 3.261880126217336
28 1.122274029537722
28 1.456344378353430
28 1.253807886464640
28 1.621752695248067
28 1.775696614475562
28 1.361093237148016
28 2.121908694113748
28 1.007551961504204
28 3.281141587819788
28 1.152470237940562
28 1.994125599882862
28 2.461946034627924
28 5.095005365030016
28 2.292426492473827
28 2.911006514178730
28 3.938347267790579
28 1.692110847075670
28 1.615275895911033
28 2.998895620015475
28 4.025460890194950
28 2.657939727181084
28 3.022996656280993
28 1.658324867906827
28 1.965691280275401
28 2.824127971254743
28 5.722733105841394
28 2.158964115682797
28 3.213925712826669
28 2.223128714605360
28 4.008103299032781
28 3.403472622326071
28 2.210575145277407
28 1.514926770355564
28 1.281174029156480
28 2.539334004555586
28 4.526289316398111
28 1.749580336229677
28 2.240951417929570
28 1.286443875559737
28 1.698383842228916
28 3.133501525635782
28 3.473563577125507
28 1.999167649494399
28 1.584158926286971
28 9.002497383548402
28 1.010668414523861
28 4.570234915963495
28 1.481752536986991
28 1.046308427570507
28 2.872081087547498
28 1.709994800609311
28 2.590264389442566
28 5.154390286232750
28 2.585507717597242
28 2.018558719726010
28 1.146932217717565
28 2.169782105247911
28 1.248567480333993
28 6.276172059763631
28 2.726898138842670
28 8.333705107196508
28 9.806803083502180
28 1.036577298925793
28 3.519890591738858
28 9.829825428173283
28 2.106514941812884
28 2.415123489374063
28 1.519434509072627
28 2.681718128092565
28 2.418770832989019
28 2.288993193652177
28 2.277920210787026
28 1.347568133636352
28 1.729386783340899
28 3.324511252673357
28 6.141630219344915
28 1.627929321715325
28 2.041677706111980
28 2.223128714605360
28 4.008103299032781
28 3.403472622326071
28 2.210575145277407
28 1.514926770355564
28 1.281174029156480
28 2.539334004555586
28 4.526289316398111
28 1.749580336229677
28 2.240951417929570
28 1.286443875559737
28 1.698383842228916
28 3.133501525635782
28 3.473563577125507
28 1.999167649494399
28 1.584158926286971
28 9.002497383548402
28 1.010668414523861
28 4.570234915963495
28 1.481752536986991
28 1.046308427570507
28 2.872081087547498
28 1.709994800609311
28 2.590264389442566
28 5.154390286232750
28 2.585507717597242
28 2.018558719726010
28 1.146932217717565
28 2.169782105247911
28 1.248567480333993
28 6.276172059763631
28 2.726898138842670
28 8.333705107196508
28 9.806803083502180
28 1.036577298925793
28 3.519890591738858
28 9.829825428173283
28 2.106514941812884
28 2.415123489374063
28 1.519434509072627
28 2.681718128092565
28 2.418770832989019
28 2.288993193652177
28 2.277920210787026
28 1.347568133636352
28 1.729386783340899
28 3.324511252673357
28 6.141630219344915
28 1.627929321715325
28 2.041677706111980
28 3.053546818179320
28 2.880138148171897
28 1.161469830743241
28 9.264890329902503
28 1.754949368349389
28 2.977493713290744
28 2.064012150651182
28 3.346433222038880
28 3.767039152374085
28 1.383793081387887
28 2.085732516432871
28 2.864919186478643
28 4.030018271748649
28 1.910761964886690
28 2.202733968313314
28 5.980467650750739
28 2.691682539735641
28 2.452304112411409
28 2.118896881515765
28 2.369254711134643
28 4.658611435637281
28 2.616078253144067
28 1.418289306702854
28 2.455347190823695
28 1.961170439641536
28 0.951213596603095
28 3.192482443606775
28 5.500827301158043
28 9.884843644027264
28 5.455077172913546
28 5.103902084168670
28 9.744018282537645
28 1.576645146239814
28 2.980541628658894
28 7.238040269417577
28 3.423225560013244
28 1.309546024725422
28 3.016185403883313
28 2.738684257601873
28 2.442193577331610
28 1.377666866409362
28 1.196232359825014
28 3.130291277540699
28 4.003056843163671
28 3.702309102554692
28 2.145886205317378
28 2.260757711661273
28 3.939973821776682
28 2.087959847274321
28 4.290365550243107
34 4.483051982630921
34 9.782455052357712
34 7.371244038597134
34 3.479022249173619
34 2.728875944275907
34 4.552338698931860
34 5.541533391785842
34 8.878168820021624
34 3.359455846369435
34 4.094177477929918
34 9.671613938098162
34 5.023706719492939
34 3.189031137340331
34 4.310943486903743
34 9.395092943430381
34 6.886552389324216
34 3.705447018187317
34 2.620487708573123
34 5.300160424954422
34 3.280368513927121
34 7.220450100397679
34 8.327501276281541
34 3.675128154209479
34 6.141071629663023
34 6.059961410497747
34 6.053125259838087
34 3.659162887190241
34 1.875543689327452
34 3.614942170034813
34 4.141259299974250
34 3.724659387464394
34 2.166706309027852
34 5.554638495651365
34 6.614954567773688
34 5.431950549077338
34 3.719333606830705
34 4.155813779503902
34 9.233532134942758
34 5.681513204687565
34 3.627002695195498
34 4.745102763238186
34 2.650461489283823
34 5.490467267611182
34 5.217226715872059
34 4.913008332653665
34 6.244502249892760
34 8.415770656316301
34 7.171697161376396
34 5.122437603970509
34 1.530512189173111
34 2.107563274419953
34 2.187699588465790
34 5.483775383710022
34 3.670879212719386
34 3.154366006180723
34 2.489603466166376
34 2.600903402321283
34 3.624066293396309
34 6.655483570267100
34 3.366311990388810
34 3.627415620287448
34 9.132205498342147
34 9.639433141392368
34 3.188424130914308
34 9.557886095956627
34 6.566058637893060
34 1.771090378959138
34 5.476041658804206
34 6.904178343704899
34 9.744179208167456
34 9.525853914099395
34 3.350199241621581
34 3.030615145277755
34 4.509831930959162
34 6.292084813099385
34 4.298716786302987
34 2.761628724774116
34 3.270779127980270
34 4.838592479803387
34 1.630676450569311
34 7.759452672153954
34 8.860699864896883
34 7.934897473227144
34 7.533135674052827
34 3.439015606408348
34 9.564272567532377
34 4.078441013753137
34 6.038319448600332
34 2.071215876048068
34 3.693403108648874
34 3.329980674036734
34 5.928644913940500
34 2.146061218050429
34 9.789266528691947
34 1.906369481800016
34 5.831231208244917
34 6.031728632337620
34 9.727875426674855
34 9.765043346720319
34 6.941352838703702
34 5.151837092129605
34 3.330059644459160
34 6.649482921269739
34 3.676722495941073
34 6.876391433004835
34 3.422687644240495
34 7.193855345380739
34 3.211400654464640
34 5.010333337215794
34 9.375293627565574
34 6.595798830808539
34 1.550589610065421
34 1.766900600214644
34 2.347104951437789
34 4.910550799796511
34 3.721102484801776
34 2.406857394075911
34 4.888724611262564
34 9.812973772332519
34 2.424348489825966
34 8.043471214537362
34 3.256805129109399
34 3.116254346049564
34 5.925849744169589
34 3.668071928441868
34 6.134196240577957
34 5.753279645007040
34 6.064396286892622
34 4.173963124406547
34 5.060132112476506
34 3.425369000410137
34 5.436984337285438
34 1.993817846148133
34 3.470982198415765
34 2.829554224210345
34 5.115314074247202
34 6.361877214544605
34 3.700033914013703
34 3.410760936888541
34 3.652919910989978
34 3.835347087093614
34 9.671130779595595
34 4.918608255265066
34 3.298969618868170
34 3.745187961381196
34 5.988900839514264
34 5.087297867821991
34 2.593106268582769
34 1.782513401709793
34 3.041471491116025
34 4.753555759407348
34 4.998945568940932
34 1.196361584212509
34 5.624080809671042
34 8.061024293583333
34 4.647469834732842
34 4.343691596298348
34 7.042820082346172
34 4.417631221959425
34 6.586176628926426
34 2.448915375980289
34 4.989934667907158
34 4.717460893501894
34 3.061460646651780
34 9.614067065898787
34 4.178702259398221
34 3.396770902861646
34 9.673524905351421
34 6.286750377941009
34 4.926630984357179
34 5.394975314636758
34 4.082265383489513
34 6.205526922689353
34 2.221720353091063
34 2.876982834680792
34 3.367001282349138
34 4.381630679108057
34 9.593164283939746
34 3.736484452463836
34 3.175740222876700
34 4.703344515184290
34 4.387343042689182
34 6.802008088754425
34 6.290561386981167
34 4.113294233863405
34 5.700027469403443
34 5.725401589015062
34 4.121509537293287
34 3.227931798435645
34 9.636690699145618
34 5.036749108441685
34 5.827325424069333
34 5.743252412036076
34 2.599043272674056
34 4.985551244922288
34 2.723203726673606
34 2.634573775461574
34 2.465274518633101
34 4.056561778876168
34 3.605644066051562
34 3.962734170507790
34 5.260348580929947
34 9.616582617267873
34 4.199016039038929
34 4.408675007065021
34 2.415950285484951
34 7.663112819478330
34 2.388123576466711
34 9.440714269168609
34 1.851490582632483
34 7.812765664087301
34 1.629695269273933
34 1.774630869052710
34 3.344672036499794
34 3.348694296618145
34 2.088893189172568
34 4.526705892716805
34 8.214194913326514
34 9.702218534302956
34 6.212245535963167
34 4.516537914127456
34 7.130069257293338
34 4.894811653019300
34 4.029175622091321
34 2.193774338563299
34 8.029981478715255
34 3.792356105680865
34 7.874939123453085
34 4.397899787630964
34 5.051547823486627
34 4.505899856004351
34 3.010433863211077
34 5.545139421875755
34 6.206137168143746
34 8.112028109121344
34 3.035714773481188
34 3.177239788964182
34 9.537986730739703
34 5.604717800214935
34 4.833635700442865
34 2.283843119747053
34 9.816061292585182
34 9.565933640930890
34 3.928948287164133
34 3.426901716708101
34 9.761910638102218
34 7.465743432412165
34 4.810600228081662
34 3.145060126633690
34 6.259884881647356
34 1.893392302489669
34 7.141889898688946
34 4.826858709348016
34 3.812173824536111
34 5.479732569550229
34 9.571308601844354
34 5.321913552924101
34 3.179093382187722
34 3.402287582692858
34 9.636416768236764
34 5.633596213816988
34 4.023548181812709
34 7.104777523690637
34 3.859832861001502
34 5.936755314987278
34 9.784057675583242
34 2.696802735227606
34 4.171234436530979
34 6.983547691403237
34 2.813058832514059
34 3.022985013204208
34 1.568821675149838
34 3.887796918570281
34 3.513159566603603
34 9.829414724123833
34 4.053867140224273
34 3.119605847110396
34 4.133504225474264
34 5.521737441992359
34 9.707790571220311
34 2.277055809616221
34 4.126484375342931
34 6.784000337311089
34 9.846121537286571
34 2.859330536172926
34 2.053980170578220
34 3.548253528479781
34 4.444681543685866
34 3.290064715656082
34 6.834453251619575
34 3.705537902023972
34 5.758711465603399
34 3.973655523190875
34 8.777071785497023
34 7.003090554459265
34 3.016539862146822
34 7.620694015567536
34 6.522551746398225
34 1.982194395159108
34 4.164796216088717
34 8.347633820513462
34 2.621661909571102
34 2.924983313909093
34 3.434245981679283
34 4.942162576971174
34 6.082694371657611
34 9.751109450831187
34 9.597760275960562
34 7.956250020288014
34 2.806133783274038
34 6.461613258326072
34 3.969813987781938
34 3.225770242820922
34 5.473241130214805
34 4.932128041153510
34 2.322493506468637
34 2.771768035800990
34 9.706800187432318
34 3.729553054959200
34 4.464145043154687
34 8.768980787739801
34 5.669994817556478
34 2.268053258547075
34 3.895094943706888
34 4.489062957335980
34 4.882543646417465
34 4.596888539978423
34 8.563856111501964
34 2.020578738173410
34 3.893018314977891
34 3.571349928647805
34 5.320268573170252
34 4.384966059650594
34 7.601050801948677
34 3.427021177437493
34 2.668106968894142
34 2.474473561634363
34 2.481516074881993
34 2.567272764246108
34 4.876118586380958
34 5.644582669665374
34 2.037872852051696
34 6.941825219406867
34 3.978476208148527
34 4.625057922944773
34 5.966994016729283
34 5.703433776367446
34 2.920513352632827
34 4.771228333654783
34 2.793747892484869
34 9.874378684877602
34 9.809357561923914
34 4.927246664580721
34 2.098877285223429
34 4.927019116771823
34 2.795736261798708
34 5.396444835574336
34 3.693616181395523
34 2.973293812400273
34 2.975625680917321
34 3.159301777878569
34 2.724438147410300
34 4.663244660473818
34 7.735664617534029
34 2.371832917644159
34 3.616435197474587
34 5.271564607505079
34 3.185603164263126
34 9.624852919138938
34 2.385363553610951
34 3.761984769247998
34 3.207551637466691
34 5.019845036627379
34 5.763247955409296
34 3.754243779251926
34 4.944605390063644
34 3.063215383907624
34 4.110770787855050
34 3.005534032514278
34 2.403719569038976
34 2.963822380979549
34 1.967626068092703
34 5.397695876216099
34 3.821798579710712
34 5.825323466391380
34 4.991129970530736
34 4.081134025502336
34 3.243265244485585
34 3.358008179702763
34 1.773869013507533
34 5.930017864401247
34 8.498403534190874
34 2.792781592200178
34 5.699992802095148
34 6.052257963849608
34 4.215269236850093
34 2.439400698243182
34 4.647783161256883
34 4.407917704953501
34 9.490611570493407
34 9.874378684877602
34 9.809357561923914
34 4.927246664580721
34 2.098877285223429
34 4.927019116771823
34 2.795736261798708
34 5.396444835574336
34 3.693616181395523
34 2.973293812400273
34 2.975625680917321
34 3.159301777878569
34 2.724438147410300
34 4.663244660473818
34 7.735664617534029
34 2.371832917644159
34 3.616435197474587
34 5.271564607505079
34 3.185603164263126
34 9.624852919138938
34 2.385363553610951
34 3.761984769247998
34 3.207551637466691
34 5.019845036627379
34 5.763247955409296
34 3.754243779251926
34 4.944605390063644
34 3.063215383907624
34 4.110770787855050
34 3.005534032514278
34 2.403719569038976
34 2.963822380979549
34 1.967626068092703
34 5.397695876216099
34 3.821798579710712
34 5.825323466391380
34 4.991129970530736
34 4.081134025502336
34 3.243265244485585
34 3.358008179702763
34 1.773869013507533
34 5.930017864401247
34 8.498403534190874
34 2.792781592200178
34 5.699992802095148
34 6.052257963849608
34 4.215269236850093
34 2.439400698243182
34 4.647783161256883
34 4.407917704953501
34 9.490611570493407
34 9.874378684877602
34 9.809357561923914
34 4.927246664580721
34 2.098877285223429
34 4.927019116771823
34 2.795736261798708
34 5.396444835574336
34 3.693616181395523
34 2.973293812400273
34 2.975625680917321
34 3.159301777878569
34 2.724438147410300
34 4.663244660473818
34 7.735664617534029
34 2.371832917644159
34 3.616435197474587
34 5.271564607505079
34 3.185603164263126
34 9.624852919138938
34 2.385363553610951
34 3.761984769247998
34 3.207551637466691
34 5.019845036627379
34 5.763247955409296
34 3.754243779251926
34 4.944605390063644
34 3.063215383907624
34 4.110770787855050
34 3.005534032514278
34 2.403719569038976
34 2.963822380979549
34 1.967626068092703
34 5.397695876216099
34 3.821798579710712
34 5.825323466391380
34 4.991129970530736
34 4.081134025502336
34 3.243265244485585
34 3.358008179702763
34 1.773869013507533
34 5.930017864401247
34 8.498403534190874
34 2.792781592200178
34 5.699992802095148
34 6.052257963849608
34 4.215269236850093
34 2.439400698243182
34 4.647783161256883
34 4.407917704953501
34 9.490611570493407
