10 0.065972819196064
10 0.032133691654760
10 0.034173246477258
10 0.037115887174329
10 0.043065107492604
10 0.051175888407297
10 0.032265088767518
10 0.050076849608564
10 0.033381143361387
10 0.062598681097518
10 0.033402495522637
10 0.042526159499573
10 0.029672456830747
10 0.026602282670161
10 0.044109691415749
10 0.048452108322726
10 0.029969575994153
10 0.063068146173783
10 0.046474415042995
10 0.049162664663666
10 0.030534378224313
10 0.041525444635593
10 0.045367611487745
10 0.041496679078824
10 0.038673056233160
10 0.058014520355419
10 0.045290046024808
10 0.041497511890547
10 0.037237297087128
10 0.028490832811061
10 0.038960568024320
10 0.047935579343116
10 0.043416340441813
10 0.032878828006432
10 0.039113820978019
10 0.078859908092818
10 0.047110134562631
10 0.052503911036196
10 0.031120625135629
10 0.027481658819419
10 0.043571500916778
10 0.043183367615931
10 0.025459173429054
10 0.034128164922219
10 0.065181094203656
10 0.044016459004322
10 0.028065492359349
10 0.057070323178495
10 0.032457344355818
10 0.032170483786026
10 0.031209518808191
10 0.039950914773915
10 0.077812104897184
10 0.042146955315951
10 0.036207755393707
10 0.032783082955291
10 0.041655638817083
10 0.046820839206442
10 0.057944087618408
10 0.028778947516908
10 0.056322557217811
10 0.026335088132968
10 0.049182632577834
10 0.026967203344507
10 0.062957288003090
10 0.032516217941304
10 0.068368323911366
10 0.030075835552718
10 0.057296994963798
10 0.060890202002213
10 0.009882570308033
10 0.097287741884371
10 0.071935878183343
10 0.016338470242711
10 0.079505664974095
10 0.033451908694678
10 0.065790727279384
10 0.036999792791298
10 0.040564325902418
10 0.038791111611395
10 0.028381852600650
10 0.044879995881477
10 0.039731336755490
10 0.070667708783896
10 0.026001065017250
10 0.053656324173172
10 0.060997326853269
10 0.049195167057087
10 0.039810064990606
10 0.049672850846709
10 0.040206046193595
10 0.028822398141885
10 0.040600959613609
10 0.054393782803561
10 0.059127727133151
10 0.035471907755425
10 0.056305339412045
10 0.034375461929628
10 0.033950127226676
10 0.045216485770633
10 0.043279409470884
10 0.064002010942380
10 0.059731300088724
10 0.045031244254708
10 0.042780363838576
10 0.052426914849319
10 0.034079774399630
10 0.038180550764828
10 0.060852836962763
10 0.034992595345453
10 0.045562353181253
10 0.056791199635395
10 0.035331951592704
10 0.041217883616689
10 0.036750091730865
10 0.054080751149801
10 0.034328317305355
10 0.026360897039897
10 0.038142295797875
10 0.036753037644210
10 0.059238624031780
10 0.040780844023644
10 0.042343324761253
10 0.026251843265665
10 0.026939504649217
10 0.040928288973722
10 0.031489166114169
10 0.028473599725602
10 0.047880229197506
10 0.037707836560970
10 0.039344973436591
10 0.039109603658501
10 0.021875238446749
10 0.038629637823868
10 0.025431035818329
10 0.023852617218923
10 0.087755841779233
10 0.041867560076959
10 0.041439712987949
10 0.056328471800753
10 0.035174126148797
10 0.033113649111437
10 0.054793988628277
10 0.026435516590482
10 0.041700028503858
10 0.063985113099921
10 0.037718101590317
10 0.061698873342998
10 0.037302162008157
10 0.031284877324858
10 0.021184291966382
10 0.037764384501002
10 0.032617612077968
10 0.049212348943647
10 0.047540831915832
10 0.028956700884311
10 0.049254204058456
10 0.041482905518222
10 0.053312837878302
10 0.047834341611488
10 0.038124904997226
10 0.042180064364934
10 0.042606997427903
10 0.043654035091340
10 0.025649812986404
10 0.028738979704390
10 0.033816641524078
10 0.066221557239624
10 0.046909401570141
10 0.038338464178970
10 0.049370656600479
10 0.041220592674636
10 0.067255636561887
10 0.035884259602025
10 0.038693457612512
10 0.028472949336850
10 0.061604703611100
10 0.057143501808597
10 0.034254725916141
10 0.039460564394465
10 0.039867711279911
10 0.040911857385789
10 0.045638690906160
10 0.052010073247867
10 0.031134403587587
10 0.036527255654788
10 0.039385096593456
10 0.037692847040343
10 0.060040487283794
10 0.039164107229853
10 0.070805560382085
10 0.055454142828888
10 0.041770334537848
10 0.066533084239392
10 0.049018481384697
10 0.035943797031848
10 0.045718466189580
10 0.037302162008157
10 0.031284877324858
10 0.021184291966382
10 0.037764384501002
10 0.032617612077968
10 0.049212348943647
10 0.047540831915832
10 0.028956700884311
10 0.049254204058456
10 0.041482905518222
10 0.053312837878302
10 0.047834341611488
10 0.038124904997226
10 0.042180064364934
10 0.042606997427903
10 0.043654035091340
10 0.025649812986404
10 0.028738979704390
10 0.033816641524078
10 0.066221557239624
10 0.046909401570141
10 0.038338464178970
10 0.049370656600479
10 0.041220592674636
10 0.067255636561887
10 0.035884259602025
10 0.038693457612512
10 0.028472949336850
10 0.061604703611100
10 0.057143501808597
10 0.034254725916141
10 0.039460564394465
10 0.039867711279911
10 0.040911857385789
10 0.045638690906160
10 0.052010073247867
10 0.031134403587587
10 0.036527255654788
10 0.039385096593456
10 0.037692847040343
10 0.060040487283794
10 0.039164107229853
10 0.070805560382085
10 0.055454142828888
10 0.041770334537848
10 0.066533084239392
10 0.049018481384697
10 0.035943797031848
10 0.045718466189580
10 0.044713793263760
10 0.042514208898676
10 0.023465345687045
10 0.042117085130003
10 0.049111195352222
10 0.050056794546432
10 0.072550625695181
10 0.042159235999035
10 0.048034920385835
10 0.040706123327419
10 0.027448959468542
10 0.025278884428159
10 0.049244815404371
10 0.027548564089118
10 0.054629575123718
10 0.045005734646006
10 0.055393647205571
10 0.044228754548810
10 0.051032961220272
10 0.027678379896496
10 0.050415926517519
10 0.043309017499778
10 0.044007731821265
10 0.056941325062235
10 0.041107756993134
10 0.066800534077243
10 0.033730354826988
10 0.057073284709412
10 0.030163479791121
10 0.050462447771248
10 0.040313328861653
10 0.030052362756145
10 0.032487535219405
10 0.031694530955795
10 0.047801598476907
10 0.041222774842391
10 0.047362834173793
10 0.036303189563678
10 0.064144311758288
10 0.063882643817066
10 0.037900640484497
10 0.038347550715550
10 0.042860404183157
10 0.040391045836770
10 0.034048219545102
10 0.054221667784621
10 0.037564639158386
10 0.056471817976028
10 0.037735268886959
10 0.062149217134228
10 0.048441320338393
10 0.051637094205723
10 0.041331876707781
10 0.034383340148998
10 0.022639648119806
10 0.054751628816568
10 0.040022774794995
10 0.018165817225443
10 0.023339662079664
10 0.028394664661748
10 0.038564135738430
10 0.031350932514068
10 0.042013523496674
10 0.046276350017914
10 0.042631762385138
10 0.025888362145897
10 0.068780289292926
10 0.056944470882363
10 0.047357667237373
10 0.042726126687683
10 0.047486229373709
10 0.030040428494526
10 0.036748420025661
10 0.035983375149137
10 0.018025495260888
10 0.025974372834238
10 0.036144369372786
10 0.042378814998578
10 0.022293564149047
10 0.037379368523710
10 0.072148402102370
10 0.038681906081987
10 0.069931531444613
10 0.061022950208477
10 0.055951441337249
10 0.029353381163313
10 0.034935773669691
10 0.041558006710738
10 0.041109164799709
10 0.042324543737242
10 0.041307356716381
10 0.065295534421193
10 0.020778838955414
10 0.065587142144770
10 0.032302592423777
10 0.042727842388877
10 0.046205263688312
10 0.040761101911225
10 0.040721232298532
10 0.034757666241614
10 0.045371196865714
10 0.051374653006704
10 0.050695026023548
10 0.046218231658348
10 0.028625229830490
10 0.025737133817734
10 0.040475284033493
10 0.025256231684246
10 0.069532440101282
10 0.010333686550911
10 0.046465338354960
10 0.069262517322168
10 0.030985939703873
10 0.052427611768537
10 0.054875457881055
10 0.019674316627839
10 0.071588482107444
10 0.047654649358588
10 0.053066134813612
10 0.060849341642488
10 0.060426411134187
10 0.047840029345992
10 0.058396505670101
10 0.028783973392340
10 0.035470942510854
10 0.051817877908253
10 0.035430048325485
10 0.044917281349374
10 0.053114403944138
10 0.045899531202664
10 0.042468172087245
10 0.040869444679066
10 0.037810753841804
10 0.033484089313951
10 0.033533037503920
10 0.055852551140710
10 0.027965733124896
10 0.034356796367828
10 0.067188721471738
10 0.060508789726138
10 0.038947161972509
10 0.037302784273434
10 0.060149565816435
10 0.070091453157069
10 0.033377834842434
10 0.043037816965168
10 0.031339461346238
10 0.054111837406843
10 0.026037563036240
10 0.054526012493293
10 0.060145443942955
10 0.030736949882427
10 0.043904023047276
10 0.022742218779300
10 0.061119658424827
10 0.019354121172514
10 0.041987878599603
10 0.035648656682455
10 0.059931118881827
10 0.062738517867255
10 0.028080554623765
10 0.029104285383420
10 0.048563558508258
10 0.052364963714124
10 0.031724540777759
10 0.042866114792127
10 0.034023742899121
10 0.046836845876956
10 0.042786119354093
10 0.049223221674340
10 0.055547469629248
10 0.034032979141120
10 0.032002420075847
10 0.060429709739489
10 0.034116899382195
10 0.037899456419749
10 0.061254279273741
10 0.019035762012209
10 0.018695733124716
10 0.062869299348814
10 0.038842496241696
10 0.039699414390925
10 0.068946670234406
10 0.037056925331830
10 0.043098578739566
10 0.059376288171197
10 0.067379883769073
10 0.029370492211997
10 0.040411131967322
10 0.061885456401819
10 0.025748063898127
10 0.070849130755894
10 0.046707920875386
10 0.044108032739884
10 0.045342832882026
10 0.050948518373644
10 0.050661280923488
10 0.037470326220326
10 0.020754443749849
10 0.030177711866984
10 0.036493526558355
10 0.036439116961984
10 0.071457975882931
10 0.086874407691494
10 0.064353063850604
10 0.091106262799390
10 0.037674428378710
10 0.036718738850523
10 0.030802899385914
10 0.040724343024158
10 0.058899729426106
10 0.037570463568268
10 0.027964171047341
10 0.039790457984457
10 0.059921955066871
10 0.038925639645874
10 0.027887840770998
10 0.060370219842136
10 0.045408344326317
10 0.043167643780684
10 0.054743380413343
10 0.042708146592441
10 0.030504647869795
10 0.033044506428241
10 0.057736442496922
10 0.068683840683212
10 0.040689855870910
10 0.050023548156639
10 0.018726879616808
10 0.037396253893296
10 0.033656174549824
10 0.029023235928812
10 0.060280665159697
10 0.016295211829092
10 0.028585638747137
10 0.035254575306257
10 0.049990921826727
10 0.030722626326270
10 0.031158445948547
10 0.029621679775143
10 0.041025412597579
10 0.024183954250155
10 0.020191868251730
16 0.311591326370875
16 0.363852383001433
16 0.207249416288853
16 0.211367675673508
16 0.167521841261054
16 0.236575911930958
16 0.352018974720257
16 0.206577469290529
16 0.205165166008864
16 0.171952618212615
16 0.225995641711617
16 0.187369830623057
16 0.212831509529475
16 0.307732091788917
16 0.297482725999984
16 0.201869620516966
16 0.283477785370783
16 0.411101752375376
16 0.272824406519306
16 0.183077354259500
16 0.216203330441095
16 0.216408025302973
16 0.205763847825810
16 0.322990135617086
16 0.307881916251208
16 0.162067931527483
16 0.135391287381252
16 0.310085410181707
16 0.317408816839964
16 0.133778238219996
16 0.153941601130151
16 0.203951897856128
16 0.178208742872882
16 0.237662647384234
16 0.181549312385673
16 0.268518121033407
16 0.121377036063186
16 0.157644067801974
16 0.217667052128462
16 0.195807010945092
16 0.124720240084842
16 0.202620663885485
16 0.174566451688576
16 0.255023807561607
16 0.181145984667175
16 0.440791573660089
16 0.241584342987690
16 0.258527348151272
16 0.279355574072707
16 0.229038739820171
16 0.311591326370875
16 0.363852383001433
16 0.207249416288853
16 0.211367675673508
16 0.167521841261054
16 0.236575911930958
16 0.352018974720257
16 0.206577469290529
16 0.205165166008864
16 0.171952618212615
16 0.225995641711617
16 0.187369830623057
16 0.212831509529475
16 0.307732091788917
16 0.297482725999984
16 0.201869620516966
16 0.283477785370783
16 0.411101752375376
16 0.272824406519306
16 0.183077354259500
16 0.216203330441095
16 0.216408025302973
16 0.205763847825810
16 0.322990135617086
16 0.307881916251208
16 0.162067931527483
16 0.135391287381252
16 0.310085410181707
16 0.317408816839964
16 0.133778238219996
16 0.153941601130151
16 0.203951897856128
16 0.178208742872882
16 0.237662647384234
16 0.181549312385673
16 0.268518121033407
16 0.121377036063186
16 0.157644067801974
16 0.217667052128462
16 0.195807010945092
16 0.124720240084842
16 0.202620663885485
16 0.174566451688576
16 0.255023807561607
16 0.181145984667175
16 0.440791573660089
16 0.241584342987690
16 0.258527348151272
16 0.279355574072707
16 0.229038739820171
16 0.311591326370875
16 0.363852383001433
16 0.207249416288853
16 0.211367675673508
16 0.167521841261054
16 0.236575911930958
16 0.352018974720257
16 0.206577469290529
16 0.205165166008864
16 0.171952618212615
16 0.225995641711617
16 0.187369830623057
16 0.212831509529475
16 0.307732091788917
16 0.297482725999984
16 0.201869620516966
16 0.283477785370783
16 0.411101752375376
16 0.272824406519306
16 0.183077354259500
16 0.216203330441095
16 0.216408025302973
16 0.205763847825810
16 0.322990135617086
16 0.307881916251208
16 0.162067931527483
16 0.135391287381252
16 0.310085410181707
16 0.317408816839964
16 0.133778238219996
16 0.153941601130151
16 0.203951897856128
16 0.178208742872882
16 0.237662647384234
16 0.181549312385673
16 0.268518121033407
16 0.121377036063186
16 0.157644067801974
16 0.217667052128462
16 0.195807010945092
16 0.124720240084842
16 0.202620663885485
16 0.174566451688576
16 0.255023807561607
16 0.181145984667175
16 0.440791573660089
16 0.241584342987690
16 0.258527348151272
16 0.279355574072707
16 0.229038739820171
16 0.219964014089588
16 0.351015758683856
16 0.125500521856020
16 0.293673970721436
16 0.142342945965379
16 0.198723838754190
16 0.156762169269654
16 0.206444948225283
16 0.351380487547394
16 0.383278323572625
16 0.437011313956166
16 0.294932642549298
16 0.257184665518603
16 0.220430231329932
16 0.384840894804574
16 0.265429261636477
16 0.200106506758189
16 0.343768082693927
16 0.210077861042742
16 0.166614722794097
16 0.371147208987773
16 0.182894836533450
16 0.234756107912069
16 0.313780411278023
16 0.220717700848093
16 0.274543304137936
16 0.241400737861656
16 0.129926236779903
16 0.243532790911307
16 0.233057802477028
16 0.199860853994815
16 0.117737265858520
16 0.158795299249916
16 0.199102685259702
16 0.249566522349884
16 0.315830954568034
16 0.198025480130720
16 0.105198481849172
16 0.321638843070893
16 0.315444829935128
16 0.129960996776472
16 0.192024101708281
16 0.226893287396411
16 0.128839282638188
16 0.221910575510680
16 0.141451131080414
16 0.233227800297776
16 0.130123807675123
16 0.223381553201787
16 0.387034262551834
16 0.365578020289331
16 0.203739448762916
16 0.238739890989349
16 0.307633308174571
16 0.405413198818897
16 0.153975346010586
16 0.291432343054705
16 0.110112350425534
16 0.317003852173104
16 0.112707922901542
16 0.263299695929468
16 0.365148924710620
16 0.224977024668988
16 0.164433228871783
16 0.153174807349837
16 0.276244830168030
16 0.151920367201230
16 0.269198305335793
16 0.294819715240880
16 0.353399230141251
16 0.184141428023195
16 0.158816869725901
16 0.255481004612073
16 0.577916489858825
16 0.364396556282998
16 0.232870569627887
16 0.197109109815449
16 0.210554644604186
16 0.234062487982005
16 0.234834405508805
16 0.290337885161384
16 0.330508005850932
16 0.259140047575335
16 0.617427648545971
16 0.232240745933065
16 0.323680194533266
16 0.355798830280240
16 0.247989030237118
16 0.240293898071466
16 0.179722504110797
16 0.158810348131568
16 0.194291836007509
16 0.308253924316247
16 0.163472962100539
16 0.143327043398148
16 0.270958423456342
16 0.175570657577115
16 0.337908408344047
16 0.438554296767452
16 0.217385213745642
16 0.161642998744256
16 0.278555640818271
16 0.344965223121499
16 0.211707862401006
16 0.181547314118169
16 0.317193656905356
16 0.222802046159891
16 0.182310050897978
16 0.219498763217128
16 0.229834850597862
16 0.218481756517982
16 0.338218891923264
16 0.261851183984305
16 0.373491737632992
16 0.323542190356757
16 0.199759501667623
16 0.264519297591234
16 0.222466598562701
16 0.175730570388800
16 0.244664499765889
16 0.163655429213166
16 0.213311694729810
16 0.161371517972707
16 0.377758469956920
16 0.164071501549420
16 0.154101886557244
16 0.262359846495642
16 0.241561496512410
16 0.202541355278669
16 0.158325091107906
16 0.206847600113511
16 0.110945006943946
16 0.199716143585237
16 0.137633707414950
16 0.130400064037446
16 0.207929533696850
16 0.176102950959444
16 0.286611383367926
16 0.279204465199200
16 0.189014886869007
16 0.257566568376713
16 0.132795130446842
16 0.191029674959371
16 0.232715441279504
16 0.279005358871190
16 0.253801662604504
16 0.169174326977409
16 0.309669082461767
16 0.178785618414901
16 0.208544216808248
16 0.203256970876565
16 0.126082386438209
16 0.200029627368482
16 0.287414493551416
16 0.285277595325476
16 0.382295244780730
16 0.155924993388807
16 0.290347737197299
16 0.175576108356874
16 0.174255993687845
16 0.296935619949305
16 0.480011454201963
16 0.289354643879899
16 0.151753338275193
16 0.166020341022202
16 0.329256214195672
16 0.149605777656149
16 0.167058725058047
16 0.127969299882047
16 0.199950646922354
16 0.181319520607471
16 0.168068705066951
16 0.254197163776475
16 0.485515174801591
16 0.147206196260853
16 0.270719886413473
16 0.232441214105268
16 0.136432604920573
16 0.184886476162582
16 0.189877577695594
16 0.223224977279397
16 0.239840929825090
16 0.180803746263391
16 0.131143253278972
16 0.258086481048132
16 0.195927928217288
16 0.250020750804939
16 0.199549516540115
16 0.355821166376272
16 0.210945707606884
16 0.217274569511281
16 0.221391453727197
16 0.166376008431040
16 0.244243412954360
16 0.325756750081224
16 0.305233114884717
16 0.214360529521985
16 0.177595090039906
16 0.178008143854393
16 0.182476643205725
16 0.187849632463984
16 0.460650268116416
16 0.195582351286107
16 0.202406708748383
16 0.291773479836817
16 0.230551129805145
16 0.277907012331677
16 0.236623453930296
16 0.296945123258215
16 0.292233185226840
16 0.218690588347679
16 0.165807626950240
16 0.279686662616933
16 0.164607813621601
16 0.139136319917565
16 0.183983240481234
16 0.276221627382636
16 0.253116988572727
16 0.186599819706625
16 0.187321199217447
16 0.131824056395638
16 0.212599553176038
16 0.154225256650665
16 0.208438148154822
16 0.315949921827873
16 0.253801857260052
16 0.338712404729167
16 0.279231284753994
16 0.262712190179024
16 0.237194660385303
16 0.205991136765589
16 0.187905745361649
16 0.210817425977091
16 0.445620575524019
16 0.173129187807655
16 0.198614569478524
16 0.274965417368579
16 0.166872124510737
16 0.239679255809330
16 0.338316297078308
16 0.187989076320458
16 0.344647337343758
16 0.273880492234588
16 0.174872430470607
16 0.297710819759248
16 0.192473167180392
16 0.386123182596973
16 0.230500329189506
16 0.292875426607564
16 0.206379034408615
16 0.232129712880766
16 0.129209900970168
16 0.282860005033270
16 0.197115345577037
16 0.184762811806459
16 0.172645473638884
16 0.262200235202743
16 0.250432479566746
16 0.275718263946694
16 0.251883467706852
16 0.115891027659073
16 0.178132897302304
16 0.253948456706823
16 0.310282583153880
16 0.291415620991226
16 0.129759655625601
16 0.342428437207338
16 0.193793019489680
16 0.249247158668727
16 0.186620934735387
16 0.284468773551772
16 0.182729113306237
16 0.566650824950823
16 0.187864117951931
16 0.272829175390323
16 0.205938140857939
16 0.203266238862814
16 0.200983838478375
16 0.142705826175763
16 0.174434246869868
16 0.173637245849333
16 0.365871636871262
16 0.243439923558948
16 0.194313385211561
16 0.409683038164437
16 0.154065151106320
16 0.368766509979048
16 0.165941682190331
16 0.250154229809875
16 0.230493272187077
16 0.240309418056676
16 0.215131895395879
16 0.314754329397368
16 0.176944169658981
16 0.200467669002379
16 0.231164125972344
16 0.187432478266466
16 0.241248085811992
16 0.182738547987526
16 0.193646168581284
16 0.138597075959598
16 0.208348782494525
16 0.132806360906563
16 0.197501842537918
16 0.210201294579051
16 0.248083898583899
16 0.198344373197638
16 0.296201980978356
16 0.421719511949681
16 0.188378676079580
16 0.130594294234680
16 0.279407829730332
16 0.176040150833130
16 0.171748354286220
16 0.604882808484700
16 0.246358490633287
16 0.256451469613832
16 0.222822336392336
16 0.128382169223702
16 0.462167637468331
16 0.364420316590635
16 0.198246038312028
16 0.177377597395072
16 0.181377021707602
16 0.458210760096154
16 0.280917992599048
16 0.192394239178113
16 0.239658076046085
16 0.132282524568441
16 0.170509868296578
16 0.137755478719751
16 0.154478937137987
16 0.181360942398284
16 0.252550082191648
16 0.254544645057388
16 0.277033651435620
16 0.280394870210984
16 0.151104357884510
16 0.143654991646510
16 0.259887628915007
16 0.154060346428186
16 0.152894268776413
16 0.296797680707598
16 0.180386209557224
16 0.213156301277731
16 0.376363838758313
16 0.314303809530515
16 0.229961795796335
16 0.214921542037391
16 0.221019900382603
22 0.462544148565247
22 0.631437464101828
22 0.535680966596137
22 0.513752539331818
22 0.865685389836461
22 0.310853292882349
22 0.519182793803139
22 1.048184036410785
22 0.532143141406281
22 0.291889901312872
22 0.779292459469377
22 0.315047894579904
22 0.356211433604621
22 0.918162688934538
22 0.494891924075580
22 0.982205153204913
22 0.564198644677240
22 1.158898145765680
22 0.547654827415483
22 0.743410826889639
22 0.790568762560167
22 0.333276879626945
22 0.548467227504181
22 0.584130883472938
22 0.571742025294046
22 0.775964410139558
22 1.104043915099202
22 0.487065791930989
22 0.472744638554834
22 0.446126952936091
22 0.801259165883901
22 0.640508431038748
22 1.086827085965356
22 0.671827361949786
22 0.333507620891922
22 0.706232011302527
22 0.464857206151976
22 0.414027954739003
22 0.624797137066129
22 0.347278671412694
22 0.602397811810900
22 0.519847137401185
22 1.044009291467781
22 0.792559311692975
22 0.713012020698049
22 0.512599222988201
22 0.428595258557954
22 0.994869550579266
22 0.516751033361757
22 0.596815317458790
22 0.756691364394929
22 0.350581717582076
22 0.701667552767392
22 0.438075834147255
22 0.692454336061616
22 0.715513586363367
22 0.737862246874498
22 0.384529177049950
22 0.643736970436212
22 0.573146550520272
22 0.593129650020400
22 0.581900958308998
22 0.542948059055114
22 0.658437298184721
22 0.463620209933480
22 0.391319963329078
22 0.944986224053938
22 0.333439253806243
22 0.791698202631946
22 0.403719496365313
22 0.629000086182473
22 0.616253832825766
22 0.527225072032411
22 0.718995397026393
22 0.597475602954843
22 0.330492686420158
22 0.893744179934581
22 0.823060096880508
22 0.607846569559231
22 0.628253918393129
22 0.459443942705290
22 0.491674181731917
22 0.833851399307409
22 0.611485759370986
22 0.404232674064634
22 0.691482007763933
22 0.691598238146737
22 0.571716724323987
22 0.474006252119469
22 0.469859880653284
22 0.559074969077591
22 0.546025909735130
22 1.071769565573065
22 0.563510139505437
22 0.832805740713860
22 1.057044221705532
22 0.631497373559500
22 0.658897582417134
22 0.717226233298378
22 0.605905997055228
22 0.598334527846490
22 0.751990745383229
22 0.596418609006351
22 0.349820686016520
22 0.844717970539378
22 0.851893286549569
22 0.661405359356926
22 0.456902370603846
22 0.483376370262659
22 0.384739957835761
22 0.561731848102612
22 0.636477472294098
22 0.955547584163856
22 0.907826019654706
22 1.002053426212361
22 0.520487572550542
22 1.130672934658639
22 0.751219697066877
22 0.744283184452811
22 0.978871616329411
22 0.842884594610350
22 1.068497800448873
22 0.629739493412995
22 0.736944517992202
22 0.496935034521734
22 0.641712043024161
22 0.464220658861128
22 0.428924780037478
22 0.471372827369055
22 0.321697801087141
22 0.502737627128557
22 1.013403925321674
22 1.347569675919432
22 1.113701489693536
22 1.013646102221402
22 0.907808051988550
22 0.521902786066986
22 0.471106768457726
22 0.424997759340440
22 0.594361614837726
22 0.553258242575036
22 1.122268696525062
22 0.574038393529907
22 0.568327025254253
22 0.842942251679765
22 0.511205586575592
22 0.524442381308518
22 0.502573858830127
22 0.666683511377896
22 0.558163867857837
22 0.596144140282328
22 0.390329525094539
22 0.521683945669454
22 0.651211463651840
22 0.708848486066790
22 0.598260782584988
22 0.552983487010076
22 0.551991193041627
22 0.905216021217542
22 0.719030197848146
22 0.419757474263418
22 0.641341623846566
22 0.538335624498880
22 0.865219999069942
22 0.641008560222525
22 0.436317227014332
22 0.592837051972066
22 1.184365550826233
22 0.659024846286456
22 0.473959201324060
22 0.786439205478733
22 0.354255571602309
22 0.330318316425365
22 0.740202373724792
22 0.847088087912069
22 0.405014667634835
22 0.431676552153452
22 1.004319694950655
22 1.073156154662626
22 0.502665905319830
22 1.224191831666261
22 0.832343151625621
22 0.807990766584537
22 0.609794720122953
22 0.330256038526827
22 0.649717906171404
22 0.608073843708073
22 0.538945853779007
22 1.035746116771154
22 0.721764947270255
22 0.568606915810897
22 0.391478366012678
22 1.155616783836559
22 0.429746060855963
22 0.721169167943849
22 1.025900549599966
22 0.413527344984606
22 0.664936199294653
22 0.805206855271779
22 1.090421293643677
22 0.608080940628683
22 0.934922588091722
22 0.529919870350874
22 0.556978422646870
22 0.798955524805335
22 0.561060920524026
22 0.414758025686555
22 0.709375206636068
22 0.645904519209723
22 0.449553531697144
22 1.146756347399527
22 0.551831871966052
22 0.985900810605001
22 0.666601770457142
22 0.445284335815383
22 0.425298843266164
22 0.587940300495420
22 0.288132592351281
22 0.723212659491415
22 0.728663504483824
22 0.689254173577497
22 0.526954858396260
22 0.764552686024091
22 0.852799831867877
22 0.631512214791751
22 0.453604138291260
22 0.667694802069411
22 0.534009224366179
22 0.592449593153125
22 0.736723440476951
22 0.428818270968107
22 0.551026583639347
22 0.621983646542215
22 0.862977592409248
22 0.821344646527149
22 0.777063504600432
22 0.482060978278573
22 0.523449257270771
22 0.728754421886542
22 0.408044448721279
22 0.679538125412842
22 0.870878853102740
22 0.576198887203258
22 0.447765472348602
22 0.402631102294647
22 0.541949581190537
22 0.527926996614708
22 0.590913854023113
22 0.455815043412234
22 0.472626097789297
22 0.628811744283297
22 0.822307128527596
22 0.701225307065101
22 0.498533109610745
22 0.498560306668704
22 0.753856926888410
22 0.473382589833248
22 0.797445548181386
22 0.653758922632687
22 1.016535056284289
22 0.580065280703570
22 0.600325247385557
22 0.500007806720770
22 1.054790089970581
22 0.556384780966569
22 0.522209838395297
22 0.742874733100531
22 1.155609743560450
22 0.504643162561379
22 0.417316967773954
22 0.336737910461956
22 0.453824793579878
22 0.447159900128134
22 0.502267112072763
22 0.609785020944972
22 0.637337967830288
22 0.448027160507487
22 1.434687873919191
22 0.573703520432732
22 1.235967982694819
22 0.539952988910875
22 0.429363201280567
22 0.433153458333416
22 0.592544414612641
22 0.363162508160995
22 0.688184138779214
22 0.744921494851714
22 0.957139881835940
22 0.694261530903797
22 0.825440750015217
22 0.469774188795149
22 0.664586534560660
22 1.421997378254212
22 0.462601564826688
22 0.546464975024109
22 0.358387693714525
22 0.465240083896973
22 0.669324663821104
22 0.456730406588956
22 1.270085780484721
22 0.499745116059803
22 0.769998128649453
22 1.371452962095928
22 0.628963972377371
22 0.409740621363454
22 0.634229266065669
22 0.442233557123860
22 0.415049818419053
22 0.512697460940874
22 0.672416034624597
22 0.686309822284128
22 0.499008956842876
22 0.808912885021102
22 0.964384203175642
22 0.825220370854780
22 0.522879112404539
22 1.115257923729506
22 0.588171298276463
22 0.648082507046086
22 0.761743673980864
22 0.560098524075601
22 0.430986872758970
22 0.681363260944230
22 0.956559357925125
22 0.750075954440979
22 0.481554434919697
22 0.540944539827853
22 0.472038640966156
22 0.586381676935734
22 0.644659766131306
22 1.213063467984374
22 0.385186807609952
22 0.726776546289891
22 1.148510940190064
22 0.946101823631456
22 0.504207874732671
22 0.409297057183480
22 0.673728084793483
22 0.978396796320744
22 1.219904800098631
22 0.831801413942904
22 0.683567330413574
22 0.408730161225987
22 1.017011841487411
22 0.682241183407386
22 0.463204198147007
22 0.514721978791273
22 0.552709059435173
22 0.469110744098560
22 0.947732218914256
22 0.671247529458499
22 0.683007227326874
22 0.679177731663382
22 0.404990135441396
22 0.350756043681972
22 0.647445979773471
22 0.533554516558358
22 0.640601812438011
22 0.953732314114759
22 0.343211864944328
22 0.547340596603417
22 1.220773777360832
22 0.643527939417935
22 0.291916507804228
22 0.737297551483200
22 1.315376244006309
22 0.286101795648075
22 0.687554012515989
22 0.748847245143723
22 0.929317708950834
22 0.845560915754676
22 0.850515737156954
22 0.560301328333922
22 0.795822517905848
22 0.381550875110367
22 0.508941274442697
22 0.637079612459808
22 0.542198358100505
22 0.329354358191905
22 0.610739929365815
22 0.564065948256508
22 0.682211705556512
22 0.750365837736270
22 0.978962150513772
22 0.611724917235134
22 0.813824250054330
22 0.547901073817373
22 0.705476168551645
22 0.409901101553208
22 0.575155772488463
22 0.442125011596338
22 0.392235264465943
22 0.883655621119925
22 0.288469421711286
22 0.783314114774444
22 0.487915228985854
22 0.808228392698958
22 0.537957556143207
22 0.438772363420128
22 0.597193281215294
22 0.596144140282328
22 0.390329525094539
22 0.521683945669454
22 0.651211463651840
22 0.708848486066790
22 0.598260782584988
22 0.552983487010076
22 0.551991193041627
22 0.905216021217542
22 0.719030197848146
22 0.419757474263418
22 0.641341623846566
22 0.538335624498880
22 0.865219999069942
22 0.641008560222525
22 0.436317227014332
22 0.592837051972066
22 1.184365550826233
22 0.659024846286456
22 0.473959201324060
22 0.786439205478733
22 0.354255571602309
22 0.330318316425365
22 0.740202373724792
22 0.847088087912069
22 0.405014667634835
22 0.431676552153452
22 1.004319694950655
22 1.073156154662626
22 0.502665905319830
22 1.224191831666261
22 0.832343151625621
22 0.807990766584537
22 0.609794720122953
22 0.330256038526827
22 0.649717906171404
22 0.608073843708073
22 0.538945853779007
22 1.035746116771154
22 0.721764947270255
22 0.568606915810897
22 0.391478366012678
22 1.155616783836559
22 0.429746060855963
22 0.721169167943849
22 1.025900549599966
22 0.413527344984606
22 0.664936199294653
22 0.805206855271779
22 1.090421293643677
22 0.628552747853590
22 0.556204863990848
22 0.449655928836091
22 0.603933030819101
22 0.945383745075818
22 0.888594843837728
22 0.784903500869464
22 0.912033996220037
22 0.900448854357805
22 0.860726691211760
22 0.293541961382578
22 0.823821488455766
22 0.744495376231662
22 0.489050710361625
22 0.370808727580649
22 1.077885772801029
22 0.346171046165147
22 1.063373417330223
22 0.660983743574131
22 0.678169270573113
22 0.714701441799171
22 0.637301542056336
22 1.365082360399430
22 0.265530973170486
22 0.487897764525477
22 0.828011935586151
22 0.640154104286472
22 0.933132053723131
22 0.867093141363873
22 0.815517569909527
22 1.143066718993830
22 0.789196202845769
22 0.807517519602655
22 0.643607107752243
22 0.655416800126871
22 0.642404913970692
22 0.672962463342655
22 0.544793855627821
22 0.783268443870101
22 0.441757196914343
22 0.674686319804218
22 0.598314824441301
22 0.454909762206893
22 0.715732090872946
22 0.500608646181732
22 0.532131249726834
22 0.563242993686936
22 0.581133741148964
22 0.781884257176759
22 0.303627679708018
28 1.457817292556583
28 0.718066302100943
28 1.094068784364930
28 1.301970010535557
28 2.217371819697081
28 0.863909246815805
28 1.013299523674796
28 1.186788762144014
28 1.623773012564177
28 1.501636801661492
28 0.915015906214168
28 2.739695300245265
28 1.395277821197748
28 1.345467137256795
28 2.244770155548501
28 0.883390114995986
28 1.337216076246220
28 1.070828283816665
28 1.917910174852211
28 1.729602825883862
28 0.963335927497090
28 1.400344442987664
28 1.006635493431763
28 1.101325765983935
28 1.007187785576933
28 1.286071043210685
28 1.443378674569221
28 0.962088611660048
28 1.071755729749637
28 0.775529007482850
28 0.917630259934732
28 1.183140232832924
28 1.403786066206056
28 1.205431040586425
28 1.722432365756497
28 1.763218742973413
28 1.628124690078805
28 1.265825056384807
28 0.601217228008626
28 0.645500927217008
28 0.916721008438722
28 1.207386923187745
28 1.635770102842163
28 0.788958901228935
28 1.604843937310954
28 1.400251519333392
28 2.419006370353709
28 2.174845455066907
28 0.763846312014866
28 1.393481197319003
28 1.413315356151160
28 1.276616514672705
28 1.055080665262905
28 1.809561607321871
28 1.452752444935107
28 0.541732312395470
28 1.707139406674629
28 0.664831895136586
28 1.383056102179382
28 2.998527573586895
28 1.228608435222578
28 1.084420603577967
28 0.773694590703847
28 1.111444844210193
28 0.887069722903245
28 1.434841714915013
28 1.038144831168617
28 1.503651821731741
28 1.302383193180409
28 1.424077780865853
28 1.146741777750765
28 1.627555638384448
28 1.743523140001449
28 0.709132568109465
28 1.222115134765644
28 0.977637551431761
28 1.016266231731285
28 1.376406594166734
28 1.561022949752231
28 1.029266954855746
28 0.991763670559369
28 1.184607886201923
28 1.507543319859989
28 1.077138788968433
28 2.159704666097591
28 0.729939280135927
28 1.802849173274256
28 0.589675528893394
28 1.019760691668196
28 1.112260068588652
28 0.769899509640790
28 0.979884223958533
28 1.639802098426642
28 1.369369367861808
28 1.677034704869400
28 1.580765906296058
28 1.075743220250892
28 1.034578565089592
28 0.793774175437426
28 0.872101259029367
28 1.069336629456072
28 1.178778481742758
28 1.674148425317204
28 2.108096164572021
28 1.528958985186021
28 1.530809321622018
28 1.642966940268956
28 0.830356579298525
28 0.948246030301567
28 1.739799896410953
28 1.371592951505805
28 1.021925766855911
28 1.299310624574655
28 0.923541496416396
28 1.463864148254859
28 1.346201211308435
28 2.086086383609697
28 1.651638386027853
28 1.928168800125889
28 1.215310981011342
28 0.937110060461402
28 1.545601788170655
28 1.357035357955041
28 0.848939582321901
28 1.224224034330680
28 1.216259346619349
28 1.016268471560624
28 1.365561478705316
28 1.213817438898979
28 1.367963564075230
28 1.505030426631045
28 1.264077280846962
28 0.897692649058921
28 0.882405268323669
28 1.781026879143716
28 1.015104229692029
28 1.470450267293926
28 1.357555050394743
28 1.227161343862973
28 1.466789318907586
28 2.128679232006029
28 1.024098408834419
28 0.820910455033260
28 2.457398204286879
28 1.577941325460166
28 0.694495252646006
28 1.215628466559558
28 1.257467529271078
28 1.175340226177162
28 2.448461470304224
28 1.874999482703478
28 0.989182492794665
28 1.291793601780033
28 0.942165811524690
28 1.157734131835040
28 1.315764625895133
28 0.929110815097645
28 0.963697464633353
28 2.271606478606096
28 1.839636568982333
28 0.734861178373338
28 1.331679618249931
28 1.017578671148291
28 1.019150348235557
28 1.140535766297772
28 1.366028554759420
28 1.333528090952441
28 1.456270227162389
28 1.371794756705229
28 0.868334562983439
28 1.364093898847798
28 1.341228094362956
28 0.774243154748986
28 1.722092707058230
28 0.756608678900106
28 1.170095237146197
28 0.917876991425437
28 1.097718058661212
28 1.184563234920622
28 0.928363027851424
28 1.373384784698900
28 1.142691154005748
28 1.296029873323412
28 1.214211010178669
28 0.859529554890698
28 1.157443753873862
28 0.904896044053121
28 1.454277585800852
28 1.708121380242499
28 1.118820665476250
28 1.222627043218416
28 0.832000651766007
28 1.360442199867411
28 0.682758877185518
28 1.412876364142489
28 0.933885398311490
28 1.506253112112990
28 1.407355533418308
28 1.414013236091848
28 2.501490518414406
28 1.712422424981294
28 0.843396884345325
28 1.574081689846337
28 1.185738140690654
28 1.933243510604372
28 1.892487952773402
28 1.306076511610160
28 0.990674870382021
28 0.657599713265732
28 0.769683219321346
28 1.121481193147544
28 1.102514571429152
28 0.828043591715926
28 1.406460165792810
28 1.258949289741138
28 1.214882505888196
28 0.871134947154531
28 0.880390948294140
28 1.250888032057413
28 1.453016678140872
28 1.840282156556462
28 0.708648062796685
28 0.822510629336162
28 0.769319984955009
28 1.302433805003960
28 1.040787652702324
28 1.038738498714575
28 0.848267686270420
28 2.417991279870708
28 0.678972896796544
28 1.810480812425913
28 1.568084575515197
28 1.028033710868804
28 0.760133307373088
28 0.684525779586866
28 0.889691577755147
28 1.505753413966890
28 2.388260567791190
28 1.538972961546577
28 1.960377307233051
28 1.138534954732326
28 2.440611599479480
28 1.301461606625189
28 1.461077442271871
28 1.124200167032301
28 1.692101200940705
28 2.090448044785893
28 0.928251215281079
28 1.108017259619472
28 0.706658362338053
28 0.706472670839607
28 1.299807612643489
28 1.842607005557078
28 0.534333824113870
28 1.370536646897607
28 1.331368834175887
28 1.404922114665712
28 1.076396381221797
28 1.223484871833867
28 1.330978892620080
28 1.821082181617658
28 2.110333565372416
28 1.288531529574944
28 0.903638825802233
28 1.236452632730357
28 1.169057675425464
28 0.787914061262709
28 1.211792218569771
28 1.491729489403408
28 1.542897815918958
28 2.505150794197980
28 1.040385536521739
28 1.775253563688577
28 1.660077302616032
28 2.276606907681542
28 1.082870080980745
28 0.715589532666246
28 1.263343138079458
28 1.225471001577857
28 0.881025863718612
28 1.312689497114094
28 1.532106004121513
28 1.653600490351822
28 0.882189337556307
28 0.961258380250062
28 1.744528389627739
28 1.269330721213481
28 0.532897866300306
28 0.547454133488873
28 1.021029261145844
28 2.324685792802597
28 1.581414218336283
28 0.875348843970415
28 1.766946992652583
28 1.340837026455359
28 1.185373772715053
28 1.112067859535800
28 0.861690357552811
28 1.553210480131711
28 1.387816733912217
28 0.744434518409301
28 1.118840861996680
28 2.493825957545093
28 1.550368496424131
28 0.968092804487012
28 1.247229729469815
28 1.040412363818381
28 1.992971801830313
28 2.189127909737318
28 0.753775665905722
28 1.095649581916625
28 1.874678839897374
28 0.854002608991477
28 1.138843685557100
28 0.808722166216881
28 1.477916514501983
28 0.872122481781727
28 0.786215120634085
28 1.417758558854433
28 1.321306946046060
28 1.817219100720560
28 1.618585255696241
28 1.227915884993582
28 0.884146666739027
28 1.499110878080283
28 1.605150319638420
28 1.127327696045585
28 0.786676067927604
28 1.217054626954396
28 1.189194028054076
28 1.410516142828068
28 2.081389058280084
28 0.773241552345547
28 0.850655389383593
28 1.207785236053448
28 1.811056872412697
28 0.780118301660105
28 0.900528055129323
28 1.458572744312059
28 1.124336967581997
28 1.510427842065555
28 1.805432276889651
28 1.886235684412832
28 1.623782083424244
28 1.807184933554617
28 1.810090340863420
28 0.806215489439583
28 0.680588079647298
28 2.133798062476441
28 0.876694884069601
28 0.756399831322232
28 1.310123818871006
28 0.795004568024237
28 1.965665949791485
28 1.127529986252258
28 0.549172658099654
28 2.328952350661793
28 0.861195987901798
28 1.345930129328339
28 1.569965119508863
28 0.733284753033906
28 1.697551092122172
28 0.987851827030743
28 2.088920252211182
28 1.084220511450266
28 1.203232670275324
28 2.329813786732610
28 0.892520902030280
28 1.214015493045945
28 1.932843405365631
28 1.265417533598347
28 0.668185486996175
28 1.193667960159549
28 2.482141298854215
28 1.231285995090002
28 0.729579600384153
28 0.736762929589951
28 1.021481437318717
28 1.234609850921743
28 1.373434022137999
28 1.981850781280234
28 1.731565011186611
28 1.235593556491779
28 1.181733632216612
28 0.885188847531577
28 2.112400747197792
28 1.210927359095701
28 1.466924120929746
28 0.960410816401176
28 1.537919297040868
28 2.305798899980976
28 1.155826403006825
28 0.888741942846883
28 2.100378966414751
28 0.960249791373097
28 1.490806080518240
28 0.999848120809317
28 1.114078911513382
28 2.983471933468381
28 1.175528825311033
28 1.195886892591917
28 1.176258253479835
28 1.099978044326518
28 0.779765224159020
28 1.906339514296854
28 1.323162249453923
28 1.623113766078074
28 1.741944723432670
28 1.579982682575259
28 1.003551469994163
28 2.104598398218010
28 2.157638601122849
28 1.018885816889988
28 1.600787869501510
28 1.020258840581244
28 0.818368169236339
28 1.313570691185077
28 1.293638944749437
28 0.794464513834098
28 2.193687486362534
28 1.421559661678867
28 1.254071924092999
28 1.537025639533482
28 1.345463784716452
28 0.915049390040766
28 2.209434968424780
28 1.112483833792148
28 1.776598432993066
28 0.791941349129933
28 1.381216406637028
28 0.762773940960602
28 1.022843415772629
28 0.981505778693033
28 1.005481860207718
28 1.210104881302943
28 1.446600474418358
28 1.377921014268627
28 0.936814997644647
28 1.849967758234888
28 1.219421654533180
28 1.122127127740528
28 2.322959339553885
28 1.032903524658072
28 0.755290384197948
28 1.238395039310706
28 1.145522359064043
28 1.475823668834445
28 1.466263573877780
28 0.899086110946007
28 0.787490526670696
28 0.835483357306442
28 1.438893646021658
28 1.032733028273891
28 1.281332069570714
28 2.446228886398149
28 1.365420077034197
28 0.851375090648716
28 0.747883001639631
28 0.947137780771858
28 1.425454820728205
28 1.798535715871580
28 1.057173590276068
28 1.069587956135033
28 1.732717421117871
28 1.317676454653230
28 1.002285926366395
28 1.285313069463784
28 1.305694097310814
28 2.257303358959006
28 1.220510732101976
28 1.872091216016608
28 1.435373976693398
28 1.341923066840715
28 1.914995978094533
28 1.676389157528698
28 1.854007140687440
28 1.200863132518144
28 1.261172531807495
28 1.362648142557214
28 0.795789640418374
28 2.326943268957119
28 0.866527032739994
28 0.910748945350978
28 0.878494208047513
28 1.833693356882898
28 1.080663157909690
28 0.888205984155170
28 1.373176465434057
28 0.910647441708035
28 0.695437828060946
28 1.017179092129341
28 0.767995903509619
28 1.116013940178451
28 1.253127379276266
28 1.161050731548977
28 0.985761300155213
28 1.007207700678100
28 1.929135114622952
28 0.750346168746684
28 1.286005594408418
34 1.831111540501540
34 3.179842468483682
34 1.761912367020201
34 1.913188217543628
34 2.777575922906381
34 3.426368486540243
34 2.303771768730792
34 2.244079448001967
34 2.074232043111880
34 4.204758891583616
34 1.762720806786185
34 2.662235469159763
34 1.247220475267035
34 3.401511477952161
34 2.229455368567228
34 3.342427311309013
34 2.886198784926474
34 1.947516534450866
34 1.797149275261767
34 2.113301979051037
34 1.630530995258878
34 2.731045767976541
34 1.508216877005718
34 2.078742881322057
34 2.053504625094051
34 1.192461537413502
34 1.974743027228053
34 1.519014858387147
34 1.026232762436867
34 2.144911442079593
34 1.734953332809233
34 2.035542251653438
34 2.186445489898982
34 1.255089763266444
34 2.811368929034167
34 3.919005897350382
34 1.427388320190779
34 2.478968528348989
34 1.644797636509116
34 1.526510707974880
34 1.713757528471821
34 2.286684182182939
34 2.366708660061192
34 3.246384235598574
34 2.508934503093487
34 1.560627598515779
34 1.434347361570067
34 1.363482875677418
34 2.142077016375543
34 1.424239535806126
34 2.020444019282964
34 1.137577908978352
34 1.592186066486687
34 2.027586970484467
34 1.665419036491784
34 2.138386408445168
34 2.221454907969604
34 2.321906764075346
34 1.263387297554673
34 1.497361150550239
34 2.728923260558487
34 1.348551069930836
34 1.377032242875821
34 1.270958319491306
34 1.485945213127118
34 3.083602220047465
34 1.335234210904908
34 3.869825666200522
34 3.012356637173008
34 3.259223191834695
34 2.822145095368355
34 2.697264779758985
34 1.692411834754175
34 1.728789963065295
34 3.788990384865127
34 1.703070494866993
34 1.823416124935376
34 1.629482596309153
34 1.329842054456231
34 3.620719423458108
34 3.343930799900272
34 2.778712701297199
34 2.178465697222244
34 1.046775648157864
34 2.000018783680958
34 1.945058740947749
34 2.203945123906226
34 2.578396319564052
34 2.433895218955725
34 1.397483181165894
34 2.429025232664916
34 1.440416770318267
34 1.991146563788941
34 2.530947357574873
34 2.492811750969532
34 2.524731193302443
34 1.969376907359375
34 1.638462909303888
34 1.179624680385868
34 2.548882362948207
34 2.279218702766038
34 1.298263423145571
34 1.925206134651589
34 1.663608421082166
34 1.910069709446143
34 2.350131701926821
34 2.439555823829507
34 1.451550279643371
34 1.600751542513600
34 1.929583782184082
34 2.541078736833933
34 4.161390126699440
34 2.520729606144591
34 2.072525438188157
34 1.914033756741971
34 1.664492768988065
34 2.665983983234468
34 1.036194315229208
34 2.088705508288017
34 4.471540335882925
34 1.845793623276347
34 2.263336383661804
34 2.293532861001046
34 2.075214627542900
34 0.923590427169788
34 1.866770729729809
34 1.925787424921770
34 2.953876172155334
34 1.306031517596788
34 1.770218111968664
34 3.089669481658430
34 1.956839179737353
34 1.665319798921730
34 1.909375634048659
34 1.548724104294520
34 2.437043098014754
34 2.007153461732083
34 1.992218620243614
34 1.784288297653249
34 3.334987612109384
34 2.622735403618361
34 1.110302739928191
34 2.308592879160021
34 2.920071672181873
34 1.441882656906352
34 2.039292265761589
34 1.930033848604428
34 1.264671134144957
34 1.501411462965036
34 2.200655618253128
34 2.542365386114444
34 3.283449234489250
34 1.783606177292707
34 2.692035901198381
34 2.056243382639600
34 1.715847456259414
34 2.894338374070788
34 0.930485347368018
34 1.483896353304653
34 1.686391891389739
34 2.142784799483754
34 2.472332078826119
34 2.104055194504797
34 2.741166943969406
34 2.249706723738696
34 2.336805958195839
34 1.556312842501028
34 2.540353778104870
34 2.397306888225078
34 1.610544298604189
34 1.470864473189172
34 0.907631357564530
34 2.103901726504795
34 1.963766672467056
34 2.474849025103951
34 2.796531159566348
34 1.199272348525133
34 1.783344567244545
34 1.818135118605002
34 1.848133206719377
34 1.913248717803400
34 1.875444954296710
34 1.855306326272658
34 1.625162284550662
34 1.646441583528662
34 1.427594926582131
34 2.014227786834519
34 1.242243975926175
34 4.268153823599110
34 2.154943424420754
34 1.834176886527384
34 4.119933698086794
34 2.811597572468530
34 1.558794403510145
34 3.597052560746590
34 1.696221577281920
34 1.976061722892425
34 2.787870552623310
34 2.510255161667983
34 1.909343435177827
34 3.611288696620276
34 3.372107950357030
34 1.931734124016304
34 2.622387108427866
34 1.779652748494752
34 1.469276015349639
34 1.684429111666750
34 1.876598377373309
34 1.936025176469095
34 2.021982621250250
34 2.192992931139369
34 1.368348601233262
34 2.389606155707247
34 2.076597589476628
34 2.860943681620776
34 2.823218620707470
34 1.710975923629659
34 2.793015289029919
34 2.254216997361087
34 2.010178959912174
34 1.730548927574066
34 2.568218394876689
34 1.287452843192603
34 3.814564553934434
34 4.993019643264217
34 2.468188712899818
34 3.070274915578458
34 3.068382261293736
34 2.444496425272049
34 1.768724946058540
34 1.014906028644297
34 1.801899438879688
34 2.391186865605524
34 1.872715121039212
34 2.676138247708826
34 1.647573869555298
34 2.701415138767607
34 2.004435408236648
34 3.028462484972812
34 3.189125348803569
34 3.414569205992803
34 1.418542986164221
34 2.121542569618476
34 1.332656401856031
34 3.543187169875658
34 2.071404976148412
34 1.985856070679763
34 1.551436122076281
34 1.708810183500157
34 1.743322119389324
34 1.127670473894256
34 1.940714645967889
34 2.312507166445718
34 1.858878721512492
34 1.782802456796523
34 2.892550970600848
34 1.784979636776096
34 0.921050856552821
34 1.347372623180752
34 2.195132391674349
34 1.846321930731925
34 1.708769680748878
34 1.887260739920712
34 2.473433573464022
34 1.644572244941294
34 2.341851329588087
34 3.005787822851732
34 2.112716899973026
34 1.515204498029574
34 1.444348419177774
34 1.789312974394671
34 1.869158890885394
34 1.966125288115279
34 2.265440534777498
34 1.133999439814412
34 2.843030658549538
34 2.360713966280636
34 1.692841570105906
34 0.942769971337614
34 1.442080417129791
34 1.019625815916303
34 1.389616607610482
34 0.909898269671658
34 1.182642103928051
34 1.366070615649013
34 1.815016038919044
34 1.738470091264191
34 2.679895429396944
34 2.874668025684484
34 3.531188851798778
34 2.970385984499182
34 1.671098084426668
34 1.433857409323485
34 1.101042320183770
34 1.453583274827007
34 1.711067647345926
34 2.638718117485896
34 1.245280074795620
34 1.769861024921626
34 1.836054209053562
34 2.279218702766038
34 1.298263423145571
34 1.925206134651589
34 1.663608421082166
34 1.910069709446143
34 2.350131701926821
34 2.439555823829507
34 1.451550279643371
34 1.600751542513600
34 1.929583782184082
34 2.541078736833933
34 4.161390126699440
34 2.520729606144591
34 2.072525438188157
34 1.914033756741971
34 1.664492768988065
34 2.665983983234468
34 1.036194315229208
34 2.088705508288017
34 4.471540335882925
34 1.845793623276347
34 2.263336383661804
34 2.293532861001046
34 2.075214627542900
34 0.923590427169788
34 1.866770729729809
34 1.925787424921770
34 2.953876172155334
34 1.306031517596788
34 1.770218111968664
34 3.089669481658430
34 1.956839179737353
34 1.665319798921730
34 1.909375634048659
34 1.548724104294520
34 2.437043098014754
34 2.007153461732083
34 1.992218620243614
34 1.784288297653249
34 3.334987612109384
34 2.622735403618361
34 1.110302739928191
34 2.308592879160021
34 2.920071672181873
34 1.441882656906352
34 2.039292265761589
34 1.930033848604428
34 1.264671134144957
34 1.501411462965036
34 2.200655618253128
34 2.757878904511077
34 1.741360757367583
34 1.426193658623786
34 3.778577737173038
34 2.028467501888316
34 2.595184823937303
34 1.794940230616064
34 2.888292913208250
34 1.435716850126435
34 1.723925229830590
34 1.668477459826322
34 3.317453803242540
34 2.233313979790878
34 1.724327431669477
34 1.897280034074525
34 2.611334301518756
34 1.835156993838003
34 1.354849975910455
34 1.258101999897089
34 1.731889001465750
34 1.792675689672642
34 3.182239408913782
34 1.342795046686707
34 1.300398101175983
34 1.980153075339646
34 2.062742033494741
34 2.503500106929744
34 1.543936610814495
34 2.088320865145428
34 2.561327697776104
34 3.094511963428969
34 1.839980548051416
34 2.112712044610709
34 1.549234916411825
34 2.664666572051152
34 2.095801898992850
34 1.315935258993273
34 1.174830991571951
34 3.578256863359954
34 1.511802152552928
34 1.715879186534442
34 1.180810014438829
34 1.823749040304931
34 1.197175945524600
34 1.911723693513319
34 1.581030674362209
34 1.089498492845568
34 1.399570708662455
34 4.209780817549834
34 2.848054876857766
34 1.947983639886083
34 1.725431405598580
34 1.785521590293958
34 1.003751107210405
34 1.905584871029516
34 2.024665922151807
34 3.282935019291831
34 1.171787248542774
34 1.659955030687277
34 2.476195745436357
34 1.409122191680785
34 2.768252636109829
34 3.241847932890634
34 1.349207752076404
34 1.527869449836930
34 1.879620095474173
34 1.444128068095863
34 3.409340610633578
34 2.006138307095120
34 2.589872982255743
34 1.246455214111481
34 1.401549776486845
34 1.880189019687031
34 1.620728482845900
34 3.021899225104273
34 1.180408945474749
34 2.042994472451128
34 2.145009137852427
34 1.570385352128614
34 2.390145727159544
34 1.895573955077955
34 1.133224246444757
34 1.999631496644056
34 2.500853192702398
34 3.371802835944601
34 1.953960889369421
34 2.111609674867960
34 1.746112561596046
34 2.404350656052784
34 2.452249468194856
34 1.311122636973142
34 2.632329990824894
34 1.789880190444213
34 3.176564507876586
34 2.648916939526996
34 1.753321166173186
34 1.658454980978952
34 2.868209298720317
34 1.916997579616743
34 2.470950851492273
34 3.390434326776677
34 1.333477580363898
34 1.193612417356699
34 0.782383849252633
34 2.495927200568495
34 1.745976221802412
34 0.941930232518694
34 2.126921286106088
34 3.920170076628587
34 1.505873702992231
34 2.106884570926552
34 2.335684579438622
34 2.639483550896454
34 1.304473220582973
34 3.323102030826960
34 1.970303803782521
34 1.347396085023532
34 2.877448463505399
34 1.608401149057847
34 3.805011027451094
34 2.415898966437084
34 1.156315518872526
34 1.232748024080240
34 1.918556541735759
34 3.126138569867048
34 1.670813536571606
34 2.061822695274126
34 2.251413300510284
34 1.504056552025294
34 1.912325643741986
34 1.977601597018067
34 1.338904934863479
34 1.543893023889783
34 2.431408995553205
34 2.083006828462303
34 2.115755175966269
34 1.200677637076295
34 2.990251388198410
34 2.115992667434885
34 1.856196392551459
34 1.509383297529028
34 1.711436596443651
34 2.338507783080234
34 1.812669888407435
34 1.756474848792613
34 1.490917748939424
34 1.124128175398236
34 1.832367993738974
34 1.965727438239677
34 2.030401606597082
