10 0.024336517174144
10 0.032774228279028
10 0.041610085775965
10 0.025240252163962
10 0.061644537987950
10 0.049371748346007
10 0.032649426275574
10 0.023053647409144
10 0.024002871163183
10 0.036145653546959
10 0.074651530940336
10 0.038767131094372
10 0.030630741414189
10 0.041251604427158
10 0.031790652758538
10 0.048186369467992
10 0.033683539553769
10 0.034140940160175
10 0.088920475842194
10 0.038022707854151
10 0.042259071733235
10 0.041418681340987
10 0.028425999945332
10 0.061402327484452
10 0.046058316014239
10 0.077971316367884
10 0.038512579487278
10 0.055272109694398
10 0.055135239247861
10 0.053805959787293
10 0.053485918761449
10 0.028654247057674
10 0.027698727265924
10 0.055859905792849
10 0.029337800001848
10 0.050585696567999
10 0.043853645301195
10 0.027319841778759
10 0.044088375766808
10 0.044028292341555
10 0.065037056153979
10 0.036473250184153
10 0.032376473088745
10 0.053155318702560
10 0.042823845179026
10 0.045676335854514
10 0.033972310984939
10 0.031564062684197
10 0.059685041525539
10 0.031537166285959
10 0.027385265813559
10 0.040589324007245
10 0.039698128227965
10 0.050197244385799
10 0.045300540553388
10 0.025544644735853
10 0.027507187509363
10 0.044813688366681
10 0.028709596863631
10 0.040028732764555
10 0.019079542314201
10 0.043989734554670
10 0.032212355289050
10 0.072847943111173
10 0.034364304154378
10 0.048895240439066
10 0.035783978635330
10 0.033704925949151
10 0.081808615229246
10 0.041635557259812
10 0.040662479369717
10 0.046116363057359
10 0.041798961314242
10 0.031886268381907
10 0.039239004825649
10 0.031297150555612
10 0.045088232250253
10 0.031260498251344
10 0.035215582595612
10 0.029374840628442
10 0.030821070366009
10 0.017362769101077
10 0.030364166037438
10 0.039582918090228
10 0.047494331558012
10 0.054794182040292
10 0.058573264103910
10 0.056144214681010
10 0.051474656810449
10 0.022649547915062
10 0.033735854583425
10 0.021858267885965
10 0.050408784549417
10 0.038122388964760
10 0.024138435353882
10 0.059880731445161
10 0.053577855752176
10 0.045865275169211
10 0.059178738450781
10 0.038830168773212
10 0.056465948066101
10 0.031483702544938
10 0.027728954405172
10 0.035256735284474
10 0.088334523900202
10 0.057721435246941
10 0.039937355158504
10 0.056209588388140
10 0.031832326445642
10 0.051047290966254
10 0.043911402591236
10 0.036132833632512
10 0.076195501357485
10 0.051252855276315
10 0.027023651184952
10 0.053456433035463
10 0.062120143849022
10 0.032584881406575
10 0.058181610195473
10 0.047361930706288
10 0.044811293609767
10 0.039506027766915
10 0.028530207988179
10 0.069731147240543
10 0.036003260791204
10 0.024797319910307
10 0.054828414176971
10 0.048404868720349
10 0.030393319536225
10 0.037695455233047
10 0.083206572305860
10 0.034122073687594
10 0.030581681259553
10 0.051999441468172
10 0.034016420251238
10 0.033953899211447
10 0.085712664626192
10 0.049325309141270
10 0.030824157790663
10 0.072777632091177
10 0.038052524273104
10 0.073858985848131
10 0.042296953073055
10 0.017975061644463
10 0.059531683745957
10 0.056509454306646
10 0.050536525819306
10 0.040119071796450
10 0.038830168773212
10 0.056465948066101
10 0.031483702544938
10 0.027728954405172
10 0.035256735284474
10 0.088334523900202
10 0.057721435246941
10 0.039937355158504
10 0.056209588388140
10 0.031832326445642
10 0.051047290966254
10 0.043911402591236
10 0.036132833632512
10 0.076195501357485
10 0.051252855276315
10 0.027023651184952
10 0.053456433035463
10 0.062120143849022
10 0.032584881406575
10 0.058181610195473
10 0.047361930706288
10 0.044811293609767
10 0.039506027766915
10 0.028530207988179
10 0.069731147240543
10 0.036003260791204
10 0.024797319910307
10 0.054828414176971
10 0.048404868720349
10 0.030393319536225
10 0.037695455233047
10 0.083206572305860
10 0.034122073687594
10 0.030581681259553
10 0.051999441468172
10 0.034016420251238
10 0.033953899211447
10 0.085712664626192
10 0.049325309141270
10 0.030824157790663
10 0.072777632091177
10 0.038052524273104
10 0.073858985848131
10 0.042296953073055
10 0.017975061644463
10 0.059531683745957
10 0.056509454306646
10 0.050536525819306
10 0.040119071796450
10 0.028351790491119
10 0.046220114627779
10 0.068055061987034
10 0.022531480568110
10 0.054336718724443
10 0.062156219108087
10 0.039612525021139
10 0.027373194168883
10 0.074233643268132
10 0.032337648039679
10 0.042430953985194
10 0.051476956638380
10 0.059497674512894
10 0.040412564420175
10 0.048150196160528
10 0.040660042271197
10 0.031727281017000
10 0.033891341704466
10 0.084062059349224
10 0.026686601684821
10 0.044094317491982
10 0.048655437480533
10 0.053507761298485
10 0.053026221862952
10 0.031545844472524
10 0.065880014879644
10 0.041398118404067
10 0.051223851044357
10 0.047655703857482
10 0.066037786614946
10 0.042525587848107
10 0.073279505506870
10 0.040839148603247
10 0.046111523188234
10 0.030355940620973
10 0.077427946671192
10 0.025310236784146
10 0.044244128265123
10 0.031795213892202
10 0.026259064698343
10 0.027179532170382
10 0.034652437898169
10 0.044321307750027
10 0.041447342611098
10 0.028750739660420
10 0.033972673108696
10 0.045710376663455
10 0.032013734913949
10 0.029527189142844
10 0.024469659745514
10 0.036815351122658
10 0.064519568726023
10 0.028680435715869
10 0.057980528131056
10 0.037244197188334
10 0.032195190756606
10 0.028795676922503
10 0.009880481728549
10 0.019674526413672
10 0.047482110862728
10 0.028039969403611
10 0.025201638043465
10 0.036115555972917
10 0.038420422837187
10 0.037858148988357
10 0.035988494642496
10 0.030019764891551
10 0.043721206314899
10 0.042200485274659
10 0.019331284716221
10 0.054879552493411
10 0.016152217797630
10 0.046952100220144
10 0.043723288860495
10 0.032698374973396
10 0.046279821583174
10 0.047356004482887
10 0.034898270479124
10 0.076266829674357
10 0.092815544124501
10 0.032776596188075
10 0.026660942793208
10 0.037405947586445
10 0.032450179923875
10 0.021062833634948
10 0.035442500301961
10 0.044412197806678
10 0.035597243764482
10 0.045542412193250
10 0.016542529632114
10 0.039816277455063
10 0.051836695947095
10 0.048975567718092
10 0.041844059490399
10 0.047989522844087
10 0.038929914983131
10 0.026165589147927
10 0.045458805049701
10 0.043779692800392
10 0.024530655161040
10 0.049233289536521
10 0.037151200658519
10 0.035898773835322
10 0.027092446140746
10 0.042841568540007
10 0.054959768594190
10 0.031949041329827
10 0.046727442337763
10 0.041727635394323
10 0.044309757849661
10 0.048256454971981
10 0.078178894679650
10 0.041596771441442
10 0.049802048518293
10 0.054114392414646
10 0.035031881917215
10 0.066216244152074
10 0.031174993156495
10 0.051410488622562
10 0.039685715903645
10 0.028805089614830
10 0.040097641087455
10 0.022249271457376
10 0.031971377936339
10 0.027493790951719
10 0.046088362976300
10 0.041157735071609
10 0.030354577468601
10 0.051637921685387
10 0.063093962510590
10 0.070793831169881
10 0.060320960067562
10 0.039337499348049
10 0.023527315286772
10 0.054815777744090
10 0.053936236692741
10 0.063964944142785
10 0.054217334917769
10 0.025472901842293
10 0.050345394527307
10 0.030350760198142
10 0.076810037448615
10 0.035174725171954
10 0.052448898568541
10 0.022939485182008
10 0.063350108540520
10 0.026328243871601
10 0.049943372864008
10 0.037996203580316
10 0.035955328101435
10 0.040661089554031
10 0.021127657339973
10 0.085452722791109
10 0.025994875906006
10 0.031990239893280
10 0.022989838216175
10 0.040006977579797
10 0.039420801932969
10 0.019552632142550
10 0.026166048809328
10 0.058762020674201
10 0.070286863268317
10 0.032204680162259
10 0.030273594092294
10 0.050125953175487
10 0.040969479029600
10 0.048075080016798
10 0.039636700721235
10 0.043481103318105
10 0.016768535572440
10 0.085649428004348
10 0.057569870089965
10 0.034970920907726
10 0.047501299052810
10 0.043382745590090
10 0.029156107657965
10 0.064007161655254
10 0.094691209157294
10 0.042206613903102
10 0.034740575975892
10 0.031839369804555
10 0.060324782461141
10 0.048620399409548
10 0.052783187261835
10 0.028077885686016
10 0.053249745585295
10 0.039594747148572
10 0.050903727022468
10 0.028282470399973
10 0.030584417336160
10 0.039163571634007
10 0.038606256446134
10 0.040037166631347
10 0.038213491398499
10 0.043477828050516
10 0.036534217115128
10 0.036657100545550
10 0.037758432709232
10 0.028525156485106
10 0.060989899978346
10 0.027683559739514
10 0.037062098893375
10 0.032659411487348
10 0.057988416674448
10 0.023211039643597
10 0.039728711681931
10 0.040120587547026
10 0.045743102618036
10 0.036718497096611
10 0.040741667594311
10 0.047494345781151
10 0.078381886719176
10 0.040457149342290
10 0.062572578936821
10 0.041181899541399
10 0.038072123325204
10 0.027658809253896
10 0.032498353889510
10 0.039190227817858
10 0.036157669060980
10 0.047954105356120
10 0.025861327259777
10 0.064136639276243
10 0.037240183726102
10 0.036333376138926
10 0.033352676922188
10 0.044407200916927
10 0.062589709493599
10 0.031062873383980
10 0.058057133065062
10 0.044403112678743
10 0.022569961738661
10 0.060830889773501
10 0.044517130377717
10 0.036562710106856
10 0.034255262229094
10 0.041569320131948
10 0.043492176190946
10 0.071246329032344
10 0.023042586335507
10 0.040089181886562
10 0.027166638392860
10 0.047817354038152
10 0.039371646493827
10 0.023543134721826
10 0.028210987843395
10 0.039340749402703
10 0.031499360663450
10 0.037750063705658
10 0.043891885502143
10 0.018873029151618
10 0.035275419633695
10 0.055182063636553
10 0.027688519131316
10 0.046797876634890
10 0.027691833407196
10 0.072857025246560
10 0.042141158543877
10 0.042709632422413
10 0.044913870190169
10 0.058123354227796
10 0.050921557966718
10 0.040107376559160
10 0.064395069188258
10 0.041004258371393
10 0.032905069518987
10 0.052993543074150
10 0.033598469092992
10 0.023328369132297
10 0.049954066171797
10 0.040206569017399
10 0.034845035977912
10 0.032901920972417
10 0.017380946343462
10 0.057510394217670
10 0.060683646157598
10 0.059167821622949
10 0.039667506914546
10 0.033725673634070
10 0.026030778760139
10 0.061821260201748
10 0.041619105929932
10 0.061756571652563
10 0.057266130971671
10 0.042057101099295
10 0.038469133279973
10 0.054095300468635
10 0.036292582656008
10 0.041895949199267
10 0.041810266796073
10 0.027828550435776
10 0.031817944091012
10 0.067563068822206
10 0.029731053165554
10 0.029662455747299
10 0.028527158729408
10 0.030833595614205
10 0.041409626589841
10 0.054968764488637
10 0.054093242524099
16 0.166717797582776
16 0.308353304475266
16 0.184450402950684
16 0.223956657794141
16 0.184576875127234
16 0.189338946087237
16 0.175038747022932
16 0.273888105729116
16 0.145114250310638
16 0.182117197493706
16 0.264077495029439
16 0.149251226738975
16 0.338725927835796
16 0.124177954831378
16 0.265126860889345
16 0.191208005979755
16 0.283689890155440
16 0.201523573968171
16 0.170501453706608
16 0.151078636270567
16 0.173839892496969
16 0.366283835970646
16 0.377369432534936
16 0.212850225360786
16 0.288488790046039
16 0.218677445475294
16 0.118095408823783
16 0.233993301167594
16 0.122127769264773
16 0.234308773208235
16 0.184733189013765
16 0.358453443160263
16 0.278661671924257
16 0.318562960250516
16 0.237357116627806
16 0.118831005116534
16 0.377041316135833
16 0.266141297590148
16 0.219103934635856
16 0.158360372489869
16 0.207120058887723
16 0.240753450948584
16 0.154671525567003
16 0.419981623593316
16 0.206179141812498
16 0.236367269267800
16 0.142046925917508
16 0.286025108109232
16 0.118857410425529
16 0.391671918320415
16 0.330762265125109
16 0.217318218504414
16 0.244986646510638
16 0.292187741243324
16 0.226044885235533
16 0.201160002775484
16 0.281520218647859
16 0.202944034462896
16 0.260794851669466
16 0.273637914598772
16 0.338267174861755
16 0.208269204260243
16 0.246120917349406
16 0.217753413570099
16 0.136729314673197
16 0.241261766168352
16 0.109828115542322
16 0.138453862597371
16 0.405226904260477
16 0.171961575084230
16 0.294459821771459
16 0.243763489026897
16 0.394628370224061
16 0.225016729731973
16 0.210109210491400
16 0.250830979249036
16 0.174642446538193
16 0.209926648753354
16 0.245609573394980
16 0.477593458583087
16 0.214380305935552
16 0.187715975250309
16 0.158193109023589
16 0.144682632385616
16 0.155166416043232
16 0.229375382368375
16 0.165805530057577
16 0.199243423224525
16 0.333793028047859
16 0.353150188337287
16 0.298025830163723
16 0.112044150648559
16 0.173616953850344
16 0.198784369539931
16 0.141213375299173
16 0.362930502921069
16 0.282721727536257
16 0.221444053633450
16 0.202938525977427
16 0.177904893570143
16 0.173744755019921
16 0.167003627433980
16 0.219322562280462
16 0.190681089621402
16 0.209566172952587
16 0.204690594634901
16 0.171345539214585
16 0.174387937736475
16 0.274890357563941
16 0.305922465356001
16 0.209254294480820
16 0.325528603399615
16 0.158884210547050
16 0.392299174095878
16 0.197937277657452
16 0.151957466446816
16 0.218252040681270
16 0.336944277241228
16 0.301712190723999
16 0.144298044903474
16 0.288386935615790
16 0.218290801710810
16 0.209378143184783
16 0.161728910826780
16 0.177950431245283
16 0.124718376297613
16 0.461963161327288
16 0.372839540914871
16 0.243044924179328
16 0.189738003740311
16 0.268956369395458
16 0.185501578247372
16 0.113235093367788
16 0.227106451219238
16 0.212437210105310
16 0.309065078610669
16 0.368347059426170
16 0.212604964660137
16 0.269377480109941
16 0.197397949308288
16 0.399092579266225
16 0.203866695193033
16 0.429614412039300
16 0.472685763684676
16 0.183225710573738
16 0.192042072209934
16 0.377723643502029
16 0.220831445013868
16 0.291085487715340
16 0.159151736971935
16 0.173744755019921
16 0.167003627433980
16 0.219322562280462
16 0.190681089621402
16 0.209566172952587
16 0.204690594634901
16 0.171345539214585
16 0.174387937736475
16 0.274890357563941
16 0.305922465356001
16 0.209254294480820
16 0.325528603399615
16 0.158884210547050
16 0.392299174095878
16 0.197937277657452
16 0.151957466446816
16 0.218252040681270
16 0.336944277241228
16 0.301712190723999
16 0.144298044903474
16 0.288386935615790
16 0.218290801710810
16 0.209378143184783
16 0.161728910826780
16 0.177950431245283
16 0.124718376297613
16 0.461963161327288
16 0.372839540914871
16 0.243044924179328
16 0.189738003740311
16 0.268956369395458
16 0.185501578247372
16 0.113235093367788
16 0.227106451219238
16 0.212437210105310
16 0.309065078610669
16 0.368347059426170
16 0.212604964660137
16 0.269377480109941
16 0.197397949308288
16 0.399092579266225
16 0.203866695193033
16 0.429614412039300
16 0.472685763684676
16 0.183225710573738
16 0.192042072209934
16 0.377723643502029
16 0.220831445013868
16 0.291085487715340
16 0.159151736971935
16 0.286881379201667
16 0.176788385819489
16 0.268643467711915
16 0.151348965747007
16 0.384182582931323
16 0.274705832391740
16 0.211648015810109
16 0.301059368178966
16 0.165068502371440
16 0.201509795647387
16 0.170543784868491
16 0.219884641195629
16 0.210104889877645
16 0.173537200650755
16 0.192951401176810
16 0.246855118966356
16 0.158027919356312
16 0.147862065963222
16 0.192748952982520
16 0.166340021603554
16 0.147552122521447
16 0.246734360082034
16 0.243161006324569
16 0.269768022767610
16 0.366368389747513
16 0.140255658432458
16 0.262974454913902
16 0.216062155100926
16 0.384847548685846
16 0.179187563194896
16 0.137380951585955
16 0.124530688724012
16 0.218950056607228
16 0.121253052448027
16 0.255805959208084
16 0.139348001780197
16 0.219385005361242
16 0.289006213648169
16 0.274391893039484
16 0.219787346031875
16 0.163643490786929
16 0.144541372692125
16 0.150256939655691
16 0.133817083427400
16 0.236268762369780
16 0.339618527581771
16 0.236547339509001
16 0.219791462120159
16 0.294010723920070
16 0.179103888226109
16 0.163715720031912
16 0.249224751529188
16 0.265158726154378
16 0.188697934740397
16 0.240304925771483
16 0.169208784178314
16 0.285166935402358
16 0.167996620952004
16 0.233158346942904
16 0.210856156369526
16 0.191214712407071
16 0.237762513392424
16 0.145757051634910
16 0.254517891372318
16 0.171300951753065
16 0.184210151860964
16 0.274642997763372
16 0.297806589569217
16 0.108904515552435
16 0.189522397971220
16 0.224784028015684
16 0.185951827213674
16 0.382716906566349
16 0.243897971477255
16 0.273701368074954
16 0.118162616375687
16 0.161840377161369
16 0.287982192187534
16 0.276955984259248
16 0.128258499230078
16 0.295301257780266
16 0.227127405193600
16 0.179868365734787
16 0.158984365260561
16 0.227235626283033
16 0.195280243806275
16 0.252797020896250
16 0.193989480337217
16 0.231050129873210
16 0.333666585880343
16 0.165382196260368
16 0.301236390567102
16 0.314963241950569
16 0.136981207499051
16 0.241730697254254
16 0.188094608657556
16 0.166832357774634
16 0.127845315120270
16 0.194700481489678
16 0.163143139367871
16 0.146387785251322
16 0.106952159722896
16 0.182648985328010
16 0.127327233776467
16 0.244042166540567
16 0.225074301179941
16 0.232386384878368
16 0.205512150326276
16 0.309911758129937
16 0.196609231190701
16 0.272271888672365
16 0.190732505286782
16 0.115449920337191
16 0.236048345952865
16 0.124340353064838
16 0.279872418885239
16 0.233375451603958
16 0.233482442822418
16 0.165885055580303
16 0.188819276482702
16 0.224736616209738
16 0.345517686531223
16 0.163117027525362
16 0.142167891067542
16 0.277456785701562
16 0.306461844873214
16 0.344502099454820
16 0.228038466597557
16 0.208577965107032
16 0.309239697295216
16 0.292106808331133
16 0.211459102836556
16 0.198561429100867
16 0.141802944629356
16 0.216209455440935
16 0.386546242400734
16 0.207920819450493
16 0.218914386800282
16 0.316082666577403
16 0.299282781540429
16 0.261941256258619
16 0.224553570304880
16 0.130185526157025
16 0.182608576311318
16 0.145723582698944
16 0.316195525492002
16 0.260430268334242
16 0.151765872101705
16 0.192478850119656
16 0.230244912240792
16 0.292054153198770
16 0.271158838999841
16 0.566186081132783
16 0.185894000322435
16 0.219167542023063
16 0.312073139236286
16 0.287826452504057
16 0.203706261316867
16 0.303324058036266
16 0.117206957680501
16 0.187079313575659
16 0.226943269257338
16 0.244028804415249
16 0.229057603390236
16 0.136889459239798
16 0.191999472561193
16 0.182016318200731
16 0.186820395727845
16 0.441284262840247
16 0.161421747902290
16 0.193737519369128
16 0.319209959669052
16 0.153871274949474
16 0.284840426886668
16 0.173109049654729
16 0.188355522503183
16 0.151283241130286
16 0.321756742672393
16 0.136027828149820
16 0.275571162199344
16 0.311640183530380
16 0.236081138029540
16 0.599329721130131
16 0.218955840252987
16 0.268785961552225
16 0.128779902576529
16 0.153872285660864
16 0.199970517961393
16 0.175773874714286
16 0.189745003839631
16 0.180145846979604
16 0.186799104154098
16 0.232969851661016
16 0.234356132047230
16 0.149430809120140
16 0.129849537842125
16 0.292642861841910
16 0.202988090766514
16 0.335049459540024
16 0.223409014092696
16 0.264928555354464
16 0.274602072012105
16 0.309943133160522
16 0.324651366658971
16 0.216203849057204
16 0.205746918102463
16 0.319206599896467
16 0.304655582391220
16 0.144358362712356
16 0.246427573680304
16 0.294820148534260
16 0.209346294376179
16 0.215711999581313
16 0.145155689746177
16 0.255549119659581
16 0.224040906313117
16 0.219635454834317
16 0.169020477704709
16 0.213362892114901
16 0.207851583486813
16 0.164699606850466
16 0.230751996391682
16 0.182041887598718
16 0.265809966638431
16 0.146945101947113
16 0.301071840126584
16 0.249835609099379
16 0.222004769490300
16 0.164994001439166
16 0.127705188087729
16 0.290579058897755
16 0.207334689248413
16 0.172163969799872
16 0.134207318041631
16 0.214996942300436
16 0.231504551090343
16 0.182579429563663
16 0.152697170697564
16 0.166115957335110
16 0.293288242167284
16 0.222112993129890
16 0.280027150545379
16 0.226798728554551
16 0.198402865814893
16 0.138247661046366
16 0.197194124951242
16 0.520333873303821
16 0.142082112861520
16 0.412720150986023
16 0.177281931521948
16 0.373708429709675
16 0.219008191184493
16 0.150032677450885
16 0.205947378198939
16 0.212889407153626
16 0.385018720009161
16 0.315505962559378
16 0.173116666358234
16 0.504721386964638
16 0.195522723962799
16 0.201976899152080
16 0.229694123448930
16 0.189455205059536
16 0.336911590176589
16 0.219661899309384
16 0.176405495969416
16 0.202457257373980
16 0.267826415513578
16 0.290487581696444
16 0.216096879703826
16 0.101227643357150
16 0.160659638000499
16 0.316332605359847
16 0.243565578234839
16 0.299455929680812
16 0.350956512171842
16 0.162322590574273
16 0.166032284383800
16 0.243635935778051
16 0.151875856527424
16 0.222202322301770
16 0.170417220491930
16 0.122712414710636
16 0.109728240168967
16 0.382244936270209
16 0.151937622966971
16 0.397813778377438
16 0.222134183033685
16 0.269210885115549
16 0.306367913194943
16 0.158158146623438
16 0.197761193138709
16 0.190833146509579
16 0.241360505769830
16 0.111981239571317
16 0.195895419834874
16 0.275228852840166
16 0.184679831888771
16 0.256139456602836
16 0.253064066807156
22 0.858683412996981
22 0.423565439495713
22 0.513450715210919
22 1.186429163883139
22 0.436548498810895
22 0.900318899507747
22 0.726040087478926
22 0.721694868921010
22 0.526319555851677
22 0.602460697709284
22 0.325048957225976
22 0.439739231329455
22 0.764159718280608
22 0.390568245823526
22 0.746650845424232
22 0.906678300392480
22 0.502323653676854
22 0.802014919829328
22 0.746194833323371
22 0.583235815773792
22 0.730512850351881
22 0.907797841027714
22 0.479194348593919
22 0.686265743329444
22 1.015514417074363
22 0.330790313663146
22 0.769105078432853
22 0.852787559429554
22 0.346531672045622
22 0.583552420770762
22 1.082935086231452
22 0.601769377971852
22 1.012815773973706
22 0.644166008787282
22 1.214713105620521
22 0.983720126223720
22 1.016491546936301
22 0.756046189508300
22 0.671051168151066
22 0.576494080223377
22 0.414159646509528
22 1.406579480229883
22 0.509793464385312
22 0.363189874685229
22 0.567210845854568
22 0.677359787156458
22 0.867391214870529
22 0.951268135733930
22 0.723023084761808
22 0.533611302178387
22 0.582669162257567
22 0.684691900424403
22 0.785757885449216
22 0.367884677754623
22 0.758079730749905
22 0.501035962040691
22 0.884702244509175
22 0.513955889579792
22 1.207177532152045
22 0.938959943344181
22 0.801147539081510
22 0.547475867644332
22 0.405594340043586
22 1.061982513069125
22 0.410643056574742
22 0.721117135725687
22 0.441830235551929
22 0.300501663426625
22 0.592158386139768
22 0.959863277580067
22 0.953080251085178
22 0.804804383265228
22 0.569839529516944
22 0.449146703970491
22 1.531344509742953
22 0.771432127212273
22 0.815910262528217
22 0.823368052276441
22 1.019928691301901
22 0.806584007080906
22 0.653637415555014
22 0.698113351588447
22 0.424166255943980
22 0.632674945463060
22 0.554069609611386
22 0.316255443335768
22 0.848004696942758
22 0.602217335133115
22 0.369702535892229
22 1.000304320854269
22 0.537263457811122
22 0.539611734579074
22 1.324996447734533
22 0.508219021791478
22 0.673078339745664
22 0.770088143810245
22 0.579663160838728
22 0.470627448170539
22 0.465993429374726
22 0.440106526933326
22 0.850853519797317
22 0.423324456598207
22 0.504174331093806
22 0.384672104333795
22 0.959299109744386
22 0.378583400250226
22 1.109111889546835
22 1.422185130066015
22 0.401297529778783
22 1.260979387234128
22 0.506696293492761
22 0.745528423624601
22 0.454615329823561
22 0.972706173511054
22 0.618521650336868
22 0.475754310437074
22 0.518732058791721
22 0.415677227283875
22 0.858683791403186
22 0.577931720800795
22 0.815846118439319
22 0.760991261585723
22 0.633951338920299
22 0.331937105751862
22 0.524074131913125
22 0.366390114672295
22 0.889613489101633
22 0.649394317602416
22 0.686518665300493
22 0.906813719547744
22 0.713338260840938
22 0.972179757450742
22 0.465453596123860
22 0.565210856308815
22 0.485271663832985
22 1.366771680702668
22 0.586229491361242
22 1.036246925121853
22 0.979434348059065
22 0.570385514915666
22 0.660283463526167
22 0.972714649345013
22 0.602143605792184
22 0.567659155664620
22 1.007206193054281
22 0.401570007362355
22 0.497506572044438
22 0.938410771417095
22 0.601489234633269
22 0.515325490498295
22 0.801734964566485
22 0.291244436235043
22 1.029995783619184
22 0.800240606156851
22 0.680775753684132
22 0.634475362091529
22 0.458022721859697
22 0.848226782720053
22 0.464882673624485
22 0.361364725407842
22 0.551432292517691
22 0.541950130503742
22 0.474999385884804
22 0.625464652925673
22 0.669429733694651
22 0.620736371720725
22 0.471884042996301
22 0.446311177847795
22 0.686363670992368
22 0.484903264380010
22 0.543922506113434
22 0.730606054465864
22 0.909118642955193
22 0.688289613566731
22 1.102707113313674
22 0.449246241924682
22 0.733141769092780
22 0.638956165173068
22 0.750485146043537
22 0.738869512883187
22 1.009874321998876
22 0.635026458340029
22 1.082530740501929
22 0.737864810175501
22 0.644408987615729
22 0.903335346590169
22 0.995870738217406
22 0.470164176459887
22 0.635091547215699
22 0.958751634464709
22 0.387011057090725
22 0.599662419301915
22 0.863287139703999
22 1.112803857489211
22 0.630304397577319
22 0.357983687666888
22 0.480390977607136
22 0.433657987800669
22 0.695474232433494
22 1.020594838139860
22 1.218815747583017
22 0.421192372470874
22 0.852837056656804
22 0.633538112842400
22 0.560642409124495
22 0.684696604000178
22 0.826566139032256
22 0.409457023127944
22 0.420532948786002
22 0.590665035405998
22 0.530359489822327
22 0.536129372614661
22 0.460444760258607
22 1.259980074555542
22 0.487450561960517
22 0.512881198164726
22 1.125025425201532
22 0.507512350381345
22 0.547928776933142
22 0.574391715198861
22 0.610040054466194
22 0.531614368834955
22 0.565973696277974
22 0.410238743066452
22 0.331964765598305
22 1.302202787786081
22 0.858083837938244
22 0.257530958313545
22 0.476930626675495
22 1.170896224981674
22 0.546641022133318
22 1.080607722040226
22 0.542316777565164
22 0.427074080262829
22 0.608628381610071
22 0.548830548465522
22 0.649368965143315
22 0.599298456070935
22 0.528126637515538
22 1.230338440942866
22 0.516022350251986
22 0.668912627267539
22 0.493521062926688
22 0.435059980608511
22 0.562384007708271
22 0.918555549525808
22 1.267114600939373
22 0.586439803190870
22 0.530768313312570
22 0.373292693996325
22 0.543384227156445
22 0.544460480812753
22 0.567548362347690
22 0.368881603276964
22 0.854436200020978
22 0.648980555831596
22 0.835987462540140
22 0.614776598011146
22 0.799586154146875
22 0.757400877219108
22 0.807373690826111
22 0.682048512753534
22 0.355314268262253
22 0.506150305514283
22 0.447679180194289
22 0.504554452795018
22 0.566830705712515
22 0.883504476824774
22 0.283870033371605
22 0.669518889762069
22 0.538679671022355
22 0.538002125251364
22 0.468133070809577
22 0.694930065274893
22 0.543492656780315
22 0.604461674418264
22 0.888429936980747
22 0.622519918161001
22 0.954250712671003
22 0.814456075660694
22 0.567395717921077
22 0.502541861038877
22 0.690853238919763
22 0.560779769415060
22 0.439285683651131
22 0.954900644463796
22 0.628303298936261
22 0.425654623203361
22 0.597778934055619
22 0.352456686520539
22 0.875830614174065
22 0.746933089546287
22 1.195256308097440
22 0.651634055407365
22 0.361521230104753
22 0.702170454604374
22 0.397957284524364
22 0.618853187536144
22 0.672248749797264
22 0.606901807491829
22 0.772105035551795
22 0.579113204063746
22 0.464533175086440
22 1.105020763570929
22 0.841512923276629
22 0.763838177165803
22 0.522028565114920
22 0.723186969442033
22 0.397532465313573
22 0.565112602140188
22 0.624038514205384
22 0.745940783203902
22 0.425012259350641
22 0.575810155842511
22 1.027919118601840
22 0.582742328204212
22 0.871393274845191
22 0.584374739687749
22 0.537639890257919
22 1.101427706197830
22 0.559452323779241
22 0.662635914098160
22 0.652553720354659
22 0.562841763976113
22 0.717429841821529
22 0.491597401637076
22 0.762355708440252
22 0.953882313706945
22 0.848970112729040
22 0.862062177631044
22 0.448020674557626
22 1.012321335529075
22 0.263277379846627
22 0.362831381993272
22 0.331700716260128
22 0.907831848095278
22 0.478066631049461
22 0.434028996781315
22 0.891585099605677
22 0.738411585660195
22 1.087050698592612
22 0.525726656478957
22 1.276120102195056
22 0.413424578264082
22 0.847686753619816
22 1.252970842488681
22 0.656463119118669
22 0.800044863836868
22 1.026848726791417
22 0.490836733510440
22 0.672264809735367
22 0.750331063569174
22 0.477024375979373
22 0.645874399653066
22 0.646583727476425
22 0.276206871816141
22 0.654647436993074
22 0.738494841201295
22 0.750067596356322
22 1.120396703988018
22 0.841176424509970
22 0.571808389432869
22 0.747851025027892
22 1.107975458924401
22 0.373187626700099
22 0.822286519495556
22 0.396095475343190
22 0.585114661394340
22 0.662348544407291
22 0.477813599949271
22 0.431837950830332
22 0.931703943420368
22 0.573554565666289
22 0.495840646003380
22 1.164987481325498
22 0.316516161524451
22 0.515442846151276
22 0.472992391918035
22 1.053668701660992
22 0.379950329150641
22 0.564645217673940
22 0.546003382579077
22 0.948487874081431
22 0.421528769252409
22 0.690859763325604
22 0.604677876333292
22 0.747509331049621
22 0.595568823041136
22 0.935796190507188
22 0.397662856941043
22 1.382438686179955
22 0.661885133443394
22 0.433208622316863
22 0.333873755096253
22 0.576674271838137
22 0.725597581486952
22 0.437079879658234
22 0.919053635386988
22 0.526644457638720
22 0.987539434876099
22 0.729925978684069
22 0.747027232964466
22 0.573976380643130
22 0.355172814592550
22 0.565612856619828
22 0.453606350904855
22 0.542297422822906
22 0.375658869030530
22 0.782148734838878
22 1.009374184952046
22 0.868719333746508
22 0.732474148789149
22 0.694399332308114
22 0.745739187425870
22 0.517644750203473
22 0.988483725916192
22 0.701706333506062
22 1.005714111433015
22 0.827485136537700
22 0.486665013245137
22 0.595153347996176
22 0.633236527174291
22 0.417516972671121
22 0.540572782351820
22 0.655085770427456
22 0.518663998131272
22 0.519493123083817
22 0.700125525875676
22 0.376500399354891
22 0.778885982365539
22 0.571911012311765
22 0.686012462549529
22 0.525338174682518
22 0.418031021918629
22 0.485382301463638
22 0.634290208921666
22 0.765218162719806
22 0.775650659827704
22 0.552705218230096
22 0.530086285883255
22 0.787668609597798
22 0.598234575914587
22 0.511894454684904
22 0.660753809152966
22 0.721591579898406
22 0.957056396573113
22 0.552606598557793
22 0.361930058791216
22 0.596050228902648
22 0.839496596186324
22 0.772105035551795
22 0.579113204063746
22 0.464533175086440
22 1.105020763570929
22 0.841512923276629
22 0.763838177165803
22 0.522028565114920
22 0.723186969442033
22 0.397532465313573
22 0.565112602140188
22 0.624038514205384
22 0.745940783203902
22 0.425012259350641
22 0.575810155842511
22 1.027919118601840
22 0.582742328204212
22 0.871393274845191
22 0.584374739687749
22 0.537639890257919
22 1.101427706197830
22 0.559452323779241
22 0.662635914098160
22 0.652553720354659
22 0.562841763976113
22 0.717429841821529
22 0.491597401637076
22 0.762355708440252
22 0.953882313706945
22 0.848970112729040
22 0.862062177631044
22 0.448020674557626
22 1.012321335529075
22 0.263277379846627
22 0.362831381993272
22 0.331700716260128
22 0.907831848095278
22 0.478066631049461
22 0.434028996781315
22 0.891585099605677
22 0.738411585660195
22 1.087050698592612
22 0.525726656478957
22 1.276120102195056
22 0.413424578264082
22 0.847686753619816
22 1.252970842488681
22 0.656463119118669
22 0.800044863836868
22 1.026848726791417
22 0.490836733510440
28 0.738180591774627
28 1.799800513193395
28 0.917112649658141
28 0.955308547650455
28 1.464368597327979
28 0.817148359460897
28 1.024545234578333
28 1.334452509730953
28 1.669455411090448
28 0.942762595227820
28 1.264965979582414
28 1.579305349072792
28 0.622217344941459
28 1.222698793551485
28 0.929671056621674
28 1.187062750304333
28 1.942807434619025
28 1.024907788439235
28 2.328957893047104
28 1.066804435390821
28 1.573618471729379
28 0.685522290231791
28 0.699584103895794
28 1.862859565369305
28 0.817710483109789
28 1.360213428056969
28 0.918309672653096
28 0.818167880476554
28 0.991397710508693
28 1.995428935899868
28 1.213249222218274
28 1.043855455825214
28 1.175732319197353
28 0.868123743665071
28 1.010033954451480
28 1.004444492194499
28 1.986167408187813
28 1.091372331997221
28 1.714927903348503
28 0.889150346004773
28 1.075849384438757
28 1.056700207089348
28 0.846499782606253
28 1.082699132329718
28 0.960897585046429
28 1.657197760623449
28 1.057100166407979
28 1.232233391846303
28 0.823396371419081
28 1.216038947177543
28 0.738180591774627
28 1.799800513193395
28 0.917112649658141
28 0.955308547650455
28 1.464368597327979
28 0.817148359460897
28 1.024545234578333
28 1.334452509730953
28 1.669455411090448
28 0.942762595227820
28 1.264965979582414
28 1.579305349072792
28 0.622217344941459
28 1.222698793551485
28 0.929671056621674
28 1.187062750304333
28 1.942807434619025
28 1.024907788439235
28 2.328957893047104
28 1.066804435390821
28 1.573618471729379
28 0.685522290231791
28 0.699584103895794
28 1.862859565369305
28 0.817710483109789
28 1.360213428056969
28 0.918309672653096
28 0.818167880476554
28 0.991397710508693
28 1.995428935899868
28 1.213249222218274
28 1.043855455825214
28 1.175732319197353
28 0.868123743665071
28 1.010033954451480
28 1.004444492194499
28 1.986167408187813
28 1.091372331997221
28 1.714927903348503
28 0.889150346004773
28 1.075849384438757
28 1.056700207089348
28 0.846499782606253
28 1.082699132329718
28 0.960897585046429
28 1.657197760623449
28 1.057100166407979
28 1.232233391846303
28 0.823396371419081
28 1.216038947177543
28 0.738180591774627
28 1.799800513193395
28 0.917112649658141
28 0.955308547650455
28 1.464368597327979
28 0.817148359460897
28 1.024545234578333
28 1.334452509730953
28 1.669455411090448
28 0.942762595227820
28 1.264965979582414
28 1.579305349072792
28 0.622217344941459
28 1.222698793551485
28 0.929671056621674
28 1.187062750304333
28 1.942807434619025
28 1.024907788439235
28 2.328957893047104
28 1.066804435390821
28 1.573618471729379
28 0.685522290231791
28 0.699584103895794
28 1.862859565369305
28 0.817710483109789
28 1.360213428056969
28 0.918309672653096
28 0.818167880476554
28 0.991397710508693
28 1.995428935899868
28 1.213249222218274
28 1.043855455825214
28 1.175732319197353
28 0.868123743665071
28 1.010033954451480
28 1.004444492194499
28 1.986167408187813
28 1.091372331997221
28 1.714927903348503
28 0.889150346004773
28 1.075849384438757
28 1.056700207089348
28 0.846499782606253
28 1.082699132329718
28 0.960897585046429
28 1.657197760623449
28 1.057100166407979
28 1.232233391846303
28 0.823396371419081
28 1.216038947177543
28 1.162424159995392
28 1.311154586289212
28 1.084580120609313
28 0.996765471535297
28 0.950809931093805
28 1.482760120161495
28 0.909777217780472
28 1.485301674291446
28 2.214885779623181
28 1.003230612479867
28 1.183847816476158
28 1.095088068263221
28 1.387638281491366
28 2.182477747274274
28 0.725437243217562
28 1.903853353092495
28 1.842891592123385
28 0.817358322498612
28 1.460787034571908
28 1.663161704331887
28 1.167347221152172
28 0.601914280953905
28 1.501461657396839
28 1.346906043098339
28 0.848572040963585
28 0.902085680639774
28 1.935383643407248
28 1.318563490646150
28 0.939674709014489
28 1.115329326144900
28 1.292552131376403
28 1.523826593890660
28 0.744337628844398
28 1.878190827277888
28 0.794172379157796
28 1.167860152616645
28 1.078660115444878
28 0.718078258621587
28 0.860259601786976
28 0.870207547668630
28 1.421118350754188
28 0.767323334489356
28 0.855416670627306
28 1.155416978296696
28 0.596677173459942
28 1.207924843815989
28 0.588944237046079
28 1.353626840923365
28 1.133060721520454
28 0.977294372732322
28 1.116143696875203
28 2.424615008996255
28 1.076037283168020
28 0.866057868162498
28 0.732268485871491
28 1.478036898427263
28 1.392584154243964
28 1.169204207294124
28 0.843459569716571
28 1.172485854220384
28 1.169583371688671
28 0.801260442152532
28 1.026608294379741
28 1.470550650827115
28 1.102596299702563
28 1.726513051157000
28 0.917975468581996
28 0.777252157765749
28 1.750694953747868
28 0.719621307165945
28 1.742192117545464
28 1.538932067387485
28 0.578909970649841
28 1.035506727033030
28 1.801481963704666
28 1.120573999191597
28 1.970018506655818
28 0.826359958916988
28 0.843936523739157
28 0.937797162646123
28 1.319626781193038
28 1.068319168885159
28 1.394335067390100
28 0.698620659134256
28 2.122292757491524
28 1.233582200915365
28 1.636993012669834
28 1.013030704921144
28 1.506599087134853
28 0.562609906623390
28 0.951148004885039
28 1.138136862879309
28 0.779634380929446
28 1.459099456259889
28 1.293444689032219
28 1.475312341193557
28 0.913999226436573
28 0.861926596276365
28 0.547214221702256
28 1.134849131401434
28 0.854537720014212
28 1.385188094254775
28 0.847669443152262
28 1.263099526408650
28 2.289563163913305
28 2.139712304792104
28 0.756368349155448
28 1.404182401856890
28 1.353180627063385
28 0.761957822079551
28 1.423740746972263
28 1.105546644599504
28 0.666897130413505
28 1.703417909454732
28 0.810719169408711
28 1.590067957024404
28 1.192351007933659
28 1.344191501692672
28 1.467586076718489
28 1.542329952525236
28 0.992149679534873
28 0.863937695781995
28 1.030753655290190
28 1.192493043876301
28 1.076714652287168
28 0.913766724980243
28 1.285987197589336
28 0.897637172649729
28 1.067145928744818
28 1.036688185842321
28 0.543328174538193
28 1.021835985992205
28 1.153423388498338
28 1.414371705751195
28 1.465059146576034
28 1.161478355455127
28 0.755260093446469
28 0.959367187445978
28 1.180265590068529
28 1.554561957065896
28 1.159052223229883
28 1.328487808396929
28 0.885103593696548
28 0.729445083093237
28 1.076563676052381
28 1.938917700854225
28 0.905930462635925
28 0.524998623230294
28 1.444774623974458
28 1.197332302721847
28 1.556226374877497
28 1.599123278476950
28 1.333276330225798
28 1.556993295429050
28 1.034715256325611
28 1.041287824307493
28 1.418865726364749
28 0.909255022146514
28 1.294991144985886
28 0.915531835401595
28 1.223911796990120
28 1.298479783834584
28 1.626022353043765
28 1.114194260250384
28 1.525129047846844
28 0.935186311688294
28 0.964332811233183
28 0.893286242877521
28 2.227585999186839
28 1.585165065111201
28 0.610326023740522
28 0.863178341002445
28 1.092263822636786
28 2.051938888661551
28 0.984828978907435
28 1.063275407822002
28 1.241859941541966
28 2.068150892668677
28 0.973680642962298
28 0.777031868592534
28 0.785186554474661
28 1.152297805233754
28 0.827961986129059
28 2.564296165265616
28 0.934386784939671
28 1.831369344024452
28 2.389264731543570
28 1.991027396916850
28 0.966495115011847
28 1.616259099346703
28 2.177084526494184
28 1.131658769615497
28 0.736392113054150
28 1.461221133966089
28 0.970904795482901
28 1.232511381096578
28 1.574957045989567
28 1.453891778628939
28 2.132056125166569
28 0.689046129581247
28 0.818284958846672
28 0.796059317433062
28 1.285504351156216
28 1.237567649927924
28 1.302484899654478
28 0.887690336312007
28 1.527528476600090
28 1.486840623701954
28 1.283131493515546
28 0.960011909398569
28 1.460116353676087
28 1.250085126065916
28 0.998762454617596
28 1.860041705553069
28 0.784384212090266
28 0.807076739161117
28 2.295885422409941
28 2.260460385985885
28 1.138305283346511
28 1.135928087577059
28 1.944199531034989
28 0.702602122976502
28 1.049185453936211
28 0.750614440048679
28 0.846576575438938
28 1.052499105556308
28 1.183530408454454
28 1.517867953353390
28 1.183094741650953
28 1.055891360862043
28 1.055906330456111
28 2.098994030967672
28 0.578979939472044
28 0.955792738047712
28 1.911430139800438
28 0.979163085529141
28 1.452513432428522
28 1.258499954818318
28 0.894722292580187
28 1.649446517517816
28 1.696449846050335
28 1.257448686740384
28 1.439502987109043
28 0.772150820643594
28 1.728816728449434
28 1.340786719713509
28 1.149859548741037
28 0.617481452629548
28 0.759622968465168
28 1.058809683738177
28 1.480226936476660
28 1.255078356606284
28 1.504257652400038
28 1.563028664908812
28 0.825997133998793
28 1.452412466485844
28 0.992908174629770
28 0.716174488617439
28 0.740012547981414
28 1.540834502073004
28 1.020661211108825
28 1.520371288934017
28 0.957152386593181
28 1.329925111518934
28 0.839759328900255
28 0.723035196225656
28 0.877289699878117
28 1.152552335419196
28 1.157207867479773
28 1.579828424240786
28 2.205364207039987
28 1.744843922812662
28 1.214275960803300
28 0.699241525285343
28 1.082285795510057
28 1.597441965367719
28 0.792125515393882
28 1.221621083844491
28 1.848709296604723
28 1.647530671673418
28 1.017643981743745
28 1.892855153753709
28 0.883736527534594
28 1.347711193325248
28 0.880851995180443
28 1.014045301323597
28 1.255013088308687
28 2.840580493241053
28 0.922574627421307
28 1.201743691067020
28 0.622147099497016
28 1.969720196024930
28 1.404270788268019
28 2.374095407516108
28 0.866501683454372
28 0.874922249595183
28 1.506160804889689
28 1.247606366387949
28 1.426748458475186
28 0.830726110667444
28 0.924734556026949
28 1.236808639520376
28 1.935541754215108
28 1.604181014462348
28 0.831457385176984
28 1.107226733504014
28 1.171263532471929
28 1.115460883618268
28 1.718252863614851
28 0.895202849050857
28 1.159704399697566
28 1.427463791363037
28 1.061687265572515
28 1.223944863797721
28 1.236920432888189
28 1.419449043647385
28 0.845282422921101
28 2.039399919241564
28 1.434394653953543
28 1.226470599329804
28 0.957750920117254
28 1.441891814401863
28 1.628640732792532
28 0.913988299532432
28 1.789952106301794
28 1.135429802674971
28 0.924648775970539
28 0.628259578145101
28 1.352619534461433
28 1.093647316042291
28 1.742581961845705
28 0.887567719058151
28 0.974002093211418
28 1.761090249937110
28 1.496943441325400
28 0.852676559553058
28 0.927868586173287
28 0.859981248076879
28 0.967577729475373
28 0.702988561649881
28 1.035106987687318
28 1.520726997350774
28 1.310912262101819
28 1.359699460148401
28 1.295042836308674
28 0.775635143906975
28 1.584336541739511
28 1.512299090614170
28 1.344247115942539
28 1.201520621115281
34 0.693534871532024
34 0.951425434048303
34 1.084810760262759
34 2.139468771272774
34 1.830325138527969
34 1.860496404764364
34 1.248906975614281
34 2.822664434959230
34 3.145734471967567
34 1.343665749066499
34 1.108819499520627
34 1.855771346392893
34 1.042820266246888
34 1.073247090699886
34 0.862283147825507
34 1.132739538051609
34 1.252019790981267
34 2.474748098889698
34 1.672066458283896
34 1.444494863522057
34 1.201258170609648
34 2.966037175162464
34 1.225104574796419
34 1.270958208619416
34 1.319352130631104
34 1.305768349199057
34 2.307494065658102
34 1.369436241782645
34 2.314470950791549
34 1.265461291370469
34 1.718195758180358
34 2.302576920469913
34 1.021811539260759
34 1.343455738188602
34 2.154463930807335
34 1.213755293695771
34 1.274962353699961
34 1.913985592794242
34 1.714509330898936
34 1.083934481985417
34 1.308552302513100
34 1.859790668440749
34 1.005613756085116
34 1.220749799002397
34 1.559875965697380
34 1.490494170298266
34 1.373468636504737
34 1.981006606247846
34 1.171214121740539
34 2.408576969755980
34 1.305561472573929
34 0.828564717772162
34 1.560277570110771
34 1.137893073164702
34 1.704161085030667
34 1.118759357420969
34 1.069888372066756
34 1.912031152950433
34 1.374202738460534
34 1.561560538032020
34 1.850057981015410
34 2.012628352050745
34 1.274843098285315
34 0.946715461449660
34 2.076865461627321
34 1.956656213574378
34 1.691561328017120
34 1.559360245567494
34 1.343005955539166
34 1.012538957048403
34 1.364578835808536
34 1.897925394209427
34 2.922573289478265
34 2.787693098877214
34 1.036115462529734
34 1.259575006752364
34 1.845290870775015
34 1.170041354008784
34 1.433535076403088
34 1.024790440231994
34 3.101970344186937
34 1.142604870150082
34 1.575025936440337
34 1.327129514129637
34 2.196171859444289
34 1.324498341210327
34 1.836029540786416
34 2.292375475484646
34 1.682171306943232
34 1.439332404735207
34 1.285450609768287
34 1.868069527802180
34 2.519915514721254
34 1.011591292072715
34 1.383351243708828
34 1.497605699685760
34 1.080008483805651
34 2.460850079625517
34 1.773281794977970
34 1.495822316109483
34 2.007690845637363
34 1.080202893453509
34 1.029810834143205
34 2.667105183666636
34 1.400151220220157
34 1.793504400016013
34 1.218219228352041
34 1.749191990397602
34 1.199121022959388
34 1.145250397174913
34 0.909340071104565
34 0.910120452472603
34 1.297067101947364
34 1.992311343572783
34 1.098300442425768
34 0.992531244210237
34 1.701236358602077
34 1.378062116563259
34 1.048276694026933
34 1.368443970543912
34 1.435028812367213
34 2.052845006422473
34 1.626660103730601
34 0.956076952668091
34 1.462617576678696
34 1.667214319876680
34 1.350496394540668
34 1.872515551582760
34 1.286086492329302
34 1.623036836009637
34 1.895554974454577
34 1.211350865310068
34 2.162058363564407
34 2.172079286804957
34 1.575156176803544
34 1.499900271897431
34 0.932773326615575
34 1.117166076018868
34 1.730945647754488
34 0.887246137852971
34 2.139961712527068
34 3.161508687870726
34 2.240803694817149
34 2.447832699081419
34 1.420464337834488
34 1.785686269303211
34 0.771471274418929
34 2.191130585121291
34 2.323604126407907
34 1.352535249442163
34 0.889074911102695
34 2.653836694914362
34 1.205051746415347
34 0.907648765542807
34 1.620604961867212
34 0.801525228518995
34 1.959253889481069
34 1.021508638441663
34 1.916852736932539
34 1.594573332446990
34 0.854774966542059
34 1.703968591031555
34 1.003640954034803
34 2.310902135514937
34 2.705737672517713
34 1.267781016093779
34 1.151345998365311
34 1.183907722597254
34 1.305068991911240
34 2.306845872777294
34 2.370300497670159
34 1.918864093579016
34 1.075482816976709
34 1.148172050282934
34 1.608568353881608
34 1.886679873074794
34 1.460896937611047
34 1.768627636569022
34 2.691233195586734
34 1.496065439837889
34 2.315484243397556
34 1.236023157839441
34 1.271793340428315
34 1.477084705852556
34 2.596448231753804
34 1.208777446657328
34 1.157429674971725
34 1.371743925059326
34 1.478051321712431
34 1.696798938155377
34 1.101754535777922
34 1.637608204306799
34 1.274580155899924
34 1.689168159106382
34 1.903921917502789
34 1.114893241593072
34 1.367245019229576
34 2.835371728411217
34 1.389713702871722
34 1.100677625857261
34 2.084732509858813
34 1.148572199538623
34 1.559516357995175
34 2.213544337353899
34 1.946923067200053
34 1.205448574523229
34 1.191402951592321
34 2.024468723631140
34 1.886530490181158
34 2.573560652362603
34 1.517322755293755
34 1.150784730401369
34 2.475920072017550
34 1.661293247259396
34 1.380979850839080
34 1.389104060135088
34 1.327278744728535
34 1.034939796798091
34 2.828358083705881
34 1.936970835371065
34 1.604926411149925
34 2.690424043151051
34 1.763168816043559
34 1.644918227994970
34 2.013924787813104
34 1.923500051155862
34 1.759548447844634
34 1.856157978501427
34 0.901114335619055
34 1.418641796792315
34 0.905376671904302
34 3.016520328956213
34 1.123093017531104
34 2.369229470424111
34 1.853621618793110
34 2.272472959816225
34 1.159253396001541
34 1.029175101184934
34 2.595376728907257
34 1.754262605320572
34 2.040363628996849
34 1.436131382163939
34 1.763511067103059
34 1.579709139436849
34 1.822874194469382
34 1.251609830837379
34 1.054595505822072
34 2.268716067591395
34 1.377926609616620
34 1.809979394864868
34 1.542222666447680
34 1.575791281884392
34 2.303928434728833
34 2.053109397695501
34 2.027187644232329
34 1.487741803730255
34 1.421406914104752
34 1.552161735402448
34 0.956375683088329
34 1.678428070618789
34 1.291558602969936
34 1.627516678969634
34 1.183166070268018
34 1.489766711966374
34 1.189540834791638
34 1.358320400153029
34 1.736700836891456
34 1.195742144331936
34 1.491298626052089
34 1.597522883048034
34 1.618041188308741
34 1.483632701318452
34 2.266704231400031
34 1.288546664231978
34 2.255360319208934
34 1.625699873779851
34 1.017272719450877
34 1.433354276996450
34 1.403000111138388
34 1.335771229313118
34 1.568621343987220
34 0.795132967824115
34 1.627490515398451
34 1.053212099835179
34 2.359613459766811
34 2.126860850805333
34 1.230069697347761
34 1.218420384817680
34 1.692801165857972
34 1.097648488669205
34 1.406935221121257
34 1.483467514103914
34 1.474848685004237
34 1.812539720953392
34 2.101194898826654
34 1.650595610545326
34 2.380347782203418
34 1.595824662264948
34 1.050180606772575
34 2.928442767394970
34 1.488214857618652
34 2.107200090874330
34 1.526549091922614
34 1.318772791971417
34 1.490021292330921
34 0.964954653394613
34 2.203251055877218
34 1.226838473034847
34 2.400928065239512
34 1.540041653170723
34 0.738038567741869
34 0.726325583614313
34 1.397090352831004
34 1.870237867903817
34 1.902892150558613
34 1.953168582249584
34 1.846728184410614
34 1.047009712180832
34 1.687695521428620
34 1.796424379760204
34 1.920922770079712
34 1.007059744090210
34 0.793543164290516
34 1.167295370429493
34 1.591010582795136
34 1.369048540076305
34 1.930178913376432
34 1.161682717954412
34 1.117284555608269
34 1.699165723570291
34 1.434997606582582
34 1.005977011488586
34 2.154852392388728
34 1.758737742747174
34 1.377646836039157
34 2.256688156191778
34 0.969355912342784
34 1.148755777383920
34 0.810957341794182
34 1.881850666412166
34 1.485052396226439
34 1.839205622498937
34 1.792784408136867
34 1.518623442033883
34 0.918279690434420
34 1.986070729226336
34 1.675767414710651
34 1.344779876475710
34 2.701700102263222
34 1.407193580479392
34 1.384735614734726
34 1.882287507552852
34 1.776002812115087
34 1.878613692637937
34 1.313038088693755
34 1.096276578448302
34 1.626680310648095
34 2.399266960715284
34 2.352770036216014
34 1.739707452460179
34 2.213228017899790
34 1.042431301997013
34 2.348785402412034
34 2.155297554561844
34 2.092926540313025
34 1.386482418384263
34 1.397515656117893
34 1.596404166070984
34 2.670473418320847
34 0.949153046760656
34 1.379678647330777
34 0.900449083229034
34 1.252517518314938
34 1.823544149243396
34 1.783613970409906
34 1.585555481621494
34 2.218513953085816
34 2.383390916468611
34 1.859947279051526
34 1.132692551513001
34 1.071637335879310
34 1.657653360718999
34 1.910100923394932
34 1.097163430253142
34 0.998585823321517
34 2.108381899212169
34 3.491246374132966
34 1.559228795854287
34 1.782347735622980
34 2.141561815281054
34 1.190985346466179
34 1.530839284243712
34 2.223221210806461
34 1.437526765574582
34 2.039692484162140
34 1.858902073525615
34 1.781516707682798
34 1.748678592781845
34 1.717625700447679
34 3.112344505779761
34 1.496914242500673
34 2.687722199692582
34 1.409155071961193
34 0.992879605322658
34 1.412961218678781
34 1.371628463456635
34 2.699114470947412
34 0.970121045724369
34 3.130554728208375
34 3.126319759183797
34 1.582049463310075
34 2.788728122048682
34 1.269752795068026
34 1.715685310964250
34 1.057451123033627
34 2.258326836161490
34 1.631343199411164
34 1.255118041667425
34 1.852114057052267
34 1.441345632294571
34 1.875684128343911
34 1.541165943770304
34 2.836842859212274
34 1.485254640527913
34 1.921963089566823
34 1.280354059966738
34 1.969785782606483
34 1.265272463453016
34 0.923725698962465
34 2.066381021098270
34 0.966451930864995
34 1.425186743467475
34 1.383540623283219
34 0.970635761904223
34 1.540177584660206
34 1.972462654711492
34 2.958144066885913
34 1.417679471618388
34 1.830958359843623
34 3.376427667188651
34 1.606285927111507
34 1.670916534605248
34 3.439056270782168
34 1.956503095757765
34 1.933160352845926
34 2.845002938541946
34 2.477258657369085
34 1.497569635201710
34 1.919325697857261
34 1.122804450220454
34 1.184593261627769
34 2.489951342156595
34 1.973612918571378
34 1.101550600516474
34 2.028107395972473
34 1.051207430385900
34 1.319141050390161
34 1.555146091612162
34 1.536827591524043
34 1.712993301175940
34 1.416532293241369
34 2.211434370086150
34 1.933384673835521
34 1.877975977681698
34 1.387338359039843
34 1.433081078403903
34 1.754887968795078
34 1.075079832484265
34 1.229958792526435
34 0.863228529256065
34 1.627884577177273
34 1.666310583107709
34 0.884621016649456
34 1.522182734373070
34 2.167732753868893
34 2.429071575186667
34 1.695016856585592
34 1.679718435649996
34 2.223960473214317
34 1.215557561707167
34 1.125550532770159
34 0.980205912735667
34 1.705722050609008
34 1.182680140577453
34 2.594558513581005
34 1.788362019206609
34 1.536968974328182
34 1.087623997799163
34 3.057439182791766
34 0.775419366836155
34 1.604047645243184
34 1.684403177590528
34 1.105017379502306
34 1.528269880868859
34 1.152637708911090
34 1.216024815144849
34 1.004281406729665
34 1.679756075668307
34 2.268158897870880
34 1.909884034716042
