10 0.051947170707444
10 0.054044962485150
10 0.056461084476489
10 0.048741018287533
10 0.072897478913066
10 1.822656069432957
10 0.026290420129794
10 2.271011524867593
10 0.114831345669337
10 0.062080590056370
10 0.057559340332692
10 0.073595530873281
10 0.089134726937132
10 0.028691010447253
10 0.042132371293743
10 0.140387413509693
10 1000000000000000019884624838656.000000000000000
10 0.081386057570666
10 0.083231968609916
10 0.062116615627671
10 0.069850487054515
10 0.147987170867942
10 0.121748918647687
10 0.060108569486513
10 0.524724485819085
10 0.042568652074327
10 0.057029054348187
10 0.084236300554934
10 0.086053671351237
10 0.152038802866352
10 0.050241242153275
10 0.085974706909869
10 0.034535885819149
10 0.094255198636842
10 0.082207394004930
10 0.045176433412972
10 0.028284113769529
10 0.062263851855956
10 0.100331405642134
10 0.233267373485978
10 0.036862727558124
10 0.041593554643009
10 0.086072005278880
10 0.169711705588883
10 0.029080356262359
10 0.132744800718478
10 0.064046535668649
10 0.064588918439899
10 0.094733805132121
10 0.040569786446846
10 0.056505602026593
10 0.113775516731413
10 0.036971955450194
10 0.053936336282884
10 0.076376880671658
10 0.054838076005519
10 0.114482528325762
10 0.072502169150097
10 0.126354128347534
10 0.112658989282826
10 0.084200502246787
10 0.039085239722033
10 0.099434785292307
10 0.125220541792174
10 0.087899774447822
10 0.043671229063076
10 0.112549146783474
10 0.054287055623804
10 0.050061980582830
10 0.064527498423788
10 0.072366567917345
10 0.081075507518424
10 0.054820919139218
10 0.029854774818016
10 0.053999093612243
10 0.050936555015304
10 0.049177759614722
10 0.161952014788347
10 0.060404598486643
10 0.113541419140848
10 0.055997734070512
10 0.097218847873312
10 0.070650916951362
10 0.047163879213047
10 0.045311435810155
10 0.078647278767657
10 0.171470123432662
10 0.072194274905083
10 0.054161695331323
10 0.087900117415613
10 0.048235480090579
10 0.137147526709706
10 0.109989225352891
10 0.145164333585678
10 0.078216307200285
10 0.312159031586265
10 0.086373474188322
10 0.127457415102023
10 0.135140455591952
10 0.079209742954425
10 5.542462897041489
10 0.091150655025706
10 0.037403188949589
10 0.048035983315638
10 0.046007696212269
10 0.072646319978584
10 0.085272899202033
10 0.250422666161984
10 0.055230311126082
10 0.075650307275616
10 0.051763319998127
10 0.078012624255431
10 0.079360425136244
10 0.045209481885792
10 0.109770776075335
10 0.040077886212026
10 0.103241243730080
10 0.112106247840030
10 0.272563716814325
10 0.105213965174549
10 0.119067103951531
10 0.782832843780742
10 0.031597115025192
10 0.094521989612153
10 0.143410774244947
10 0.055248716751172
10 0.160515265412491
10 0.038914716246955
10 0.052704375240882
10 0.040852593526516
10 0.088753594773946
10 0.093786378899086
10 0.036986703665272
10 0.068924077161221
10 0.061389768521833
10 0.062912446067840
10 0.111617231502211
10 0.124753760456151
10 0.045743083060694
10 0.233401958114113
10 0.072317674421695
10 0.106622910527082
10 0.081982902410339
10 0.026928182233292
10 0.061773214478936
10 0.083976068816605
10 0.931359540466216
10 0.116909739829489
10 0.057992886257708
10 0.136913378657486
10 0.072820408099636
10 0.090881135686864
10 0.100215115944652
10 0.126681269783872
10 0.069616273890460
10 0.064526613195531
10 0.063101991898447
10 0.027887297159331
10 0.058335605134300
10 0.070363636446337
10 0.065703657528372
10 0.095653108236963
10 0.176280557393317
10 0.161324435621885
10 0.108869253811427
10 0.075137067701039
10 0.092831081216408
10 0.049146186096995
10 0.048677786263438
10 0.118377074657277
10 0.056022943191724
10 2.197213812371849
10 0.050244729906508
10 0.034513858572953
10 0.057959500050530
10 0.057053733544199
10 0.071353817405441
10 0.059812458118254
10 0.108478091871401
10 0.112166486572229
10 0.092205955172193
10 0.772699439186512
10 0.120216009744937
10 0.355046522109806
10 0.054446605724865
10 0.662702687957410
10 0.076893217918201
10 0.194170885553682
10 0.046812876908719
10 0.050834472983851
10 0.061460050115474
10 0.091425112467147
10 0.092234637601557
10 0.043783632504170
10 0.040743912914811
10 0.030548272600616
10 0.140451109414735
10 0.038550700573470
10 0.055052451122395
10 0.201395727730828
10 0.105660770683841
10 0.624816699207665
10 0.035930163366280
10 0.059649241231495
10 0.089991715897781
10 0.082920620015098
10 0.042269426932499
10 0.043620128367538
10 0.056391205526197
10 0.042278169520976
10 0.065523175515784
10 0.057509871623981
10 0.061870848834465
10 0.063071504338557
10 0.064429522156201
10 0.092573216236270
10 0.070255309956456
10 0.110772535578010
10 0.136251986144898
10 0.095768333539644
10 0.096533105577682
10 0.044668328725182
10 0.100097502345970
10 0.063166840762036
10 0.892425620139726
10 0.060144026444540
10 0.151701993885911
10 0.033162291603953
10 0.068886620392948
10 0.073167624036993
10 0.088504915009257
10 0.260471618275941
10 0.219067977398577
10 0.453914841420851
10 0.034155295028506
10 0.035297255415160
10 0.036513485030967
10 0.088297823307179
10 0.022746118493889
10 0.039027479840449
10 0.058304438052925
10 0.053273032465404
10 0.212277525256720
10 0.055413635904777
10 0.039900213795138
10 0.155301820446706
10 0.080426848305686
10 0.079300284947939
10 0.237456060493414
10 0.056505602026593
10 0.113775516731413
10 0.036971955450194
10 0.053936336282884
10 0.076376880671658
10 0.054838076005519
10 0.114482528325762
10 0.072502169150097
10 0.126354128347534
10 0.112658989282826
10 0.084200502246787
10 0.039085239722033
10 0.099434785292307
10 0.125220541792174
10 0.087899774447822
10 0.043671229063076
10 0.112549146783474
10 0.054287055623804
10 0.050061980582830
10 0.064527498423788
10 0.072366567917345
10 0.081075507518424
10 0.054820919139218
10 0.029854774818016
10 0.053999093612243
10 0.050936555015304
10 0.049177759614722
10 0.161952014788347
10 0.060404598486643
10 0.113541419140848
10 0.055997734070512
10 0.097218847873312
10 0.070650916951362
10 0.047163879213047
10 0.045311435810155
10 0.078647278767657
10 0.171470123432662
10 0.072194274905083
10 0.054161695331323
10 0.087900117415613
10 0.048235480090579
10 0.137147526709706
10 0.109989225352891
10 0.145164333585678
10 0.078216307200285
10 0.312159031586265
10 0.086373474188322
10 0.127457415102023
10 0.135140455591952
10 0.079209742954425
10 0.063010801472818
10 0.043326118394893
10 0.021096703794839
10 0.061994878133127
10 0.039222992682974
10 0.068106249330107
10 0.093155617755341
10 0.067418687446705
10 0.052027823306791
10 0.036914167570370
10 0.116219304744934
10 0.045088004601128
10 0.065824451404687
10 0.039304933544081
10 0.015938458552448
10 0.055678237614744
10 0.050995763887814
10 0.046383622668078
10 0.059051132678061
10 0.042129988408409
10 0.230806320902579
10 0.085161646535901
10 0.060711769221620
10 0.110258650201336
10 0.236568303609661
10 0.056418444046685
10 0.100536659585529
10 0.045681223362634
10 0.156959044030610
10 0.075471494495689
10 0.080621251929141
10 0.664910032104328
10 0.047238734745414
10 0.039768298008149
10 0.103097428470147
10 0.494395006137679
10 0.589427522359367
10 0.129055380695092
10 0.067428015024099
10 0.080789020435960
10 0.057986280720730
10 1.770891891265029
10 0.039701615001631
10 0.098944046558061
10 0.040401443377929
10 0.042244487645222
10 0.481813683694267
10 0.085021903395337
10 0.093539626492031
10 0.074973500961104
10 0.114873416571666
10 0.118788745415005
10 0.110975542885197
10 0.056404385862201
10 0.054809179335770
10 0.085948417676001
10 0.042505034838308
10 0.042327551173889
10 0.084492151894153
10 0.262285165252385
10 0.050822463165165
10 0.115562845947008
10 0.060159929948806
10 0.052886045688875
10 0.028778623637002
10 0.032988085949602
10 0.131745007676364
10 0.048359325702036
10 0.067192587524859
10 0.063307994215411
10 0.067838553415441
10 0.020880137471606
10 0.024270355445279
10 0.035150533122143
10 0.042721887395923
10 0.130076550489441
10 0.086846500407431
10 0.053872939887945
10 0.915858450720735
10 0.055579253093041
10 0.101922419304150
10 0.072011217384075
10 0.063047353563054
10 0.059888461943777
10 0.045519345147365
10 0.132855832489838
10 0.043209113514436
10 0.051059592516083
10 0.063053639316297
10 0.070759531761325
10 0.040697372679080
10 0.052072739057630
10 0.059674220279076
10 0.117596797878987
10 0.080050167514795
10 0.051091216811185
10 0.299885648605244
10 0.155935848053876
10 0.151870127646877
10 0.073136616842754
16 0.333166068135588
16 0.179139224389293
16 0.588841186082065
16 0.302428112948662
16 0.162790389612506
16 0.165015366928109
16 0.140646261595593
16 0.437498602076913
16 0.185353123221385
16 0.397734729343850
16 0.473981785007763
16 1.191038944135704
16 3.334170201489384
16 0.307987803129199
16 0.453460022152497
16 0.320211666100025
16 0.471078708193733
16 0.973916154606157
16 0.283757553280456
16 0.370209133814925
16 0.422662624381815
16 0.328168879980997
16 0.583844187812450
16 0.522691284414144
16 0.961822655037712
16 0.480814655293954
16 0.523661970059956
16 0.323607024612588
16 0.381267391733244
16 0.666775089154990
16 0.110213103315566
16 0.539117959559794
16 1.205604457914827
16 0.270519541170221
16 0.480673516704819
16 0.443086968565215
16 0.267091579212429
16 0.811336232594049
16 1.027849892989413
16 1.538929588243978
16 0.271249162565737
16 0.540684847575615
16 1.203342728569288
16 1.943122836925050
16 0.397466588126906
16 0.457388906798201
16 0.254318497199731
16 1.526162119565620
16 0.421671352176867
16 9.896126927947584
16 0.626382787707255
16 0.360184199389011
16 0.274991989711896
16 0.524020541704763
16 1.216308434873242
16 0.380061806790131
16 0.894368894912534
16 0.520649324894060
16 0.220045931322123
16 0.283388893659357
16 9.928371948591215
16 0.572069896539898
16 0.362194029942476
16 0.231154416495705
16 0.168297933412933
16 0.346462217996700
16 0.554452457038210
16 0.421419044104337
16 1.049246960414194
16 0.206050004061834
16 0.413284113297019
16 0.450885590669210
16 0.352673652390630
16 0.650330766140662
16 0.291075969078016
16 7.201139349989292
16 0.389354075811823
16 0.197027552416581
16 0.528992614161563
16 0.273973713639274
16 1.164760910923448
16 0.693332145109668
16 0.424250932005210
16 0.304355502376699
16 1.530815034759160
16 0.444099745311681
16 0.393750506559971
16 0.173464034890489
16 0.766180312169996
16 0.578136377421369
16 0.299427618862715
16 0.372965259787633
16 0.591075462241902
16 0.171546425360225
16 0.561804284765458
16 0.495849852077551
16 0.478865991063188
16 0.304280549937761
16 0.291321149025947
16 0.424235299327835
16 0.600393216399251
16 0.188864765375108
16 0.171834131382360
16 0.463496754732167
16 0.230971325285171
16 0.439341726765669
16 0.225456807835750
16 0.603800319390146
16 0.312047599557456
16 0.453844186610821
16 0.457850638489949
16 0.585189901207285
16 0.565721418333107
16 9.959814884183693
16 0.216207835560009
16 0.258304485318295
16 0.188899754872624
16 0.604364098287682
16 0.355638860857461
16 0.176954832658027
16 0.281216128099253
16 9.937866586842816
16 9.878421054922764
16 0.471907439810635
16 0.121052343745706
16 0.613271162833889
16 0.665014565691995
16 0.328706365787103
16 0.525240270318525
16 0.251601720516444
16 0.264721486609175
16 0.433372472731400
16 2.580564303883758
16 0.794066301001483
16 0.324426635834214
16 0.236652863234172
16 0.296006667799723
16 0.152906664035946
16 0.381566540600769
16 0.320723647855400
16 0.591168830097125
16 0.395467320258257
16 1.561092617360472
16 0.861547472783359
16 0.134322595954514
16 0.501992263473568
16 0.336510875165570
16 0.424624308053831
16 0.381313127778173
16 0.290326973257493
16 0.600393216399251
16 0.188864765375108
16 0.171834131382360
16 0.463496754732167
16 0.230971325285171
16 0.439341726765669
16 0.225456807835750
16 0.603800319390146
16 0.312047599557456
16 0.453844186610821
16 0.457850638489949
16 0.585189901207285
16 0.565721418333107
16 9.959814884183693
16 0.216207835560009
16 0.258304485318295
16 0.188899754872624
16 0.604364098287682
16 0.355638860857461
16 0.176954832658027
16 0.281216128099253
16 9.937866586842816
16 9.878421054922764
16 0.471907439810635
16 0.121052343745706
16 0.613271162833889
16 0.665014565691995
16 0.328706365787103
16 0.525240270318525
16 0.251601720516444
16 0.264721486609175
16 0.433372472731400
16 2.580564303883758
16 0.794066301001483
16 0.324426635834214
16 0.236652863234172
16 0.296006667799723
16 0.152906664035946
16 0.381566540600769
16 0.320723647855400
16 0.591168830097125
16 0.395467320258257
16 1.561092617360472
16 0.861547472783359
16 0.134322595954514
16 0.501992263473568
16 0.336510875165570
16 0.424624308053831
16 0.381313127778173
16 0.290326973257493
16 1.034518602441409
16 0.818672338297026
16 0.708176800693637
16 0.339585622400890
16 0.271698544331478
16 0.621476197871485
16 0.279899172933745
16 0.145736889080381
16 0.270442058850958
16 0.335370848843265
16 0.194337911725182
16 0.244441749555100
16 0.485343976230215
16 0.451855923224893
16 0.200194299571501
16 0.923204970622497
16 0.350634176089525
16 0.713458976305940
16 0.490745616746020
16 0.378674490734483
16 0.921642879582355
16 0.309936369347447
16 0.647484436299083
16 0.307055330071765
16 0.205058631489420
16 0.398552477967592
16 1.279041409739979
16 3.297127276010584
16 0.306976567419096
16 0.556070576690479
16 0.193122744086752
16 0.524534763667563
16 0.444233807195189
16 0.269625330063865
16 0.361177345947422
16 0.338142525680080
16 0.414907265235462
16 0.513146563197012
16 0.463953922457960
16 0.583588604378646
16 0.636120830299118
16 5.136435482815637
16 0.237297441275718
16 0.706735453984754
16 0.303375775299143
16 0.211984396782730
16 0.425381004163215
16 0.688686694907542
16 0.575471735275020
16 0.518713121969648
16 0.600393216399251
16 0.188864765375108
16 0.171834131382360
16 0.463496754732167
16 0.230971325285171
16 0.439341726765669
16 0.225456807835750
16 0.603800319390146
16 0.312047599557456
16 0.453844186610821
16 0.457850638489949
16 0.585189901207285
16 0.565721418333107
16 9.959814884183693
16 0.216207835560009
16 0.258304485318295
16 0.188899754872624
16 0.604364098287682
16 0.355638860857461
16 0.176954832658027
16 0.281216128099253
16 9.937866586842816
16 9.878421054922764
16 0.471907439810635
16 0.121052343745706
16 0.613271162833889
16 0.665014565691995
16 0.328706365787103
16 0.525240270318525
16 0.251601720516444
16 0.264721486609175
16 0.433372472731400
16 2.580564303883758
16 0.794066301001483
16 0.324426635834214
16 0.236652863234172
16 0.296006667799723
16 0.152906664035946
16 0.381566540600769
16 0.320723647855400
16 0.591168830097125
16 0.395467320258257
16 1.561092617360472
16 0.861547472783359
16 0.134322595954514
16 0.501992263473568
16 0.336510875165570
16 0.424624308053831
16 0.381313127778173
16 0.290326973257493
16 1.128729567617720
16 1.159234119869531
16 9.604661562140558
16 0.216052433489970
16 0.241672318309014
16 0.269356539570221
16 0.217059225621848
16 0.390195652143738
16 0.477602896145903
16 0.640314615005774
16 0.498037020793568
16 0.240936495281358
16 0.373336460753888
16 0.387258904495909
16 0.607095294652114
16 0.476006434658728
16 1.289287470473767
16 0.778299582648659
16 0.650227559688916
16 0.351537476589526
16 0.811842689726509
16 1.101533885474943
16 0.271697719645345
16 7.928832244243742
16 0.323098934853442
16 0.572214982389003
16 0.791705797002104
16 0.228820721606207
16 0.385894345247405
16 0.500312591621207
16 0.350722706439934
16 0.348643253341707
16 0.239300787080902
16 0.997298853059525
16 9.673259141053908
16 0.219292794348058
16 0.339665517287774
16 0.664992978959932
16 0.590393565547912
16 0.390022027790266
16 0.183891347185725
16 0.378592335752796
16 0.453640780948828
16 0.907273826066671
16 0.657778612645985
16 0.373439171203688
16 0.233020680752329
16 0.169656397546271
16 0.347084341308788
16 0.606825511098203
16 0.272920859906752
16 0.467310395039592
16 3.881982135706588
16 0.577030085508343
16 9.970599514858570
16 0.675959002247180
16 0.503227993914056
16 0.632828687790457
16 0.370650218404812
16 0.310313017304125
16 0.304165834345454
16 0.374546860563586
16 0.284283172315035
16 0.337230750636665
16 0.217285425370662
16 0.639491660530403
16 0.608086116934729
16 0.615469355855012
16 0.270816364361568
16 0.193997547210156
16 0.531271027448445
16 0.618753800509412
16 0.633253438362987
16 0.419986915641923
16 0.497506737252734
16 0.383379059766641
16 0.382983847050049
16 0.870654643305200
16 0.431146267187735
16 0.269127933802222
16 0.654382161789076
16 0.218696069484843
16 0.335313020411832
16 0.216726493740390
16 0.182002738403427
16 0.443785100364843
16 0.438896250067649
16 0.507921345639670
16 0.269454603382861
16 0.437312578304897
16 0.204260250788212
16 0.384174065671330
16 0.404078749777523
16 0.343285521103268
16 0.421479481622721
16 0.261387269864279
16 0.495127894272594
16 0.622721144538923
16 0.275714096831028
16 0.197397494807117
16 0.391050437200767
16 0.443545928844932
16 0.378274076503907
16 0.538031390456731
16 0.194839334508660
16 0.593234764887359
16 0.286655746108115
16 0.208173717189174
16 2.010817041638266
16 0.536317904557222
16 0.234910402095821
16 0.233927648174644
16 0.202130122532100
16 0.761472139597563
16 0.382034049769614
16 1.155163763339751
16 1.069565453978790
16 0.406145869385358
16 0.374127389486897
16 7.660793291934395
16 0.401766951719479
16 0.494459169700801
16 0.680975229385809
16 0.264207988620417
16 0.381143750894874
16 0.762371580694885
16 0.196435825754618
16 0.358223701962390
16 0.782424240324169
16 1.092038303530036
16 1.335817504713318
16 0.274003977519751
16 0.443835577227365
16 9.950971765291895
16 0.336151358435438
16 0.136223242720197
16 0.878553454527244
16 0.356002566474771
16 0.212866719134060
16 0.316270555057296
16 0.400548223484722
16 0.573066793942020
16 0.356351438842685
16 0.482669563653858
16 0.314495060487904
16 0.981384130946314
16 0.302730642550026
16 0.438732386840125
16 0.472361162300688
16 0.282277099446585
22 0.943898836080813
22 0.676117599831605
22 0.793725582179593
22 1.929349220300776
22 0.773839647392801
22 5.323015554379775
22 1.427880744369183
22 1.077624400555421
22 1.058121366914804
22 0.769611936229057
22 1.221129066511572
22 0.745306702754291
22 1.184351651959776
22 1.362010586293677
22 0.638372151717403
22 1.416881960699590
22 1.630171032522504
22 7.529352781163795
22 1.935325119171661
22 2.830736444892530
22 0.788857285352186
22 0.873900948048660
22 0.789382934417193
22 1.273962949994182
22 1.134038020549411
22 2.315720233218959
22 1.162158045968830
22 1.102629912948185
22 0.789132353945075
22 1.317615681634845
22 1.457057529842420
22 0.786813453108484
22 1.379604280986942
22 1.340177788022808
22 0.875327319073723
22 1.277172209971521
22 0.999170286058599
22 1.424839607067187
22 1.158524792049049
22 0.602605429378943
22 1.614522966289878
22 0.956579749468703
22 1.484149611950323
22 0.533116109594559
22 2.122654646017831
22 0.431217473138330
22 1.058817969231059
22 2.960379628795214
22 9.620387734142096
22 1.060482339277135
22 5.091220616673446
22 0.762318217678528
22 0.667905674720595
22 0.514790870849766
22 0.430653795040695
22 3.978284477760050
22 0.874717961490431
22 1.760916194075779
22 2.194751269508989
22 1.775692067571238
22 0.972210731692888
22 1.210939128789531
22 1.239481624806200
22 9.746160805218018
22 1.496033882175658
22 0.851846825921915
22 1.417072114645736
22 1.612861811353062
22 0.938897685679996
22 6.566538616158186
22 0.731151516841777
22 1.048511395007514
22 1.425368644403136
22 1.202674230822236
22 1.236744600434395
22 0.863028694252356
22 4.298760926862330
22 0.509677306633096
22 2.349618100035705
22 0.776278432963136
22 1.486214523330836
22 1.411236948183779
22 0.411838411526765
22 0.840069896401717
22 1.390559981705875
22 7.819381791796414
22 3.828574707732582
22 0.853064176883274
22 1.173780001591950
22 1.174369205225618
22 8.338724145514176
22 0.536401840352370
22 2.675426967612074
22 0.773874702976570
22 6.947861932143809
22 1.873743669415070
22 1.050336673891962
22 0.629847358772617
22 1.645451476821272
22 1.218382921218591
22 3.830634425500952
22 0.653043297826306
22 0.906595056055509
22 1.241937635914518
22 1.130572607167707
22 1.631232567071488
22 2.125620772035817
22 1.474890469304381
22 1.194711862550170
22 9.537572619461955
22 0.948361084741965
22 1.143261697118255
22 1.995833274295137
22 0.769942588554476
22 2.462808731263236
22 1.541405183432675
22 0.911682042028432
22 1.782929726161865
22 1.411294677444209
22 9.755274659665357
22 1.869734224349530
22 1.511206419705352
22 1.072656645840299
22 0.561997380743331
22 9.602830490965228
22 0.457651952392797
22 0.956669037560879
22 0.745495145374985
22 0.814721893603124
22 0.985997405999745
22 1.763195813556085
22 1.203090910456865
22 0.797360221151644
22 1.657973983832387
22 0.728851766206709
22 0.723587486780239
22 0.871620831299509
22 0.923695088142614
22 0.843322111859273
22 0.976618219491610
22 0.976462014754118
22 1.471128277532557
22 2.419830214263228
22 1.456139767226512
22 0.602219386784413
22 0.911903351732482
22 2.506125964944496
22 1.769493006227689
22 1.781655345020594
22 1.236395641734928
22 0.937798788997672
22 0.285718766643408
22 1.574199943701081
22 1.026629845679619
22 0.349209268478073
22 0.928390803089158
22 9.759859925467548
22 0.737976090414838
22 1.406618130399622
22 0.655509709210728
22 1.443065966718911
22 0.999207394555664
22 0.595961790992162
22 0.848654117247713
22 1.201193906310470
22 0.825280680567428
22 1.716873764128448
22 0.950955542413129
22 0.613800823281381
22 1.284690498604452
22 5.418737999815562
22 1.784272447393637
22 6.294373020052124
22 0.624497580328485
22 1.247880916376177
22 0.965380170550630
22 1.150652807616970
22 7.992641058076285
22 0.888896436778049
22 1.671338517076018
22 1.064930447648140
22 0.668853642104396
22 0.835616569022326
22 0.619834796317579
22 1.381131584640935
22 2.313883773512835
22 0.958393307146986
22 0.678379654067619
22 0.790727235741888
22 2.583085607169226
22 9.890360638825687
22 0.672637480400983
22 1.372587243903830
22 1.265924848560179
22 0.624758443788592
22 9.935042165218391
22 1.228364972531730
22 1.523589896850137
22 1.020074929152015
22 0.838684302543949
22 0.862673164486577
22 1.598364883720400
22 0.475510448742956
22 0.893113320601186
22 0.546191534631872
22 1.105097051104020
22 0.729912949814131
22 0.771480307670682
22 0.791520069912058
22 1.658068198260091
22 1.211083748340676
22 0.757998694875418
22 0.818393916242801
22 0.878256601796858
22 1.269878612894250
22 1.217940283667049
22 1.373615773954920
22 0.555850154657330
22 9.846769302203116
22 1.977659991162873
22 1.263449126646151
22 0.628909193860998
22 0.854509320506246
22 9.871574691885176
22 9.654829329570379
22 0.859566725034007
22 0.515580325235057
22 1.007408497426947
22 0.724932340708303
22 1.647764490689459
22 0.831747162990355
22 0.457202548475715
22 0.807575912360196
22 1.203179867371537
22 1.576521531512898
22 1.073283752676714
22 0.570497670558775
22 2.477747520420508
22 0.901212046736788
22 2.224998960457528
22 0.978140026626347
22 0.420942325061882
22 0.850167125751626
22 3.841831617797038
22 0.956526081975445
22 0.614434291985775
22 0.557128328405538
22 0.449048950475437
22 0.606497565622622
22 0.979042952505820
22 1.422465468687033
22 1.169135591494438
22 0.716334606957672
22 9.709018546283033
22 9.816786655823858
22 1.306849489175753
22 2.020648584574004
22 0.580456830053580
22 1.141572519622128
22 0.474038212442175
22 0.993695160241808
22 0.559038555246947
22 0.874063122646088
22 1.377519250407957
22 3.467778414112328
22 0.447245669586747
22 1.611312474024261
22 1.549424120493714
22 1.403031830050764
22 0.536221621226937
22 1.147907404934527
22 1.760901837072644
22 0.991552793880691
22 1.697938714731623
22 1.194915215759585
22 9.743026481776724
22 1.499196950601257
22 1.104012263100687
22 0.922843595308451
22 0.744215798855885
22 1.449077602432271
22 0.808172726866278
22 0.598828563326144
22 2.098604099175891
22 0.993800632048642
22 1.354573778361369
22 1.301540119537734
22 0.944036554558118
22 0.706795521296250
22 0.898141237640751
22 1.535857129789876
22 0.581742082880581
22 1.827427241639720
22 0.939146697762790
22 2.064606575651820
22 0.908271049918886
22 0.876176465495385
22 4.889482207138422
22 0.680958641556158
22 1.219112638500147
22 1.795227634641459
22 1.789538712419371
22 9.843328719981724
22 1.844515001129740
22 0.863913878575244
22 0.989028930656966
22 1.395955312959545
22 1.713489216118981
22 9.889348446185931
22 0.788496799421866
22 0.960993291349106
22 2.027772066466924
22 0.970782664185337
22 0.949631370016255
22 9.179793060018385
22 1.308533077987692
22 1.560380500732379
22 0.825117144634583
22 1.279478340596630
22 0.957308037559335
22 0.683464925577431
22 1.921283500827989
22 0.932792558797799
22 2.048338514030909
22 1.593202410593341
22 1.754155317401090
22 0.726758949442881
22 4.543047273956845
22 1.937242152896444
22 1.405976734871067
22 0.595038354308262
22 1.173136800387006
22 1.051410367013944
22 2.622376488022259
22 1.138774033436627
22 0.913371682722010
22 1.164457126932520
22 0.914541560628222
22 2.016564698635407
22 0.743955905277402
22 1.110460454590672
22 2.786033767921327
22 1.789603045741681
22 1.493446497138865
22 0.839016582524184
22 0.984192664882298
22 2.272688091318756
22 2.288733608196960
22 1.041984962180776
22 1.064128250269130
22 0.590503243354277
22 0.681787573810224
22 0.693067094760094
22 1.306409659019141
22 3.926645156634633
22 0.578669793091569
22 1.010770976092842
22 0.850590531979173
22 0.534365920426829
22 1.154359692357543
22 0.868552267700927
22 0.523680402852112
22 9.509515108019102
22 0.908131091231664
22 1.345370867974682
22 0.846938886976453
22 0.457462141771864
22 0.618409153039880
22 0.727777003591763
22 3.111841602778765
22 1.131888161322747
22 1.202516040110100
22 0.951007952629572
22 0.768677537820043
22 1.295966697621176
22 0.600512150886327
22 4.041827714006526
22 2.154219879525296
22 0.648525494228322
22 1.084116435033089
22 0.810750006379685
22 1.892291076851802
22 0.819007327076026
22 1.781570933215213
22 9.454339948262891
22 0.888525873710327
22 0.600333228278399
22 0.638248533769062
22 0.649793728615893
22 0.702189519912240
22 0.974270059263521
22 2.128662254226668
22 0.890690034918686
22 0.991762025953626
22 2.544146814449816
22 0.601781102111321
22 1.446420393600231
22 1.409252735183568
22 1.975834967166695
22 4.204722159670948
22 3.634688471699771
22 0.829070542864491
22 0.849409474295210
22 1.186686269769533
22 1.098932101519874
22 0.730943722815527
22 1.587168423085125
22 0.694132552722919
22 1.345856965099193
22 0.712257963793459
22 1.249944917288128
22 1.486749311673082
22 5.365326066956875
22 1.713880324626610
22 0.600208863861298
22 2.288728873600384
22 1.258834757575485
22 0.741869668057352
22 1.076336138589986
22 0.743136945897180
22 1.453350253461747
22 1.297404579328459
22 0.847805275091334
22 0.625386097500109
22 1.334562925813104
22 0.525980901461288
22 6.540709044937666
22 0.806789326536697
22 0.643695056662510
22 1.978445998499414
22 1.439112196618678
22 0.964693746026277
22 3.129716999918964
22 1.759342700648246
22 0.633002227052502
22 1.647517467897819
22 7.747874994796828
22 1.146319980449306
22 0.709676140259812
22 1.403488278425377
22 1.003738224316470
22 1.138597002415637
22 1.604994247669945
22 9.685713737391108
22 1.108630393753200
22 0.623341569022777
22 0.693239874565671
22 1.588832098887015
22 0.656282587940524
22 1.099253510450630
22 0.712264542275219
22 0.639525618507046
22 1.606842310600767
22 0.688791975175516
22 2.077751544900444
22 0.756912898688764
22 7.152926043790072
22 2.465381072862834
22 0.919507336437770
22 2.925900029891275
22 1.473850621819389
22 1.233958597520942
22 0.935970287593169
22 1.069942956860593
22 1.252826582466002
22 8.027509760119102
22 1.076946785196416
22 2.125702861576896
22 1.288701352173513
22 0.783917845412240
22 1.627118176309412
22 0.784989532342738
22 3.277854745689785
22 1.924084695483003
22 0.625436523673566
22 1.016079065611788
22 1.080871606942786
22 1.920946372128316
22 1.120618351659823
22 0.533444030511636
22 0.792630207366951
22 0.856046446324888
22 0.924815068823014
22 1.431753927325487
22 1.591265230223935
22 1.168463050919996
22 0.820508920211126
22 1.300828869563607
22 0.726851799066367
22 0.986006317628481
22 1.492392041656055
22 1.449315585570343
22 1.676810120563553
22 1.498561940039583
22 4.626298997571254
22 1.095916635158483
22 0.452819541701972
22 1.984539831043500
22 0.871828387459079
22 2.034351740993744
28 2.685092915271782
28 2.874720384688671
28 2.146247925925491
28 6.026027847669461
28 2.185630609650275
28 2.163327607148759
28 2.411855794341552
28 3.756364743119745
28 2.344604512280193
28 8.988754445815090
28 3.557333978600881
28 1.986803887171179
28 1.206312576483930
28 2.330488210561862
28 1.233508029611412
28 4.520681832517004
28 6.486711366182374
28 1.859588290808567
28 1.902841207117321
28 1.363474408029681
28 0.915587930526209
28 5.977680711434809
28 9.594674873848295
28 9.775720247083294
28 2.489664551777159
28 2.173811743495464
28 2.924430347639229
28 2.014739602300263
28 2.868025756378791
28 2.724994916033543
28 3.461569720291342
28 3.382801307671182
28 4.197904940092167
28 5.487215845799303
28 1.364116633380288
28 3.074008297631028
28 4.517796303944961
28 2.287380748110799
28 2.897747750391645
28 1.472482202552367
28 3.614705428165151
28 2.441333182258560
28 1.967098106818686
28 5.514285729210115
28 1.455079426562526
28 1.684853902917578
28 3.764239617165286
28 1.504570337204705
28 8.266366754004558
28 2.322104517980536
28 1.399655351468378
28 3.726523560207966
28 1.915830385636438
28 1.507823571113499
28 2.355672575026089
28 7.402931632435493
28 2.344668263262506
28 3.980862673099187
28 3.424001710119275
28 2.336324337830890
28 3.467926881969688
28 2.065180003192167
28 1.592324889100880
28 2.368037424343420
28 1.592964263762440
28 2.122691851612169
28 3.035518069281014
28 4.553643734470494
28 4.209466550745250
28 3.219074210555982
28 3.126037452174086
28 0.954912027959852
28 2.045417614547000
28 1.943738028842225
28 2.524960659558322
28 2.011437165238527
28 3.983367132369199
28 2.264284185222739
28 3.411618290177781
28 2.716480994318936
28 1.210944743523642
28 2.813020685187714
28 2.345021679837421
28 2.140791073159614
28 3.634594813335532
28 4.535798335430368
28 2.324082435125556
28 2.314854695881507
28 1.219104441118416
28 8.692998815965371
28 2.293803839706013
28 2.481734357593048
28 1.825217221288511
28 3.367943160735957
28 2.840222207675095
28 1.546729143096084
28 5.891447182072169
28 9.523446732425731
28 1.457091851697679
28 1.706930596048162
28 2.414216495797816
28 9.838702758702816
28 1.583851598766949
28 2.034137975040760
28 2.007511221299020
28 2.663851400056869
28 2.333768482957078
28 1.201806121342555
28 1.924829543128665
28 5.443514724445679
28 1.558585341097049
28 1.439327341632771
28 9.815850154711860
28 1.359031925113102
28 5.494556976791184
28 2.947147422988638
28 2.539150059259685
28 9.016835478888225
28 1.986585778725228
28 3.667753762302508
28 2.294285050107636
28 2.171194046236668
28 2.163464042240356
28 1.171628913844834
28 1.566967557291606
28 1.617513082456765
28 3.561942709789198
28 2.667965784986992
28 2.101962117921094
28 2.931393448962778
28 5.828196131447781
28 9.913274635095092
28 2.775785103404290
28 6.169970588847853
28 1.497295327885194
28 4.292018272662039
28 2.442857443605669
28 4.642149039896697
28 3.455899160966972
28 1.555249390147448
28 2.967964659530632
28 5.139732211492595
28 1.512665628137219
28 2.739852240585172
28 3.215924351978330
28 3.745025961822958
28 2.383666746113943
28 1.747532464297038
28 2.285905072238587
28 2.852210913916744
28 2.375360969099784
28 3.557127978644599
28 1.391722749327403
28 1.665055061063890
28 1.684500486963542
28 2.666227414081003
28 2.145793469750982
28 2.971814619061326
28 1.479422891104941
28 2.404154747387032
28 2.121729987737562
28 2.137810776081905
28 7.290044285582642
28 1.813949026685023
28 1.810197014520050
28 2.317391179826007
28 2.817582536859690
28 1.154796084370679
28 2.463723767510452
28 9.818048034343274
28 1.546537689940463
28 2.073073331090115
28 2.573258103476999
28 2.150486719052278
28 6.164170127678011
28 9.779723186320034
28 4.117231168073717
28 4.309611630111855
28 3.977344574354548
28 1.746192902819271
28 1.127556195326429
28 3.119635796624760
28 3.345474541878022
28 1.914595895347795
28 4.023421576937633
28 9.164215806968118
28 2.586453555733282
28 2.975026101399866
28 6.781449559700325
28 1.679006463077624
28 2.353605804378301
28 7.392189582388401
28 1.545965678104740
28 3.296196260721349
28 9.618604848561546
28 3.347387219538514
28 9.681721847328321
28 4.803860282988671
28 2.441174387162807
28 1.357096208997461
28 1.103934044328752
28 1.911151899742258
28 9.801403483303448
28 8.991990268845820
28 2.138158088111403
28 1.878976809336234
28 2.374826803373304
28 4.247163052180350
28 9.524896268572430
28 1.859320712910510
28 2.900032442883123
28 2.067806029447423
28 9.687442975011541
28 1.078152332520694
28 1.651783437967094
28 2.290786338065086
28 3.201611810915335
28 2.450485026499183
28 1.907595385667804
28 1.926910916207509
28 2.223896000536886
28 2.996439011508103
28 4.602509416473787
28 4.404535493525509
28 1.873623566157263
28 3.384334540518236
28 9.516337089888475
28 3.385920313289945
28 1.814454559857373
28 2.969629136965881
28 3.196722569426408
28 1.112709851428692
28 4.090811185596895
28 2.121407894741811
28 4.090745925690662
28 2.137787168124779
28 3.574342417970377
28 2.867924069631500
28 2.797248444022639
28 2.155825490900655
28 1.875308936638445
28 1.271996945359246
28 2.688755528757278
28 1.145278584815186
28 1.789345895755705
28 9.912165991970319
28 7.670886830035159
28 3.354754351894723
28 2.026756728565611
28 9.553719822309642
28 1.260061493791291
28 1.322236465751865
28 1.451874341749224
28 8.952157613385548
28 2.928844560901021
28 3.340949173956634
28 4.586854163109628
28 4.647678567284347
28 2.783272544384733
28 1.973139962462296
28 1.160028489587458
28 1.515406495164324
28 1.847755306075650
28 2.764558220077635
28 2.115145390950203
28 2.989908146695374
28 2.102644718155608
28 3.825903865100103
28 6.173310190697721
28 1.560668414097161
28 9.453923409019948
28 8.953825156072256
28 2.312579513188160
28 9.737788597874676
28 1.535871959755258
28 2.379561289020328
28 9.531342871653827
28 2.660447967324859
28 2.374302230565190
28 5.829656110825509
28 2.273228347856079
28 1.972423557294351
28 3.223422860460785
28 3.164728302750540
28 2.146481419026259
28 1.701184540917370
28 1.886832241574248
28 3.041685192431287
28 3.674451793830209
28 1.541968201841638
28 2.301651826629771
28 1.973264954910599
28 1.481024272499680
28 2.454039023464403
28 2.812962092225306
28 3.415544004438129
28 3.453499733167892
28 1.743950483083676
28 1.560995441608011
28 4.034679467683761
28 1.803802116399595
28 9.660038579443679
28 1.691485017219485
28 5.571473958158943
28 1.717023808449594
28 1.766267081293924
28 1.953262957533034
28 1.760760311816295
28 2.180176427798418
28 3.029046580789502
28 1.263182433578290
28 3.276642616569780
28 4.521954212060671
28 2.875101009736362
28 4.047950968823253
28 2.780169735263144
28 3.306287125906367
28 2.252233826136390
28 3.079312486652389
28 1.704122300849713
28 2.336800292512562
28 2.057158518739449
28 2.678406410992774
28 1.609357304652013
28 3.211359177087956
28 3.520325955280319
28 2.152793575069865
28 4.104326447118435
28 3.422884671853282
28 1.472165688708896
28 1.141108102828655
28 2.513529768254144
28 9.732905679806212
28 2.145192851800425
28 3.634532829793390
28 1.802475068486628
28 2.744305978049128
28 1.594860462670309
28 2.175227706982678
28 6.103949251816176
28 2.236493599547543
28 5.611473624078661
28 1.279562678134434
28 1.033001694992357
28 3.040635292782234
28 2.186343878085722
28 1.268742499940473
28 1.980227082409551
28 5.264457789287017
28 9.921940835376827
34 5.384264248496926
34 3.987715164575655
34 2.752034646738749
34 6.630245289431215
34 2.957802312683493
34 4.553893661671467
34 4.520642628497420
34 7.925739087867494
34 3.674330048273628
34 4.105646007299903
34 8.944851220999755
34 8.393226529572207
34 3.184890222828431
34 4.950908035861704
34 7.648282073365851
34 3.430179392677740
34 3.150633273110934
34 9.661327370716599
34 4.710860898096041
34 4.334272565002494
34 4.354968739109810
34 3.620056408235822
34 4.239263729035331
34 2.337717305050090
34 9.774468523865803
34 4.436395277211758
34 4.831428045243456
34 3.457160616498795
34 9.068451558694152
34 3.665583394930529
34 6.566792941445265
34 4.696761639693458
34 4.014988113426754
34 5.001569710083398
34 4.914867699469501
34 5.118967750171069
34 6.158741343617102
34 5.835466316945641
34 7.655134930066323
34 3.335475582160593
34 3.388357694897746
34 4.035837015867346
34 2.364939601678169
34 7.455805541637059
34 2.815036167272186
34 3.723580198646479
34 9.827902465390016
34 8.398303422410700
34 3.874637240780021
34 5.959007764363676
34 2.701678974816059
34 2.875734540916211
34 9.585170956387071
34 2.139670502686423
34 3.528256130961516
34 9.640145797755874
34 4.994806374547007
34 5.825849328078098
34 4.424949113446411
34 6.259087477390314
34 5.088810380907974
34 6.766471599303596
34 3.162653494687603
34 5.587061325322256
34 4.864330975411646
34 4.674369516176592
34 3.429005373127274
34 6.901137220300038
34 9.538927142402914
34 5.582252861143510
34 3.581089903862956
34 1.863247012167968
34 6.231072149654459
34 7.277591231657111
34 4.000012307427758
34 5.374016724301387
34 3.730809040763142
34 7.583817764628524
34 3.487320824954327
34 3.200509773388759
34 4.286887198914560
34 3.205370456325007
34 2.505073533193754
34 4.078515191019854
34 5.942276852393872
34 2.933043103925764
34 5.392318682568055
34 9.632359924629315
34 4.743121378801138
34 2.489940776884624
34 8.838610177018641
34 3.151054985442521
34 3.635411303214701
34 2.152883678584013
34 3.138457422024402
34 3.989293058967774
34 3.632568333727495
34 5.960186234981483
34 8.178539433092988
34 4.782345786416070
34 3.698667919776014
34 3.500523802998931
34 3.522585319328678
34 2.400552314934318
34 1.830931527032699
34 5.358413024757734
34 4.615283645525798
34 6.877800671689934
34 9.872049331483410
34 4.994554700660612
34 1.947497270861906
34 3.647040652560750
34 8.354430895313747
34 1.942447448189247
34 2.840441091442535
34 3.177567554923298
34 3.616760156590041
34 3.046055088013998
34 3.771712190790670
34 7.446003787948998
34 2.740588613599801
34 9.572890187503120
34 4.336994284905542
34 4.051822529591597
34 3.386959588091750
34 4.387502925281917
34 3.699104509734382
34 2.852608774829692
34 5.273981978500598
34 9.787642527889236
34 5.374178335477880
34 6.651941790361469
34 5.654491954035826
34 5.944849850520375
34 5.639052255472790
34 4.019069953668361
34 2.943136618721882
34 4.023002282028776
34 3.178777171940201
34 6.508837798609791
34 3.186501256874783
34 5.013163048375405
34 4.980396679098723
34 4.526040240780969
34 6.464714620004925
34 9.432566647396342
34 1.607469404022256
34 3.216456320097677
34 2.974134758403981
34 4.023869222458756
34 3.687018278828568
34 3.447371194694505
34 3.089229691255506
34 4.382226693460230
34 5.187325451058562
34 3.679370473297772
34 3.191035941265669
34 4.147038776168042
34 2.245115788321937
34 7.471120177237449
34 5.646893778987946
34 3.945050052783171
34 3.399269550144828
34 2.490134031758911
34 3.395531130618536
34 2.117074070956745
34 9.723780382097836
34 5.101140030509372
34 4.653470605403637
34 3.776110004400979
34 7.458028337646646
34 5.116536239970971
34 5.232327950406798
34 6.317375593414038
34 4.274410708076684
34 3.455435244568387
34 5.864541698015466
34 2.873476936683013
34 6.353135610412988
34 2.291881225738472
34 9.674186219324071
34 9.742144642533558
34 8.273059577780787
34 4.227136095082493
34 7.048692975015291
34 7.708439285449573
34 9.436463900874870
34 9.131997937890354
34 2.727113058219233
34 3.949890047331285
34 4.913698477525938
34 8.284083248730839
34 4.560790725210747
34 3.525416983499015
34 9.156913373962105
34 4.908130238090417
34 9.587411532852798
34 4.191510336336552
34 8.230842419747175
34 5.881074668497933
34 2.142303430947258
34 4.652152806556533
34 3.429860157019311
34 3.987749837889698
34 4.795811379935905
34 5.337639455558307
34 9.290868318177123
34 4.319133165373625
34 2.496438464496860
34 7.641257440164142
34 1.976012689168719
34 3.304910811121778
34 3.488894870171500
34 5.068716845709267
34 3.158738997257033
34 7.296483138750188
34 3.644818599106730
34 5.590736374735866
34 9.476572762329553
34 3.898597865504073
34 4.787625735432822
34 9.498009255000857
34 4.391821328033331
34 5.973510208561527
34 2.309375743791355
34 2.694304175720614
34 2.368381844033516
34 5.008139830038501
34 2.891848881409643
34 5.489659334634915
34 2.992728072140071
34 5.291832094992658
34 9.201845202487920
34 3.063972887462117
34 3.436898558522287
34 5.013276641470811
34 4.301661475655385
34 3.689076394679825
34 2.387323196532668
34 5.735885289926145
34 7.689500481070326
34 2.600486498800371
34 9.671821901004312
34 5.372731977499265
34 2.741638695155513
34 5.579510620452602
34 6.699238553445120
34 5.151323731576049
34 8.988582197328121
34 9.749628477831163
34 5.880826867339409
34 5.075457532189458
34 5.930631202171488
34 6.273301131838157
34 4.607521621596336
34 2.779919119373765
34 3.768117798787983
34 6.601393267526423
34 9.687667710823948
34 3.726392057780372
34 2.738110470884857
34 5.818811379106283
34 2.373497316019693
34 8.629174037437235
34 3.315498686923523
34 3.467308420007774
34 2.837125630199386
34 9.076320491127642
34 9.564342546469998
34 5.627420662809406
34 2.549011620523103
34 5.044447806800315
34 3.202066368048061
34 6.254871087812316
34 2.938040808398891
34 4.011437805553955
34 5.363648794481204
34 2.306563789716686
34 4.015284532528877
34 4.091229557589055
34 4.363595295760144
34 3.904636580535351
34 5.587366868999768
34 4.839295924089392
34 5.018787012746959
34 9.341401618681285
34 3.635084590739599
34 3.209074284540637
34 3.458597798878699
34 2.207005968073238
34 2.970588411678140
34 3.034028813469062
34 4.493809388626638
34 4.645804718991363
34 6.045107300607456
34 1.852616210943652
34 4.326183616795793
34 9.756875284107005
34 6.350703732758796
34 2.306568320667677
34 9.614481780664763
34 6.588926622221379
34 9.540329859180911
34 9.686311625208356
34 9.434539172179848
34 3.828158845163230
34 4.383808586333930
34 5.783221506243632
34 4.098335601745818
34 4.042565081231028
34 2.482975463558734
34 5.374960069763212
34 4.880483463367615
34 7.333271405974599
34 4.779318510510348
34 5.612797112143208
34 9.616946497587239
34 6.501035022814221
34 7.699045213065603
34 3.360751184653030
34 3.453965612669572
34 9.505027708668136
34 4.477545649704472
34 6.199343566873882
34 7.766005924385676
34 7.143548739003160
34 3.464272935799560
34 7.023380943366263
34 5.396073863747253
34 3.413210736744884
34 2.718393015851583
34 2.718621675096865
34 4.341114451882921
34 4.001580964843150
34 3.734451941328500
34 3.005228644084457
34 4.223736465346991
34 6.245113787606031
34 4.347334385329146
34 3.748478764865909
34 2.979179049996967
34 4.680963445377766
34 3.716533098238699
34 7.456778865408531
34 4.678322889528293
34 2.538507997075878
34 3.199492717615909
34 6.929563079446395
34 3.210870816601640
34 3.563022062748633
34 8.385000515439126
34 2.434827985488004
34 4.319928169134642
34 3.679511051203303
34 9.422998817445251
34 4.643928586441837
34 3.682613721652465
34 7.214776592154145
34 7.430120006654029
34 3.641911802382911
34 2.917680975487033
34 2.315687312021981
34 2.572304876373821
34 2.140423510156330
34 6.939295821285498
34 8.142818630869701
34 9.662914200445137
34 5.866122492332421
34 8.003598373022196
34 3.426963292901301
34 6.370017557683393
34 6.734484161825432
34 6.038317137480005
34 4.701285134656951
34 3.468616659669898
34 3.175578631873910
34 1.834351800607507
34 4.361504159382160
34 3.673173092608391
34 4.642188741917161
34 4.278973326330489
34 3.418804189643880
34 6.647409590068278
34 2.515701378692223
34 2.565959382798764
34 2.349471922189522
34 6.206619429219929
34 2.875167562318004
34 3.106527508865086
34 5.395932148833708
34 9.504499616477776
34 4.801455622687548
34 1.800456261001448
34 6.834658577892100
34 4.220757677660234
34 4.168333650423926
34 1.951057090389436
34 3.918119525851935
34 4.630008353480318
34 9.057954160914925
34 3.434011286492948
34 4.680496534187014
34 6.006392098801211
34 2.915385767121796
34 4.527773534748238
34 5.647408220989224
34 4.812783181331294
34 4.622950342105005
34 4.965273989942347
34 6.771390914537014
34 9.479179583446891
34 3.732835527231509
34 6.901601367205533
34 7.020146895690907
34 3.051003137441166
34 7.722971518957160
34 4.328195313283153
34 2.524096153098821
34 2.700339645065860
34 3.414791177175047
34 4.579748424151568
34 5.637988472958944
34 5.034755887636496
34 2.515461436957292
34 9.638552037289157
34 4.014774452820658
34 4.734980615407845
34 4.263859028428994
34 9.873577342280146
34 4.209377691220744
34 4.617130753715100
34 2.950950632791042
34 3.305314066523798
34 4.044342445830980
34 7.351356350862286
34 6.590891510257944
34 2.504765693793391
34 6.865494170190420
34 9.801522132998507
34 5.922234749935010
34 8.694882773825327
34 8.789340824980009
34 4.822167929987605
34 9.462809603330921
34 9.841728807712279
34 3.986258481723834
34 4.061381826707217
34 2.453756577958129
34 6.507025632645348
34 9.684862591803249
34 6.105835953844062
34 4.726478822331646
34 3.272239148927357
34 4.289472573264428
34 5.171968644372358
34 6.046097899997322
34 3.752825290876483
34 3.918158590348168
34 4.100108763258921
34 1.821403163069674
34 9.298940154357410
34 3.786497545658256
34 3.512230177400210
34 4.067470546367754
34 3.434256900790253
34 1.973232139073865
34 2.527987351640044
34 5.846831027824329
34 5.298263690680828
34 5.864513238229239
34 3.620670959424701
34 9.638467571401304
34 4.714184943840543
34 9.867853370269724
34 4.185902552347808
34 2.641922203569917
34 3.173322713800410
34 1.959328928193878
34 3.989869938235685
34 3.381431842278197
34 7.099181068671048
34 2.605031454254971
34 2.111911160240175
34 5.677838838015140
34 2.909600064992594
34 2.491755361603286
34 3.403225456315288
34 5.041653128979480
34 6.766588279924986
34 5.478508300226693
34 9.773134921734556
34 6.005859372189516
34 3.445767172002309
34 5.089548102255470
34 4.307579991594835
34 5.380020550052690
34 5.914833743982466
34 4.023994742896893
34 9.537848739776912
34 2.919683912979735
