10 0.031838406705301
10 0.044535740635920
10 0.033895802329019
10 0.035468493170714
10 0.048240751056608
10 0.043984728054649
10 0.049023499857580
10 0.074108807366795
10 0.040649591636578
10 0.024934253430604
10 0.028931957327686
10 0.054110843276176
10 0.043274236881263
10 0.024403737651889
10 0.049984338944345
10 0.049493122763825
10 0.050405279635433
10 0.053782575320077
10 0.038497011431598
10 0.059503446043795
10 0.046412676852666
10 0.045175888498988
10 0.069513536006122
10 0.039327749632729
10 0.044046985709834
10 0.046820513257944
10 0.047936142313272
10 0.026833644070705
10 0.029888711477186
10 0.026975558561475
10 0.015329401347294
10 0.049711327753222
10 0.030446751169550
10 0.056873748721790
10 0.043171883587076
10 0.032079532103745
10 0.034233139854115
10 0.056985957735034
10 0.036191040467656
10 0.023645967065189
10 0.037863283394760
10 0.023037616366656
10 0.067798954934712
10 0.038139824833906
10 0.038088186005099
10 0.027169574015186
10 0.062512169377339
10 0.036202492221335
10 0.048796697653762
10 0.046654018299575
10 0.033989488858229
10 0.042700175917069
10 0.040379954973537
10 1000000000000000019884624838656.000000000000000
10 0.029825125859929
10 0.057099945902422
10 0.045507525413517
10 0.031315939479237
10 0.033567074442160
10 0.055585604186910
10 0.060527954246591
10 0.055687831341904
10 0.021764113522798
10 0.023391391587959
10 0.032048103203512
10 0.045841822286556
10 0.065490298147704
10 0.056806226201642
10 0.045698935274955
10 0.037204302953973
10 0.024969732333688
10 0.072368762643195
10 0.033082969167281
10 0.026468111902879
10 0.030784348319694
10 0.024533505709880
10 0.039988976988078
10 0.031655322276206
10 0.046016426036410
10 0.040277420137219
10 0.052085833690187
10 0.041366377776971
10 0.029752084638118
10 0.036950266988566
10 0.029081403471070
10 0.048330617920362
10 0.055532197851320
10 0.050050953983738
10 0.057439565201958
10 0.035784419801176
10 0.070845694050739
10 0.029288644510446
10 0.015719188161861
10 0.034712116890518
10 0.045075675490468
10 0.027789249791601
10 0.027851678051881
10 0.046110242203448
10 0.048301457310865
10 0.038243928874962
10 0.027337108271118
10 0.074094244860998
10 0.034661019009514
10 0.045547030584279
10 0.030801975895134
10 0.037259662929876
10 0.046223896241163
10 0.032197524992405
10 0.034983911813266
10 0.037870480904806
10 0.041680806423096
10 0.047645950735787
10 0.049762389544862
10 0.034219413690085
10 0.027658821856835
10 0.023807208536030
10 0.033101453385042
10 0.030197921681836
10 0.048505262416886
10 0.060782475490884
10 0.042533087947445
10 0.026091833894546
10 0.034888789640728
10 0.027036847990842
10 0.054961627387637
10 0.054495036967346
10 0.042906324370710
10 0.043519263560480
10 0.054045854922895
10 0.033364724720464
10 0.058747231808193
10 0.040886843496788
10 0.033271622554086
10 0.032418709604337
10 0.033943695207471
10 0.028518679538706
10 0.050889696969612
10 0.031331396169572
10 0.052330251402369
10 0.028374502053929
10 0.051890695232996
10 0.027246142735179
10 0.044598209251918
10 0.036592531292832
10 0.073076094171680
10 0.018345489268961
10 0.029411148476984
10 0.030872782175757
10 0.023496405488086
10 0.036548348867445
10 0.025831068353170
10 0.023291970132760
10 0.045095447887275
10 0.028455903220482
10 0.028309833043077
10 0.054825151521964
10 0.028836971831680
10 0.054296234053086
10 0.027708376163726
10 0.046118009760101
10 0.036094194851989
10 0.036389119017679
10 0.035282973826377
10 0.035490848008553
10 0.056591426533098
10 0.036722992846146
10 0.026521186524357
10 0.015333233308225
10 0.044874462149854
10 0.048640464263107
10 0.024185173691379
10 0.063729671624572
10 0.037964200524744
10 0.018182825482477
10 1000000000000000019884624838656.000000000000000
10 0.035257856862598
10 0.040339091368026
10 0.038502217431253
10 0.043592492238911
10 0.034993918001862
10 0.032661926886534
10 0.065953047334881
10 0.051178524852890
10 0.054548663249673
10 0.031164519773094
10 0.021685044060519
10 0.030616098976394
10 0.051829625514006
10 0.046604102745669
10 0.042897605917824
10 0.047839585952932
10 0.038703375933974
10 0.036852888877597
10 0.024359437243612
10 0.048065035272683
10 0.069654737881922
10 0.048734086427511
10 0.026075039658162
10 0.058407551536494
10 0.045007124187284
10 0.026666290512461
10 0.063285159983762
10 0.039511621056316
10 0.052506607855126
10 0.020082474252701
10 0.049134446619600
10 0.045207454011210
10 0.050018901810380
10 0.046699212594561
10 0.040089510826430
10 0.032223774244755
10 0.037624291066986
10 0.027691821337693
10 0.034499912259127
10 0.012849438461753
10 0.050318371924673
10 0.038269340440808
10 0.032427619613942
10 0.062168205471317
10 0.043803704284200
10 0.061558832292663
10 0.036981720554574
10 0.029315768341832
10 0.031035863563005
10 0.030074879680225
10 0.038976312056334
10 0.035430782170289
10 0.029064426747776
10 0.055668607833146
10 0.067816145383711
10 0.038800293485800
10 0.056067855824945
10 0.040626243299871
10 0.053226808588294
10 0.033107757404179
10 0.064741832467772
10 0.022992521170613
10 0.026070689392989
10 0.035683190948000
10 0.049765613790550
10 0.044446958956314
10 0.040074787719010
10 0.027401352005937
10 0.027660442177520
10 0.039899781295711
10 0.027301103138884
10 0.042313093261744
10 0.025096108983784
10 0.026126532458421
10 0.030572810223235
10 0.047567995866762
10 0.035185933300039
10 0.031934270561849
10 0.039704285227745
10 0.025852238566083
10 0.023107330905119
10 0.060879887455359
10 0.027325520170226
10 0.062647399908377
10 0.040894944911548
10 0.058652579099599
10 0.045265249593036
10 0.034868034464298
10 0.034012071888111
10 0.019513189665488
10 0.050417205301386
10 0.052247749297479
10 0.053411638042327
10 0.063686319697817
10 0.031592273705484
10 0.038937088581181
10 0.031642463427866
10 0.081746811830006
10 0.064760548239207
10 0.056799375903856
10 0.049787701087140
10 0.062223700877342
10 0.044773367351483
10 0.061649521294411
10 0.067759708582105
10 0.047485235773610
10 0.048016177664966
10 0.045320927280398
10 0.040310095287253
10 0.051725261584937
10 0.047662687662070
10 0.050768620930584
10 0.029826829579220
10 0.056316957665048
10 0.047781601870952
10 0.048423749422811
10 0.031533889732533
10 0.056930570180867
10 0.014750155798359
10 0.064175626697009
10 0.028709615762489
10 0.025730399494026
10 0.054602472987825
10 0.028051382539229
10 0.035411616110982
10 0.028129216612598
10 0.031235933675667
10 0.048428765192352
10 0.037561754756731
10 0.027681533579960
10 0.043454394045419
10 0.026054305487396
10 0.049144471562165
10 0.035747059975177
10 0.034943074928583
10 0.037052263522233
10 0.052741820033677
10 0.041319357326071
10 0.019888337224067
10 0.055946471018429
10 0.043966679138078
10 0.029327171655430
10 0.034694195659462
10 0.025431155566998
10 0.048613969054686
10 0.033949886549921
10 0.032883995290127
10 0.079141394231029
10 0.071514113688318
10 0.023668760321096
10 0.061060723584821
10 0.045587187380713
10 0.037232073553183
10 0.026789488101842
10 0.039911736866513
10 0.040796592130608
10 0.025242036375048
10 0.032358559479441
10 0.085262387065180
10 0.047473485213911
10 0.040920793499581
10 0.048607171555714
10 0.033766968304991
10 0.032853271858799
10 0.044543273506810
10 0.076657676265580
10 0.033842923750046
10 0.047489014452579
10 0.033226555432499
10 0.033997002738973
10 0.039281947696165
10 0.045150260815010
10 0.023723117270550
10 0.030419023515683
10 0.046127185895858
10 0.033871200499795
10 0.028653157840920
10 0.058281251926324
10 0.048580140546465
10 0.037389170266788
10 0.025132202458188
10 0.023456100433588
10 0.033862213483395
10 0.044674788880830
10 0.038701305075935
10 0.046035268755099
10 0.049573753584911
10 0.034508937486028
10 0.047462797610509
10 0.062348754274289
10 0.032966970107723
10 0.032148865369110
10 0.057987026909391
10 0.024687725900256
10 0.030500311631504
10 0.047253603193005
10 0.048374762756421
10 0.034104441572947
10 0.055493695915763
10 0.072209543192560
10 0.038753823850405
10 0.032988016840541
10 0.022856105735824
10 0.038658961610566
10 0.077769461308503
10 0.028461620033611
10 0.040670623789061
10 0.037315148441444
10 0.043108772642038
10 0.044711452783604
10 0.037364780702689
10 0.036887712772137
10 0.026742931940008
10 0.035935441372254
10 0.042972740809900
10 0.039811402303514
10 0.022037905615390
10 0.029748680366112
10 0.048930520610404
10 0.094961290549628
10 0.044939553859169
10 0.056299204242420
10 0.030041774183543
10 0.048153700433063
10 0.022851288435601
10 0.047235490232606
10 0.045018824817002
10 0.030916492032042
10 0.032141824333604
10 0.054510361541356
10 0.050217283927352
10 0.044123481826494
10 0.042778448856696
10 0.029952999377048
10 0.050709647421177
10 0.050261909498160
10 0.081516665852073
10 0.032858060749302
10 0.028023524345206
10 0.039383120854788
10 0.034978327770054
10 0.033552202220140
10 0.054733286016225
10 0.045355020225671
10 0.046278983130190
10 0.047356681756330
10 0.044384394376853
10 0.051328525912949
10 0.019126466550714
10 0.045531280779883
10 0.021567149127462
10 0.058025652562002
10 0.044879798561206
10 0.042060996555704
10 0.071276785736072
10 0.051828270127808
10 0.025767753363990
10 0.033790570451582
10 0.046090588637417
10 0.048495994389740
10 0.057738065982504
10 0.041539617164473
10 0.056028302550375
10 0.053913184586710
10 0.027958877626607
10 0.038971537549950
10 0.056546583230109
10 0.030043490993642
10 0.044343661386722
10 0.020831461722633
10 0.038917450849209
10 0.053079656793688
10 0.034315032345203
10 0.065051443879355
10 0.037185007236948
10 0.036558841506880
10 0.040996452150222
10 0.059530715332857
10 0.039346487203544
10 0.040651134280853
10 0.044062494731021
10 0.035450517850227
10 0.032468319546417
10 0.053882872883937
10 0.063525293867222
10 0.047029715061499
10 0.031780866489302
10 0.037654892308997
10 0.030763226960540
10 0.022135040608940
10 0.028022226969181
10 0.056979178206995
10 0.054657562343227
10 0.059888988183683
10 0.061551249050473
10 0.023506635505024
10 0.053502761975882
10 0.036652245107601
10 0.041520611308238
10 0.053597660227636
10 0.055486303106452
10 0.039299307934986
10 0.043798810674619
10 0.040470875330619
10 0.063620311538759
10 0.056970945448411
10 0.036065230234140
10 0.027754404585854
10 0.041179380464001
10 0.032241164299674
10 0.058648468695794
10 0.037269859293677
16 0.209279559543166
16 0.300565885927365
16 0.173499602161129
16 0.291151968876304
16 0.267372302484638
16 0.269563663322433
16 0.225440467472043
16 0.141592572968943
16 0.226011619654816
16 0.293821409884654
16 0.254216346124463
16 0.216974909703562
16 0.160727545835617
16 0.194611274917941
16 0.237246735637878
16 0.283076878617645
16 0.238529829806291
16 0.109762318662582
16 0.229760448665948
16 0.293231461336696
16 0.158971545365586
16 0.194690513895365
16 0.392636337862140
16 0.171149763931388
16 0.160593035852542
16 0.214053624714629
16 0.221967430205062
16 0.214586474455605
16 0.213434719601029
16 0.277994501616264
16 0.280555730924206
16 0.323621776982617
16 0.112992716034636
16 0.188750941510423
16 0.235331657371710
16 0.153351943919914
16 0.131049714971684
16 0.318429759739722
16 0.222161578599726
16 0.316489051145484
16 0.299505213564846
16 0.096204596740188
16 0.266689116561650
16 0.378965913492841
16 0.159355202719536
16 0.160604519605253
16 0.184464124703530
16 0.200999618520238
16 0.191927874319547
16 0.302878784211108
16 0.279539456576563
16 0.121570318775612
16 0.136643951232156
16 0.306398422291974
16 0.382826367198519
16 0.436123968481234
16 0.244982724596025
16 0.206626798816544
16 0.190822968280044
16 0.196198039531917
16 0.223212480061497
16 0.306670874564571
16 0.241742487964592
16 0.186254138890262
16 0.182856290599480
16 0.340279096062630
16 0.161664788620149
16 0.257616192041739
16 0.220686365057237
16 0.292110877652675
16 0.142288079258281
16 0.223130759128716
16 0.142352577515227
16 0.349115437564349
16 0.225715074802480
16 0.131728381715638
16 0.213570436448235
16 0.345549719842984
16 0.194653259801850
16 0.208717667511247
16 0.205050448429322
16 0.117072229734389
16 0.301305431986227
16 0.351575379143974
16 0.170439534983044
16 0.172139794871965
16 0.142543369900141
16 0.195725892835592
16 0.178353211544223
16 0.227460113890345
16 0.521574368988802
16 0.199213309036739
16 0.330630747048798
16 0.191960153529810
16 0.232328106224764
16 0.267195297319670
16 0.303977328010501
16 0.137312320869301
16 0.242931275051005
16 0.303716322562836
16 0.160010777954190
16 0.298976839933606
16 0.373704006945338
16 0.179898220310495
16 0.175919397851522
16 0.206885092002369
16 0.177514696008168
16 0.160629287484887
16 0.188160465749815
16 0.164548199930622
16 0.227004527321530
16 0.293055950753532
16 0.313351424777567
16 0.270312956717094
16 0.355639269654614
16 0.155487315457083
16 0.245888312283618
16 0.219162882667685
16 0.189015968937320
16 0.242408374755925
16 0.203400299223484
16 0.178826297715379
16 0.204427834412538
16 0.111560054144872
16 0.243450430336602
16 0.170951969785839
16 0.174890311611097
16 0.359145276738913
16 0.260866617265415
16 0.294455007684941
16 0.248170233102954
16 0.340187038936058
16 0.206029543909184
16 0.270974189883950
16 0.232404923634323
16 0.201146775142924
16 0.148172990141449
16 0.207129204618186
16 0.255711181934100
16 0.169497717292167
16 0.188566331972485
16 0.404545149676555
16 0.312897217901345
16 0.336685532094614
16 0.309013259240805
16 0.192986112559058
16 0.166409056537152
16 0.199714025802260
16 0.133092426728854
16 0.704989214322981
16 0.260184917461911
16 0.190247043723999
16 0.273614782807474
16 0.257157654712998
16 0.365689349643757
16 0.310872610277278
16 0.388890262212042
16 0.245979632096451
16 0.141618715745647
16 0.157188229554753
16 0.148756098391745
16 0.152353193489806
16 0.279805099157252
16 0.210736821076082
16 0.095194739369139
16 0.278112189462761
16 0.144412119064473
16 0.244946550737155
16 0.116636023832569
16 0.134663026756041
16 0.262325339791176
16 0.207924935424962
16 0.288370854883288
16 0.267479873350851
16 0.225712170251143
16 0.230790063613802
16 0.282896403557001
16 0.138798458431040
16 0.217033851470202
16 0.198054781161819
16 0.244673678918564
16 0.169121885330659
16 0.285842282738699
16 0.308051743907928
16 0.378780822912957
16 0.163719387292887
16 0.120782292448088
16 0.267188845781309
16 0.180556604260304
16 0.161378626988415
16 0.235711928110951
16 0.289143767404886
16 0.269527821067599
16 0.211674175694702
16 0.277206910149274
16 0.258210220825246
16 0.275946498607721
16 0.174893718755137
16 0.148963619656304
16 0.250892119001652
16 0.160096315783168
16 0.104426416244506
16 0.150166246073093
16 0.147652381057379
16 0.178073656919755
16 0.306315390710920
16 0.287456768359482
16 0.244578267841415
16 0.183152835060108
16 0.331561935471398
16 0.132385345850733
16 0.211678719449977
16 0.245769496590509
16 0.145723959448262
16 0.242246689132621
16 0.219599410385356
16 0.392993039509993
16 0.248916606963349
16 0.201260291297570
16 0.260901284881212
16 0.334785192426862
16 0.254169826068725
16 0.249565787530933
16 0.159358689619869
16 0.277945246206967
16 0.156750069256945
16 0.325428906827412
16 0.183508105093828
16 0.236594463664072
16 0.240773356893785
16 0.240388806158823
16 0.277723135337942
16 0.228636102989320
16 0.178466211674536
16 0.217818212366026
16 0.339853434001228
16 0.173221641747683
16 0.194945569961302
16 0.241719280500665
16 0.326433805121876
16 0.259262492463632
16 0.165591894667302
16 0.267704503055100
16 0.208579516371357
16 0.317041848454789
16 0.186177546667904
16 0.171255644519626
16 0.375668728619436
16 0.203881128634231
16 0.205300080963728
16 0.337597385461393
16 0.388889966325351
16 0.323357998012181
16 0.164601297565799
16 0.173951637645913
16 0.155381934312474
16 0.189697685789580
16 0.346683727023301
16 0.389101385780440
16 0.268072200735290
16 0.122806631233187
16 0.234554947397691
16 0.208806592708414
16 0.108435153154068
16 0.267829547305433
16 0.216158689314388
16 0.289954990170277
16 0.347893862842181
16 0.236859448904644
16 0.211181941455791
16 0.186850570528122
16 0.241714883583705
16 0.195230137969800
16 0.236932925928296
16 0.230539426330234
16 0.228394650326741
16 0.245493637561204
16 0.165390003557483
16 0.232456873787016
16 0.272212990645892
16 0.231977265114634
16 0.243786175674029
16 0.259078261092808
16 0.202221353527079
16 0.189186451783821
16 0.137158089671533
16 0.267239658704471
16 0.197252777710315
16 0.227679251755369
16 0.161909972914396
16 0.154652364922471
16 0.312070597259434
16 0.275854298415415
16 0.139341820022747
16 0.272031356113992
16 0.192203580053566
16 0.186139621914185
16 0.170271819927359
16 0.208713389402745
16 0.145833729734052
16 0.456412475365765
16 0.205106317740039
16 0.148787445305739
16 0.245594201273327
16 0.244553272240322
16 0.120254327467332
16 0.266876479737570
16 0.175808186808594
16 0.169571456201254
16 0.180370999655556
16 0.201575594470648
16 0.219216793136340
16 0.185868885513893
16 0.119688694339793
16 0.249413836894800
16 0.216134978510882
16 0.129706829761923
16 0.347770756251164
16 0.296930043089256
16 0.227056033339193
16 0.200828244767833
16 0.240543006128571
16 0.252102927088117
16 0.276892019761265
16 0.158310773585723
16 0.168472637179682
16 0.256645446349629
16 0.172897328858306
16 0.100842746276014
16 0.194687430776782
16 0.219892661952332
16 0.216411343522479
16 0.174801580603047
16 0.160389390858739
16 0.270398722805022
16 0.235535096243251
16 0.287926224997348
16 0.333394451286033
16 0.215606827784353
16 0.191242091952666
16 0.546335705020152
16 0.183113596523144
16 0.137871868207958
16 0.136540422413030
16 0.280449447529710
16 0.147348412200646
16 0.200770760760602
16 0.141757794789161
16 0.341055825601658
16 0.183336072600543
16 0.135489884713688
16 0.250753360157029
16 0.175252382850518
16 0.267363342113949
16 0.272319002021450
16 0.187588043701163
16 0.220982154107420
16 0.180554976708899
16 0.097085016228815
16 0.375424104328800
16 0.259498527189510
16 0.120361338614209
16 0.210986033241305
16 0.167637268148247
16 0.400424128891896
16 0.372768015089219
16 0.231492734535578
16 0.145152406809801
16 0.352278170481467
16 0.308612851012692
16 0.146417822275757
16 0.277856268351312
16 0.299807461095544
16 0.253133292324087
16 0.324646152076203
16 0.242859125699046
16 0.422171059772269
16 0.228526343405314
16 0.123634067800928
16 0.143530731695433
16 0.171439302521743
16 0.172494930110206
16 0.301587684701556
16 0.385679050770862
16 0.208534133191081
16 0.155061992413717
16 0.184371008114512
16 0.214121650864437
16 0.243054803385739
16 0.180752056863315
16 0.269552488108224
16 0.362004544216201
16 0.261933684522229
16 0.234645284762939
16 0.340886363985224
16 0.268167953489177
16 0.155748597841442
16 0.347392286350175
16 0.140922416551338
16 0.279161952682023
16 0.099133186860980
16 0.125073561188723
16 0.136627455682516
16 0.155322785155164
16 0.184551433400026
16 0.157916298097073
16 0.311721305278628
16 0.244342615475001
16 0.186567772108496
16 0.312999735110597
16 0.283862219928664
16 0.212709832205517
16 0.170667715934149
16 0.180966300214502
16 0.383757996191058
16 0.188922217078409
16 0.209328067239735
16 0.200826663254352
16 0.231536317051356
16 0.215566954401667
16 0.208665466023321
16 0.140019626782586
16 0.200296796276604
16 0.355071666756728
16 0.164386155969614
16 0.312357166125582
16 0.192697185124964
16 0.202999683135744
16 0.186377719640574
16 0.230422208441524
16 0.213847476677818
16 0.178819597493932
16 0.257436209851139
16 0.140228939004205
16 0.174500685270084
16 0.219410933129164
16 0.221487127114762
16 0.116126098488156
16 0.157235396964755
16 0.215992724738146
16 0.146768414908694
16 0.139144421469484
16 0.208885432158176
16 0.289580507790181
16 0.321751579471379
16 0.209884212154078
16 0.223178976402935
16 0.336241759196031
16 0.160440060018151
16 0.217699756634010
16 0.128179136029687
16 0.151343191532983
16 0.131525396122135
16 0.293971616291795
16 0.166557062419485
16 0.176401018722853
16 0.327722262676873
16 0.126063830787168
16 0.141235881030941
16 0.170010260036626
16 0.217166553735784
16 0.128895224883367
16 0.168012033482763
16 0.170740586222449
16 0.155000150546363
16 0.220085721182249
16 0.106255384427452
16 0.314304110161418
16 0.189219389589653
16 0.177367962926573
16 0.151727143864052
16 0.175299864904723
16 0.191270117839496
16 0.227122795121653
16 0.187013047572410
16 0.274912938251103
16 0.247474535451904
16 0.379689671245372
16 0.272526231245624
16 0.181763468565758
16 0.167628462421609
16 0.175325809062330
16 0.215687661083638
16 0.312966461122156
16 0.223052972960594
16 0.143764979504725
16 0.399856370404368
16 0.275726431591981
16 0.319094893309450
16 0.319763904829932
16 0.239050675918856
16 0.267384271662793
16 0.200542435012756
16 0.264354895261833
16 0.200374851139303
16 0.185609846553758
16 0.147619263593406
16 0.257000253708522
16 0.364443896771938
16 0.131817538953195
22 0.835361631753146
22 0.672431677280602
22 0.618314191382312
22 0.866021067683164
22 0.364693708056308
22 0.995816051942104
22 0.769188711017193
22 0.416514964522652
22 0.558701104399089
22 0.801423582047743
22 0.554986850606583
22 0.950943636079251
22 1.142281963654317
22 1.075068029390387
22 0.624346121375090
22 0.457402757786210
22 0.629350488478116
22 1.526944584204217
22 0.627788680977817
22 0.599005070461330
22 0.770462039312189
22 0.722168623928503
22 0.711219768981097
22 1.387433137832081
22 0.569384134538716
22 0.673990133359095
22 1.196503307309801
22 0.523495156279926
22 0.812728826521522
22 0.898978433133360
22 0.455650738064070
22 0.684873193867532
22 0.301936202619395
22 0.912056737149847
22 0.443062223403694
22 0.469601391042654
22 0.770313644260693
22 0.660255265740099
22 0.456973194937790
22 0.672951226322811
22 0.938448734114494
22 0.500036085159908
22 0.606231811375370
22 0.739251610341776
22 0.577405760946821
22 0.721591731835445
22 0.385627837340887
22 0.689011966894564
22 0.564834645712861
22 0.750047895706151
22 1.106001548597869
22 0.316466364389195
22 0.350495724195455
22 0.879981007453832
22 0.857970850016080
22 0.745712475349285
22 0.674329803877792
22 0.497168163351058
22 0.718401968311531
22 0.350273002133374
22 0.463708466017389
22 0.607857295166416
22 0.721755491436286
22 0.830109386890166
22 1.050246724860287
22 0.608714260070832
22 0.340881216956841
22 0.721781920134314
22 0.766336720652057
22 0.715850928495133
22 0.423488489395247
22 1.029045828340730
22 0.619429709330156
22 0.540218019628742
22 0.359830905958146
22 0.698100078096597
22 0.658152156141753
22 0.559867886585285
22 0.652076458847946
22 0.695753894355803
22 0.825780676985752
22 0.676331946617703
22 0.509160016838233
22 0.396258717904519
22 0.704592403932749
22 0.779387454042142
22 0.567578020526742
22 0.596769300052823
22 0.490876714506938
22 0.605477293355308
22 0.630272014355143
22 0.572789063309044
22 0.351623814040691
22 0.478740050463102
22 0.771422701100183
22 0.490168213705354
22 1.311977993321114
22 0.415658017498336
22 0.642106785604663
22 1.218136842068386
22 0.847503316511811
22 1.168617991856062
22 0.501682839653737
22 0.528726985691147
22 0.624042197688315
22 0.929530527639232
22 0.391414461160092
22 0.731954751716946
22 0.576443857909718
22 0.425973831040692
22 0.407954214724178
22 0.957650000995754
22 0.698101582396279
22 0.660940664883420
22 0.356372568750968
22 0.445969433206834
22 0.793638427090949
22 0.686778437362389
22 0.817359253907935
22 0.672460138849843
22 1.513031959691926
22 0.649035972643846
22 0.375514409117521
22 0.959781837136510
22 0.377213016202283
22 0.623114667312096
22 0.568272680116295
22 0.548727806608384
22 0.763395838280239
22 0.901011180306355
22 0.515555910539663
22 0.341689024627376
22 0.537702370359426
22 0.570995502625360
22 0.529964118953650
22 0.685046908838827
22 0.538060812168158
22 0.611414480709531
22 1.194298849280892
22 0.460838248065575
22 0.623838803506077
22 0.474978523971510
22 0.892511151707619
22 1.425861416710013
22 0.552164242015856
22 0.371726295806699
22 0.857270935677272
22 0.625251038982169
22 0.553540174223935
22 0.542294336058303
22 0.836676954458682
22 0.425250292540246
22 0.586272685496804
22 1.151322924501832
22 0.475501338879498
22 0.699758956162569
22 0.879752485865276
22 0.541112446325481
22 1.188749974238487
22 0.317280023595140
22 0.546818606721221
22 0.403612060523148
22 0.384316105284602
22 0.423244253361109
22 0.561619877873166
22 0.422854814592327
22 0.406398926590412
22 1.152542803736742
22 0.861203926565742
22 0.532368931620027
22 0.632900985191966
22 0.879404614912035
22 0.462598475275439
22 0.420272485902708
22 0.780453951515205
22 0.686040637790595
22 0.531674119130455
22 0.561732224222763
22 0.416258334370422
22 0.427895228176435
22 0.547748781585626
22 0.725266255897783
22 1.279192180083523
22 0.396814517548729
22 0.653329755673698
22 0.934511609802150
22 0.452839247159808
22 0.534275271046809
22 0.647560829078428
22 0.671649451155017
22 0.601416130159293
22 0.869703449132049
22 0.804554839728730
22 0.846037563814166
22 0.973119103411556
22 0.320429024447941
22 0.663060813982635
22 0.857834407800673
22 0.600592341777385
22 0.591424735010368
22 0.337712035881930
22 0.752494001696300
22 1.488302365198156
22 0.642137832269077
22 0.518641039412907
22 0.538123604523013
22 0.594982973414972
22 0.846833300837872
22 0.502798833439541
22 0.940245030343901
22 0.381041060040500
22 0.618999912577981
22 0.959751934120331
22 0.419609775909792
22 0.572482178091587
22 0.728875345983155
22 0.749935935186007
22 0.705880783931125
22 0.440284594001706
22 0.469288072596565
22 1.080843851970497
22 0.391338878538146
22 0.403570696296947
22 0.727168288303501
22 0.709303579793169
22 0.573627742225251
22 0.651792575547470
22 1.704240444809550
22 0.688646975170406
22 0.501372305541318
22 0.546898459625523
22 0.431944209310540
22 0.388046772020236
22 0.858551280486576
22 0.383618702525156
22 1.463554834212399
22 0.323989645834786
22 0.439528350522890
22 0.866563041373857
22 0.749411471609924
22 0.485660368690317
22 0.326412395714007
22 0.692064251806184
22 0.393226371831989
22 1.041660983524166
22 0.630580340059625
22 0.367246651025971
22 0.720779848371548
22 0.386478104664974
22 1.337716039201151
22 0.365536028697318
22 0.416771766537982
22 0.550218441357727
22 0.539017556153022
22 0.631522516288038
22 0.405684297627008
22 0.813115769544482
22 1.027790672127447
22 0.631508184461763
22 0.753330671347216
22 0.777781285950043
22 0.508653225673722
22 0.500330900087595
22 0.552967663466046
22 0.887791230147820
22 1.204237896283744
22 0.741322480194418
22 0.503680236028590
22 0.463638171634879
22 0.836865683638597
22 0.345955472568176
22 0.650926057169715
22 0.544507468358033
22 0.687628905911447
22 0.570791216990102
22 0.735915646917380
22 0.905460154475664
22 0.504445157511084
22 0.712756866482832
22 0.514709927930623
22 0.642815491671906
22 0.473022663186298
22 0.729766487155066
22 0.457916742916803
22 0.537836791787460
22 0.767569486873128
22 0.830777712575709
22 0.809198608364964
22 0.677985767826717
22 0.510024645687196
22 1.104910438593685
22 0.967477819198324
22 0.632447942762279
22 0.630778413461875
22 0.436540338877227
22 0.476866229599961
22 0.864203612944664
22 0.545963603419977
22 0.737792061618934
22 0.781024806751989
22 0.508899249742408
22 0.524937603425221
22 0.500447890263349
22 0.611004079142907
22 0.588562455246501
22 0.925803871590573
22 0.961694757129854
22 0.502052173590772
22 0.461972976207809
22 0.673722278624920
22 0.516668741668449
22 0.656003395156088
22 0.571953513960323
22 0.465330714088712
22 0.750172946884874
22 0.630282372427326
22 0.477620497774062
22 0.741568663444347
22 0.544793259286398
22 0.627420439118722
22 0.497368640403801
22 0.824211036704900
22 0.454694321972892
22 1.160893144582305
22 0.678828253444725
22 0.480031958902654
22 0.548312146677115
22 0.580163727702420
22 0.866867336160241
22 0.947531716438820
22 0.412352222904872
22 0.431489145639615
22 0.648502212307447
22 0.603253472039470
22 0.944496265581981
22 0.606023741665507
22 0.603847266841381
22 0.841476706198009
22 0.452610145213131
22 1.122824441298000
22 0.575341238622155
22 0.457227751790277
22 0.437048139403061
22 0.553562763062640
22 1.028383861499245
22 1.253491966557095
22 0.708133698046600
22 0.397910893823697
22 0.564116931368601
22 0.587940236513032
22 1.012658866360817
22 0.409194189811894
22 0.477856595031665
22 1.046937354994298
22 0.486832866437336
22 0.502182246468795
22 1.174491896950259
22 1.238444276676507
22 0.668775526979658
22 1.095601164552516
22 0.736436583808612
22 1.245300376910381
22 0.452392380225103
22 0.820648288149529
22 0.352552501645934
22 1.410822892438047
22 0.633098827099113
22 0.490320894627053
22 0.433535279373374
22 0.401005221740926
22 0.382672459209155
22 0.351925909808048
22 0.561880333586589
22 0.770090318724086
22 1.070776631530943
22 0.667619085612976
22 0.950547882046436
22 0.719991039403773
22 0.796538098927704
22 0.367856153130054
22 0.692318020957713
22 0.556546007482020
22 0.400654028132301
22 0.604214499665828
22 0.591951045453680
22 0.699035439916317
22 0.513836267828188
22 0.934713086482574
22 0.480069136853203
22 0.756377288220425
22 0.942648890369044
22 0.764215130122224
22 0.684967025574681
22 0.374788967600785
22 0.597187936194198
22 0.552854339548771
22 1.009302701137107
22 1.192649297578275
22 0.960144423800621
22 0.566779618978905
22 0.719339063461282
22 0.381392919396011
22 0.750182950217243
22 0.497083150236173
22 0.437549870145397
22 0.844763950214953
22 0.530742907501417
22 0.685075994810796
22 0.346200626948280
22 0.509235899581314
22 0.874314898869922
22 0.624957912362817
22 0.560135301061794
22 0.607779771098421
22 0.832110626670843
22 0.433106251057925
22 1.013304418727020
22 0.481731278953617
22 0.543609814150774
22 0.653524879659427
22 0.369288820895965
22 0.506500383427546
22 1.120334776819640
22 1.164772052878310
22 0.780966926072206
22 0.525647747649779
22 0.462306699745839
22 0.457529678763189
22 0.407093188137333
22 0.511001590157435
22 0.695027492735023
22 0.579179174120926
22 0.345366806783934
22 0.656350165019464
22 0.516414884874260
22 0.552549823695352
22 0.432520625451843
22 0.557814813815984
22 0.490983516712494
22 0.637359554522420
22 0.537997261683340
22 0.913343447964353
22 0.574836503505922
22 0.685819625105823
22 0.640518615911160
22 0.638405779536107
22 1.292308480024055
22 0.432854483290949
22 0.788451664885589
22 0.827236910197700
22 0.414690956344837
22 0.760881002469804
22 0.476591717377942
22 0.763044785598223
22 0.449305415931994
22 0.652782571751219
22 0.565769063048786
22 0.703156117976970
22 0.894080561184460
22 0.572100920433203
22 0.499112286260588
22 0.601464371437515
22 0.650143966493115
22 0.978025296041404
22 0.601346662678010
22 0.679559349509064
22 0.621565776815843
22 0.431822136502341
22 0.446093372402656
22 0.831056039236056
22 0.935146418008292
22 0.434512038301475
22 0.412662927396833
22 0.530241982093820
22 1.404753738353769
22 0.518924281388928
22 0.702942320056044
22 0.392783051079062
22 0.426129451052512
22 0.770282162655832
22 0.396981221297309
22 0.720387231432677
22 0.438856688352328
22 0.652683461584609
22 0.757984043527870
22 0.756626627478935
22 0.667118473257512
22 0.473718629619025
22 0.493978953258528
22 0.833401330799775
22 0.896836879003706
22 0.305069238724508
22 0.836336602871109
22 0.551683492603910
22 0.512248820112307
22 0.525361299613308
22 0.612560990749299
22 0.573408556989061
22 1.032853260144408
22 0.846044183220853
28 1.826398221119196
28 1.295767814572772
28 1.285030863412278
28 1.421887920153226
28 2.051855977998563
28 1.386963727343170
28 1.407456472698303
28 1.425420402586279
28 1.247372147907307
28 0.806571733899187
28 1.083709775001095
28 0.965752074013419
28 0.916033463234308
28 1.080226775115943
28 0.823357938048274
28 0.739718263677057
28 0.748961328258274
28 2.046536458795422
28 1.070321569429297
28 0.948312174534389
28 0.594865217756932
28 1.389843047062834
28 0.756828925344687
28 1.328336916352258
28 1.859825581856090
28 1.753725403842108
28 1.320347976950548
28 0.967037619243370
28 2.300551897704717
28 1.693661156103427
28 1.894655880008584
28 1.169363470511476
28 1.439019539098996
28 2.562122046895072
28 1.967439534380550
28 0.719633250578918
28 1.452000512643136
28 1.790172611883291
28 1.073225556571837
28 1.451443875343404
28 1.079662048906061
28 2.625149166172545
28 1.333257582934683
28 1.124832861123065
28 1.356186460908999
28 2.515138103514952
28 1.874570587793774
28 0.856454862040020
28 1.110791365737353
28 0.971995973446673
28 1.731236858033829
28 1.194036587222185
28 1.471828424663162
28 1.311067134257119
28 1.490567996984891
28 1.594448178436796
28 1.184028895648106
28 1.090439422259263
28 1.184684208000609
28 1.550884953211885
28 1.843628444121012
28 1.083865582499636
28 1.734541612412652
28 1.568868575299297
28 0.867112984371385
28 1.804763883588804
28 1.793488215552156
28 1.234166642786300
28 0.867053857496554
28 2.611188362185082
28 1.419881436762252
28 1.339931176326599
28 1.296382711134426
28 1.781789066029337
28 2.282010195175336
28 1.912666627414864
28 1.086887505537609
28 1.388660099682880
28 0.996554970608187
28 1.386616778209871
28 1.901212528724903
28 1.676914978531024
28 2.242611264317203
28 1.300351842347071
28 1.894270386406564
28 1.062870727507658
28 1.855169983079842
28 2.411685913006708
28 1.003410378098321
28 2.512685363280090
28 1.576139241729184
28 1.367176182810068
28 0.934629268973228
28 1.632733742472416
28 0.701552672063100
28 2.274565472898535
28 1.801742824503003
28 1.087898103233383
28 1.050557756101864
28 1.084225458883014
28 2.087349069334864
28 1.068011176175627
28 1.092527049176173
28 1.460263465224583
28 1.614421453063642
28 1.799918409245581
28 0.980614275033477
28 1.529147191296345
28 1.435942673162732
28 1.058531814262176
28 2.259422191117761
28 2.304064612946763
28 0.802615982929686
28 1.284881518781622
28 2.236896422040640
28 0.646535117195529
28 1.117399947037184
28 0.697871634261075
28 2.049474182600605
28 2.060735036544762
28 1.345971143367533
28 1.726478053032681
28 1.166319095545345
28 1.234371162117634
28 1.482798723926829
28 1.590999735627171
28 0.916243063444703
28 1.356486291826242
28 0.885744679642095
28 0.847643788679536
28 0.684473510957981
28 0.731908954734863
28 1.685102797139298
28 1.180000548154012
28 1.471497359168524
28 0.851188926440130
28 1.909860777203198
28 1.175377971165092
28 1.268332899027277
28 0.823754984420243
28 1.261560484638353
28 2.928483395084506
28 1.289591414571979
28 1.055762171102535
28 0.878431559776389
28 0.994119296779149
28 0.553830995655639
28 1.239272021017000
28 1.277790746337101
28 1.454928231962711
28 1.240330713578743
28 0.966216068401596
28 1.219246033211379
28 1.694859992141562
28 0.749909597483637
28 1.084450596255809
28 1.450179546766060
28 1.020934225672909
28 1.251487297937143
28 1.099428306898507
28 0.947524617575875
28 0.841315833758667
28 0.995824726881683
28 1.817348999243227
28 1.236930871100031
28 1.012351777345669
28 2.737091663488882
28 0.949593881647979
28 0.744201576135459
28 0.910409773418013
28 2.176698210310773
28 1.014629392202405
28 0.773432189226926
28 1.834237528521970
28 1.137107966753269
28 1.194428173701682
28 0.990270298102499
28 1.044636673555192
28 0.623841879329029
28 1.426031389044343
28 0.960001782826010
28 1.516717288679780
28 1.462765077315670
28 0.812766765676589
28 1.430130459537416
28 1.491346523527721
28 2.083029466995153
28 1.565477678615041
28 1.627180922516521
28 1.117694707936393
28 1.368529764058394
28 1.642219368068877
28 1.772984771782644
28 0.947252746617467
28 0.972148348750907
28 1.591629599168042
28 1.133107682932681
28 2.091483867185118
28 0.935513662766208
28 0.974116670508586
28 0.694752187368829
28 0.676611758756868
28 1.581897589010149
28 1.241945799695629
28 1.616993948658298
28 1.129262987839803
28 1.502486216779769
28 1.367756464667709
28 1.651118486998013
28 2.247904254590832
28 1.384196219956319
28 0.791609408633538
28 0.854301448787927
28 2.753129436004051
28 0.960788424409787
28 0.785387392710480
28 1.078677894152968
28 0.550241655533185
28 2.105688251793445
28 1.390100318341690
28 2.023792929514612
28 1.418155656011375
28 1.458721037035319
28 2.134582920243990
28 1.431015763718015
28 1.178768785980435
28 0.997555757085945
28 0.958069534656146
28 1.453939088151413
28 1.511657226111896
28 1.525379310562691
28 1.571925578576535
28 1.538851479040532
28 1.160549849308602
28 1.477709509884682
28 1.500198703362821
28 2.035047714349277
28 0.941547362760516
28 2.357979128554263
28 0.548641648951850
28 1.497056061205255
28 1.638065072861125
28 1.305697320896594
28 1.815177077404253
28 0.962245926734900
28 1.701820500625630
28 0.979765764125163
28 1.848367534872920
28 2.051957610331323
28 2.282899775054879
28 1.385864220192058
28 0.942699821659357
28 0.915232316767488
28 0.647338544571616
28 1.829597579345896
28 1.347520835101526
28 1.211510291447370
28 0.940515716984353
28 1.535659151213653
28 2.090930417458970
28 1.850037727444706
28 0.817575616146853
28 1.393440411622799
28 1.798546088791897
28 1.400577600653762
28 0.718997186576293
28 2.014833793377584
28 2.115933912890109
28 1.132939148565950
28 0.938712834470765
28 1.163445997983455
28 1.119284569233293
28 0.714316485582672
28 1.033000723685160
28 0.908132875049172
28 0.952181901794896
28 1.687511546425159
28 0.782696826381173
28 1.400498463755704
28 1.734331714825430
28 1.574207703637116
28 0.966821847851384
28 1.479392157977588
28 1.115192098597471
28 1.007646940495942
28 1.591906582933778
28 1.371285722235902
28 1.369317934419180
28 1.043737989453525
28 1.031739758095467
28 1.184466352706599
28 1.352892888130431
28 0.803840799765696
28 1.273138056350887
28 1.764946078788242
28 1.951523402232636
28 1.312821682602287
28 1.016603110826476
28 1.218056780615757
28 1.441955999741543
28 1.242590937146129
28 1.385458723833397
28 1.497612083357555
28 1.170425211454725
28 1.149475289378909
28 1.364388519371696
28 2.487229840744686
28 2.089598580573691
28 1.314535727210786
28 1.172087016963749
28 1.197609021798471
28 1.936718534307766
28 0.854921186338240
28 1.169966844092994
28 1.190080930371216
28 1.112959014430895
28 1.165220402527144
28 1.181776383437719
28 0.997015442410742
28 1.138443939709573
28 1.580351274269975
28 0.735861967371957
28 1.485056441419403
28 1.677630148284267
28 2.206407962475126
28 1.478560653648147
28 0.883069633369369
28 1.822412477102159
28 1.165021090151492
28 0.908959468800712
28 1.233511714931357
28 0.939243774815844
28 1.575897740485899
28 1.100379640519116
28 2.528090708321987
28 1.290774928393514
28 2.590404300939354
28 1.747221258006953
28 1.509764497172543
28 2.269633030313371
28 1.018968258843964
28 1.195540651768378
28 1.154513662748289
28 1.465784462727292
28 1.201249824909357
28 1.182266318960916
28 0.777656031243941
28 1.738348457283287
28 1.381575346931925
28 0.773646620370012
28 0.759040219961981
28 1.773415790905890
28 0.861134576750739
28 1.797929636919308
28 2.666903889377071
28 0.892469966722472
28 1.078666435547808
28 0.978297122554800
28 0.840874709709153
28 1.637739471671689
28 1.277612798256343
28 0.953819264303294
28 1.650043266856070
28 0.891799016955631
28 1.318217541369166
28 1.520914906770326
28 1.227923196819815
28 0.760666199542922
28 0.988661223306132
28 1.886274580149870
28 0.665744840226527
28 1.162914386710789
28 1.698453656583652
28 1.365481337246695
28 1.706276820617649
28 1.185957908407184
28 2.101660588143856
28 1.457840720361983
28 1.715879406569090
28 1.900450065644439
28 1.174018185282177
28 1.535554222451196
28 0.717858011823809
28 0.750215104541723
28 1.723017931656500
28 0.754044606428832
28 0.661245544253364
28 1.453554588685958
28 1.668878799655624
28 1.663267681577129
28 1.846743221201780
28 0.834806459316698
28 1.484754543409871
28 1.345398258779002
28 1.393406826428711
28 1.397720343978881
28 1.048751390130279
28 1.379747556285468
28 0.903522345591886
28 2.140250956784214
28 1.471078694773936
28 1.042272498152172
28 1.202103658864123
28 1.053716712275900
28 1.423708039749294
28 2.054799469248901
28 1.121958596128342
28 1.136855570815506
28 1.079191679455336
28 1.974225697379353
28 0.997633518570810
28 1.151030009479866
28 1.557219477543383
28 2.158591555964238
28 1.936272932581848
28 1.333873519379275
28 1.354202896458313
28 0.921194467860371
28 1.248458652145271
28 1.428230251279150
28 0.853918238875814
28 0.847407377598540
28 1.049305341431029
28 0.902040107749771
28 1.343446226570602
28 1.267637468053575
28 0.958886746026308
28 0.820093624866971
28 1.170889039239769
28 1.774523495773273
28 1.174351398019148
28 0.806794257394753
28 0.908372831055880
28 1.015206778843761
28 1.514286679725313
28 1.199532693777495
28 1.360126135353044
28 2.048971098358101
28 0.938319420632869
28 1.288101305116576
28 1.435459866187500
28 2.926087716238467
28 0.933930695893075
28 1.444596554364722
28 1.952358131335882
28 0.976852813857076
28 1.518930523903045
28 1.521035079803181
28 1.492366180171635
28 0.938793763342633
28 0.846810435225802
28 1.924872242401755
28 1.194068533742771
28 1.630356003606412
28 1.364885208213415
28 1.350851601223769
28 0.872216238764596
28 1.828498917865526
28 1.110148306480652
28 1.014490058143401
28 1.311806918533895
28 0.751029558311459
28 1.415011131726912
28 0.880325486571862
28 1.849301823582119
28 1.224895296568596
28 1.444135355140718
28 1.541039293938040
28 1.693792711383430
28 1.057499686139352
28 1.237711836453173
28 1.473623143589438
28 2.232837451662067
28 0.668334228903288
28 1.349256819525238
28 1.161503713413633
28 1.053070776915761
28 1.523530392685903
28 1.483614144749866
28 0.843878788816687
28 0.809301204514329
28 2.222897124660186
28 0.903132989285146
28 0.984628216338308
28 1.237312674816867
28 2.111501083969182
28 1.592368375814472
28 2.154478389028808
28 1.759019774583874
28 1.553533200260262
28 1.023941118912588
28 1.773569262685239
28 1.054327967422825
28 1.962410478185779
28 2.386993268349674
28 1.402219831692318
28 1.372431444395896
28 1.057738234289733
28 0.712734409190605
28 1.486987152441279
34 2.018526411222766
34 1.204145377898769
34 1.831554965878408
34 2.309011935253977
34 1.504196712326896
34 1.956254425885411
34 3.785277653219002
34 2.038588670240090
34 1.579996822930632
34 2.681439577577016
34 1.439704810462659
34 2.394271485223118
34 2.286884686615843
34 2.837723333363929
34 2.425818335462616
34 1.253349883899066
34 1.139252918947889
34 2.102556916042960
34 1.488449997136525
34 2.287512031829475
34 1.236329801998679
34 3.354698334493691
34 1.182615542996126
34 1.519002726077678
34 1.169942186849277
34 1.538372724078395
34 2.020116909702359
34 1.999644459217416
34 2.300226208819061
34 3.181579902131769
34 1.811201044155538
34 1.822318294059238
34 1.369456874777444
34 2.537316192368925
34 1.312032242831686
34 2.372352968849735
34 2.220425247063074
34 1.381821626778250
34 1.753996233313644
34 1.082640828675627
34 1.527937195813211
34 1.642933430734757
34 3.538760037961034
34 1.682058249099967
34 1.217988289195650
34 1.855065891273140
34 1.876416697219833
34 3.103908078268837
34 2.151374420872749
34 1.789103507606341
34 2.018526411222766
34 1.204145377898769
34 1.831554965878408
34 2.309011935253977
34 1.504196712326896
34 1.956254425885411
34 3.785277653219002
34 2.038588670240090
34 1.579996822930632
34 2.681439577577016
34 1.439704810462659
34 2.394271485223118
34 2.286884686615843
34 2.837723333363929
34 2.425818335462616
34 1.253349883899066
34 1.139252918947889
34 2.102556916042960
34 1.488449997136525
34 2.287512031829475
34 1.236329801998679
34 3.354698334493691
34 1.182615542996126
34 1.519002726077678
34 1.169942186849277
34 1.538372724078395
34 2.020116909702359
34 1.999644459217416
34 2.300226208819061
34 3.181579902131769
34 1.811201044155538
34 1.822318294059238
34 1.369456874777444
34 2.537316192368925
34 1.312032242831686
34 2.372352968849735
34 2.220425247063074
34 1.381821626778250
34 1.753996233313644
34 1.082640828675627
34 1.527937195813211
34 1.642933430734757
34 3.538760037961034
34 1.682058249099967
34 1.217988289195650
34 1.855065891273140
34 1.876416697219833
34 3.103908078268837
34 2.151374420872749
34 1.789103507606341
34 2.349325083243126
34 1.495977922122741
34 2.024566817409603
34 2.696126382690085
34 1.680482235406501
34 0.918321854166982
34 0.792823533414892
34 1.804715592616822
34 1.386112137264376
34 1.952968845265105
34 2.165297388924952
34 1.166041039967673
34 1.263247350285530
34 1.016792889588958
34 1.302854358919639
34 1.937622557732309
34 1.016533604546251
34 1.534708783356456
34 2.839046929810618
34 1.182160991568760
34 1.225655852359123
34 1.057143074357241
34 2.316150308275202
34 2.443913365703685
34 1.919935284754168
34 1.848792207780463
34 2.418979169488980
34 1.181085073525509
34 1.376883708794868
34 1.696477296134840
34 2.937870793621918
34 2.126627083317963
34 1.894308586113976
34 1.607021751507971
34 2.362874545238114
34 2.137354320578937
34 1.700489089824979
34 2.174749687457012
34 1.521314653151458
34 2.169343750103533
34 1.666708071636367
34 1.455736059406305
34 1.247243403967423
34 1.546095327947344
34 0.975037918479648
34 0.923557383826725
34 1.436834990985010
34 1.743092522558736
34 1.719834935482891
34 1.286427971624757
34 2.077378090689336
34 1.572963565829760
34 1.667342976988373
34 1.210119540332588
34 1.745614936336239
34 1.505178502382508
34 1.210257990146600
34 1.727777114187113
34 1.117335975959440
34 1.047443816275290
34 2.570747820261617
34 2.255623786478321
34 2.256016140918371
34 1.962378001573708
34 3.077400973782685
34 1.659929908335475
34 2.008119497745775
34 3.536220774911519
34 1.675686689519359
34 3.066837580699459
34 2.747724150094951
34 1.952407438271364
34 1.927033862250396
34 1.518950001358631
34 2.405939799547068
34 2.505992752993013
34 1.784760672764050
34 2.476576326780163
34 2.233730463362521
34 0.788489301100088
34 1.506336136240567
34 1.104462731733395
34 3.666968963066206
34 1.510426689091823
34 1.971279219694180
34 1.321641592116402
34 1.211730863507450
34 1.877218207299183
34 1.949117790440110
34 1.633897035205088
34 1.036321981524402
34 2.574590838511909
34 1.470731110992153
34 3.395305461726161
34 1.402512059256158
34 2.072314570770383
34 1.009003012312904
34 1.581460520412622
34 2.298690878216073
34 1.297835657808451
34 1.660022865692533
34 1.313225706350997
34 2.382310384557211
34 1.080805667129574
34 2.808141773660681
34 2.127718871071653
34 2.065824268491081
34 1.344648392610921
34 2.664020352744135
34 1.494749627875771
34 1.893555693185577
34 2.137674757214366
34 1.667533649024086
34 1.743343750261238
34 1.150712549383596
34 1.078479453341155
34 2.059893285142961
34 1.648098754930690
34 2.601763718773192
34 1.722698616708399
34 1.497193793315564
34 3.215415210957730
34 2.917761904889852
34 2.603363851096912
34 2.005641515191057
34 1.185353792128325
34 1.819112604062781
34 1.244387445062270
34 2.651562487971601
34 2.305482308277371
34 1.531288678726910
34 2.785333515503713
34 1.891205907712187
34 1.467646531705992
34 0.752312553770567
34 1.304874414368844
34 1.615421152428675
34 1.644647825447505
34 1.606714916260915
34 2.069626046772988
34 1.482108424854991
34 1.996719976348915
34 2.308934014119776
34 2.010295644805131
34 2.246005456917539
34 1.706815160018025
34 1.649430829203878
34 2.293028613298900
34 1.928370637200060
34 2.744364963031519
34 1.440579844564140
34 1.412571897816271
34 1.255564922486486
34 2.857699242922863
34 1.505311727578226
34 1.063035092980392
34 1.606235846421614
34 1.239940330717280
34 1.489230745507427
34 4.019860151836920
34 0.887176955766118
34 2.546138975515447
34 0.928389856314316
34 0.953629813994232
34 0.929284183880464
34 3.250856393462662
34 2.184708045851341
34 1.380609032155524
34 1.538548302841855
34 2.257646289516311
34 1.983412351334220
34 1.633532162541985
34 1.163744092866608
34 1.323364583445629
34 1.583724625270069
34 1.822523465737550
34 2.336850101336515
34 1.603554229145949
34 2.981423512565740
34 1.603852663296540
34 1.726953108307940
34 1.658537165316619
34 1.048391649593296
34 1.485369023523307
34 2.017563905504410
34 1.657787726499741
34 1.904024637939742
34 1.250881361268916
34 1.973380420932910
34 2.097968445600523
34 1.721527522484172
34 2.231509703703900
34 3.595860509174712
34 1.505891294809401
34 1.416829152268599
34 1.528091768391210
34 1.407721248190470
34 2.061201532756969
34 2.253143227732244
34 2.011967306794054
34 1.680168088714423
34 1.465438293054071
34 4.128329764392136
34 2.079006909515190
34 2.111137080629457
34 1.671523554928058
34 2.027075339643190
34 1.661866471970314
34 2.146819113437139
34 1.092950690255493
34 2.129908064452910
34 1.342201495603929
34 1.466549898599009
34 1.611930335078122
34 1.667969132746161
34 2.207895667856196
34 1.697216727204065
34 1.758242312600079
34 1.837226555607147
34 1.102965238493448
34 1.558410213748827
34 2.266245830315136
34 1.386822823110786
34 1.359913656896023
34 2.831110005260519
34 1.595374193505644
34 2.300593493045669
34 2.071796461145813
34 2.103362097208297
34 1.019411932200466
34 2.588648025183687
34 1.485873647312768
34 1.403601992217760
34 1.302662810624003
34 1.399643000821794
34 2.198596473836401
34 1.509007246570492
34 0.951696154717327
34 1.450811825386867
34 1.747871343855547
34 1.719594061068359
34 1.388400191928172
34 1.588095753681674
34 2.313569618729399
34 1.030918997622065
34 1.974865153164055
34 1.427639945715761
34 2.892400742454729
34 1.526584739164450
34 1.720870711009265
34 1.496767091042927
34 1.139985147474455
34 1.402214094152140
34 1.586377331897497
34 1.271113895383574
34 1.245359317096611
34 2.727886368503070
34 2.860713184707968
34 1.287781569775126
34 1.936380229271596
34 1.638675431183990
34 2.462967998535331
34 2.593590677407757
34 2.519158884678085
34 2.470635707409394
34 1.717565671397934
34 1.183145372181916
34 1.825608168014457
34 1.452891445434824
34 1.957451478528738
34 1.508668177060000
34 0.908298509972139
34 1.732696216115684
34 1.272263895971365
34 1.155414210758143
34 1.501961025566527
34 2.042387540752542
34 2.667847604973978
34 1.807508347296269
34 2.441864172936412
34 1.752361383247086
34 2.346941709486434
34 2.600651635371197
34 1.921440363223022
34 2.640443527293080
34 1.982370104475586
34 3.189976818829777
34 1.559506523824452
34 1.323731947619291
34 2.572894457113380
34 2.069371716763682
34 2.207682189562441
34 1.797648658111907
34 2.056393258305345
34 1.822852693743037
34 1.489010665335486
34 3.535887423250877
34 1.311924731211472
34 3.309129065901249
34 2.300794799192348
34 1.843749371317429
34 1.805669594806446
34 1.527274151480477
34 3.313602729691894
34 1.173286248056695
34 2.126481066665270
34 1.663021636861904
34 1.904211844210439
34 2.412128277560786
34 1.570865624184047
34 1.092010220199361
34 1.604520192233890
34 2.535973257707479
34 1.222557944163240
34 1.182161279245430
34 2.072256678383982
34 1.438996152315195
34 1.944350551875543
34 1.682042689302360
34 1.200933799937032
34 1.599706516194987
34 2.070607313641582
34 1.728886957570666
34 2.324754426400020
34 1.967901126963725
34 3.038382075314368
34 2.205979456290042
34 1.919733900612166
34 1.244845695721664
34 2.661098616384690
34 0.972938044624213
34 2.459226076218951
34 1.224809566543089
34 2.136330297324820
34 2.841800537423600
34 2.210930862329453
34 2.097641748752237
34 2.193034534804124
34 1.715926993985652
34 1.913465220560041
34 1.597472379857265
34 2.881587854308576
34 1.684448758490737
34 2.015650519782231
34 1.811048997207693
34 2.336780688746633
34 1.416882909736284
34 1.543460185694113
34 2.053830085542412
34 2.641497100870116
34 1.697043941613485
34 2.115399510581816
34 2.554284396148216
34 2.603912839202353
34 1.531117019705651
34 1.724911879795822
34 2.838855028486432
34 1.579136132597580
34 1.821041204492913
34 2.355208311399035
34 1.411534864898707
34 2.359307033128538
34 3.026794301266618
34 1.669308491862629
34 1.973885494708001
34 2.734649331133681
34 2.191321828008022
34 1.644669083795123
34 2.556910684449970
34 1.641863731497708
34 1.826744527181588
34 2.397354705955748
34 1.259159781743918
34 1.199266497183267
34 2.441356723784176
34 2.540965132294053
34 2.246380605040967
34 1.481158622611209
34 2.787994334315447
34 0.924053090332330
34 1.579124222749499
34 1.857926159364763
34 1.504304676519430
34 1.920462171634923
34 1.994571060559243
34 1.640593433859405
34 2.169563999066325
34 2.213376730958845
34 1.552610860599091
34 1.623525300413776
34 2.143428969449547
34 2.238314519839351
34 1.971281426967109
34 1.866224177560341
34 3.193578622961693
34 1.782688233743509
34 2.640147957219139
34 1.891114870241092
34 1.244085966866893
34 1.235325350490633
