10 0.063082912393059
10 0.032436494026393
10 0.014173842508218
10 0.048725405000340
10 0.068680876984568
10 0.043996403945910
10 0.018512077116663
10 0.036202302140742
10 0.040662229789908
10 0.022819007513485
10 0.043282618749690
10 0.040058456238726
10 0.032264936951402
10 0.038024528023841
10 0.024390732353266
10 0.096025407007983
10 0.027582709078847
10 0.058211917510473
10 0.046802001211542
10 0.048639830541674
10 0.060414820926177
10 0.051524503256861
10 0.035608615087365
10 0.031319899992105
10 0.074375081959151
10 0.037993627413656
10 0.050214646752631
10 0.068530552838898
10 0.102297589134912
10 0.029266963893821
10 0.052461889071761
10 0.055015404374053
10 0.027638640909287
10 0.054528458166655
10 0.033954175426422
10 0.056841196023718
10 0.029188854846276
10 0.040324549564334
10 0.030746611289077
10 0.044043866319912
10 0.044641367895500
10 0.070215729150441
10 0.041990201835305
10 0.035916907925980
10 0.047713217315675
10 0.034513063943041
10 0.051747236877500
10 0.040557945209395
10 0.029679340731335
10 0.048675107934737
10 0.032499246226395
10 0.027667332426711
10 0.042306129688768
10 0.038989990024727
10 0.048814538255069
10 0.039409510146950
10 0.042884331743739
10 0.047352686314294
10 0.037106383913420
10 0.036699814148800
10 0.039438862835891
10 0.029688166907617
10 0.039786353566077
10 0.030223094708603
10 0.029930412967940
10 0.048366668137699
10 0.041029508042943
10 0.042387879204778
10 0.041547768848106
10 0.029912366625310
10 0.028881337378722
10 0.043942786873936
10 0.046706753805485
10 0.042551255566156
10 0.053961072905675
10 0.064018660669386
10 0.066818964758054
10 0.038259766029857
10 0.033385480580511
10 0.035327680864726
10 0.027563076100216
10 0.047738770295340
10 0.032275080058610
10 0.026412538550454
10 0.034910505625086
10 0.063418172015839
10 0.042715103826058
10 0.044704554422919
10 0.026227880147756
10 0.055541905454765
10 0.031338335983462
10 0.031922069278532
10 0.036971863524185
10 0.042762855606495
10 0.044680701882903
10 0.022224516820275
10 0.026280102641028
10 0.039939606519021
10 0.046469555107505
10 0.028260003709269
10 0.072298007935187
10 0.046991472961706
10 0.060984631255632
10 0.031475819087622
10 0.056021430561034
10 0.056306463575215
10 0.034029674914383
10 0.033367871894517
10 0.043621022176526
10 0.045501744238853
10 0.034667866948001
10 0.061494156546043
10 0.026852258909433
10 0.049877300335376
10 0.036869138911061
10 0.025096790863270
10 0.024682405529100
10 0.063097369737185
10 0.040500591942601
10 0.040248196664334
10 0.033786418086187
10 0.035899877928501
10 0.034060548072344
10 0.036799645190402
10 0.061791018575390
10 0.028394417627340
10 0.043733613968543
10 0.024219241141359
10 0.057638623586001
10 0.024643736413939
10 0.061807926772643
10 0.031100043560245
10 0.053682088297244
10 0.048286406150194
10 0.046340469072272
10 0.072642601355247
10 0.039060724010709
10 0.051933011256997
10 0.067448693853401
10 0.060219676499051
10 0.025676745094412
10 0.044306292136158
10 0.051769744302821
10 0.072883939890176
10 0.026264974049440
10 0.063082912393059
10 0.032436494026393
10 0.014173842508218
10 0.048725405000340
10 0.068680876984568
10 0.043996403945910
10 0.018512077116663
10 0.036202302140742
10 0.040662229789908
10 0.022819007513485
10 0.043282618749690
10 0.040058456238726
10 0.032264936951402
10 0.038024528023841
10 0.024390732353266
10 0.096025407007983
10 0.027582709078847
10 0.058211917510473
10 0.046802001211542
10 0.048639830541674
10 0.060414820926177
10 0.051524503256861
10 0.035608615087365
10 0.031319899992105
10 0.074375081959151
10 0.037993627413656
10 0.050214646752631
10 0.068530552838898
10 0.102297589134912
10 0.029266963893821
10 0.052461889071761
10 0.055015404374053
10 0.027638640909287
10 0.054528458166655
10 0.033954175426422
10 0.056841196023718
10 0.029188854846276
10 0.040324549564334
10 0.030746611289077
10 0.044043866319912
10 0.044641367895500
10 0.070215729150441
10 0.041990201835305
10 0.035916907925980
10 0.047713217315675
10 0.034513063943041
10 0.051747236877500
10 0.040557945209395
10 0.029679340731335
10 0.041793744930001
10 0.046977373922970
10 0.034509825066615
10 0.046038025301498
10 0.057654363168899
10 0.026336683456862
10 0.055248235953407
10 0.068508886719452
10 0.030163441392337
10 0.037592463628378
10 0.049276326867790
10 0.034546040907339
10 0.033408167437527
10 0.037605744054609
10 0.027644423338554
10 0.061359633344195
10 0.062966072857847
10 0.041890985876985
10 0.052929715983262
10 0.062866205791292
10 0.031401280192934
10 0.048743570776681
10 0.024412727169628
10 0.032203984596898
10 0.033358923573466
10 0.050693944309907
10 0.053155324831049
10 0.049208278801327
10 0.043500574380124
10 0.021901310849391
10 0.058678141288680
10 0.015401214799899
10 0.027768023835435
10 0.038435473587418
10 0.071904058897582
10 0.054851829140602
10 0.036009202716127
10 0.088039426966725
10 0.055926090626985
10 0.026999192645665
10 0.046781681369693
10 0.050780987233180
10 0.033477465834507
10 0.038219626983373
10 0.030117325945418
10 0.033534482425469
10 0.024687877911028
10 0.062147502192869
10 0.041787603097461
10 0.028760939285585
10 0.043229619859058
10 0.039914781745504
10 0.033212445533834
10 0.029218614901135
10 0.035733448541194
10 0.034520981469098
10 0.042419779545926
10 0.045085026382696
10 0.036932633720991
10 0.033900278533902
10 0.038943614492212
10 0.070048483682784
10 0.025076928181965
10 0.027867664872701
10 0.050163400017764
10 0.021385641283576
10 0.039551396001372
10 0.033383073088761
10 0.033863283463592
10 0.038996513706017
10 0.043770935612876
10 0.034389845011355
10 0.035412429522236
10 0.072905823109286
10 0.038859382036599
10 0.050839463880159
10 0.033400275721311
10 0.059255188627752
10 0.033680966551019
10 0.044632433878206
10 0.071685871989189
10 0.057531533526879
10 0.043863263030667
10 0.046564578683430
10 0.058280486443321
10 0.024411124130732
10 0.068091959542737
10 0.032665464290536
10 0.030611784085974
10 0.038115658819724
10 0.021363477969590
10 0.028771536750023
10 0.043869851282393
10 0.033518911389257
10 0.033623489117061
10 0.038516426236142
10 0.053649874441830
10 0.057691980111870
10 0.029608761611136
10 0.046989923460724
10 0.040217767690758
10 0.033453226759564
10 0.080092743067589
10 0.033889320227533
10 0.026901454506302
10 0.032454783908565
10 0.037261120238467
10 0.073112024255844
10 0.034091826369193
10 0.047906401142780
10 0.019934465418262
10 0.041510830920119
10 0.067174120561426
10 0.028255188033149
10 0.039531048786742
10 0.059339962546384
10 0.050279336774979
10 0.033372965826975
10 0.035148805482244
10 0.045515563780317
10 0.079484638540295
10 0.057370344498298
10 0.038826739332106
10 0.090518211828344
10 0.039391234763924
10 0.035522257380548
10 0.017626278989944
10 0.071146695829635
10 0.054531531492102
10 0.033779081449654
10 0.021712298721195
10 0.041388697347768
10 0.046012169502318
10 0.040311968036490
10 0.058732724930330
10 0.049959226324561
10 0.051904896761693
10 0.026529996250757
10 0.029854208473439
10 0.078478719571677
10 0.028050983752092
10 0.040235508363377
10 0.040800186736192
10 0.044124948891950
10 0.048134902423977
10 0.050455234949702
10 0.047026568700923
10 0.047161589385592
10 0.027512774374261
10 0.071518641914812
10 0.021100418331021
10 0.029513333555218
10 0.031214417915585
10 0.011844293383595
10 0.036966739719131
10 0.030698026127902
10 0.047981356197245
10 0.026252147180055
10 0.035264067617035
10 0.037203815805278
10 0.039510802420416
10 0.068584812533662
10 0.044016358109669
10 0.034468591670956
10 0.052540974834886
10 0.031586286219445
10 0.063169641242101
10 0.045494197029385
10 0.023216584358222
10 0.031118155375442
10 0.035144693449915
10 0.033936219422572
10 0.052537820923032
10 0.076028658119766
10 0.047507046374371
10 0.035749263135556
10 0.066415745135175
10 0.043183790203702
10 0.064027866831668
10 0.035050842200762
10 0.039301863986900
10 0.036016564709083
10 0.048441501497381
10 0.033165146533338
10 0.065847628999308
10 0.039540028347012
10 0.044434031674980
10 0.030876407108565
10 0.023700891430406
10 0.051609200976546
10 0.043685439106168
10 0.052635071355687
10 0.029907760656078
10 0.059280112877132
10 0.027100031571942
10 0.027931233397228
10 0.033795520121279
10 0.074651024909739
10 0.039494825962320
10 0.055231143031085
10 0.026204145420710
10 0.035393524705268
10 0.043782583491366
10 0.056246241730178
10 0.030922161125064
10 0.034193435333281
10 0.055649083138935
10 0.042384435609539
10 0.030705609930687
10 0.016002726316779
10 0.040482436310917
10 0.039955874211148
10 0.032659734602024
10 0.044526151197775
10 0.073129715297747
10 0.051510968204901
10 0.023915389854681
10 0.037682520491424
10 0.039442254405680
10 0.051824418384465
10 0.069557853438299
10 0.022429355206019
10 0.083123704741816
10 0.061481182376429
10 0.032071737730958
10 0.045014814313237
10 0.038509143552802
10 0.044345225850364
10 0.044886061819820
10 0.046682267107094
10 0.033093279992573
10 0.087146258088310
10 0.031351956399157
10 0.051734409750622
10 0.040501716790656
10 0.029679674437454
10 0.034948315883647
10 0.056263050275111
10 0.026682281564819
10 0.045618171574755
10 0.029148175836283
10 0.072711497920633
10 0.029584132791890
10 0.055594206181180
10 0.038782410888091
10 0.028439878475281
10 0.023537320481505
10 0.048862456316868
10 0.042032356429265
10 0.053631303725203
10 0.039755048933428
10 0.064171052336801
10 0.027730599422259
10 0.074631272100406
10 0.034342269046909
10 0.047630530304030
10 0.063766600658837
10 0.046990499848127
10 0.069986401205388
10 0.050293803560170
10 0.032415252491034
10 0.038712897946836
10 0.035038757197377
10 0.038547164458810
10 0.027277492931928
10 0.038124478322026
10 0.049778079444425
10 0.036842856552224
10 0.092164365072779
10 0.029272626919861
10 0.032200802029570
10 0.030090922852749
10 0.061896375839867
10 0.050207368599207
10 0.030457248229600
10 0.050680136178163
10 0.027074660973279
10 0.037696902102953
10 0.041801024770050
10 0.037829478617323
10 0.044163651250991
10 0.048127445150102
10 0.024322107951633
10 0.027648095434414
10 0.047744387914560
10 0.040531605338678
10 0.071599135161366
10 0.068455604369990
10 0.066179379632966
10 0.020825916984784
10 0.030463420119867
10 0.051452038195582
10 0.026531403282349
10 0.063179891050215
10 0.034979858201431
10 0.063407996125352
16 0.314296014233252
16 0.208264438746206
16 0.183450727674882
16 0.203354807076023
16 0.153670881075701
16 0.117761732565227
16 0.182664025661654
16 0.197591392262114
16 0.195396101367014
16 0.284531348532614
16 0.219065375884491
16 0.266018539992234
16 0.285401715447125
16 0.235605267323030
16 0.178426228631269
16 0.419031033634160
16 0.139472956680406
16 0.196827922955348
16 0.224622384898667
16 0.144310069168992
16 0.272049003931013
16 0.220425006858278
16 0.387692719265483
16 0.311843021535611
16 0.252579539207436
16 0.152965384905290
16 0.138968184925293
16 0.474050988403079
16 0.204756097725395
16 0.160504399382837
16 0.379489103724484
16 0.268436744318583
16 0.301967078952195
16 0.218528601622476
16 0.347861287424476
16 0.181867314390401
16 0.431840454845744
16 0.132669854209182
16 0.225131380988291
16 0.255746992973919
16 0.259119979132046
16 0.358149916677100
16 0.213905608785119
16 0.178130034122765
16 0.263797183633872
16 0.174732197211060
16 0.165020976760890
16 0.182407811086404
16 0.171203285866884
16 0.142254145246417
16 0.218785277098242
16 0.325654855504720
16 0.141839508073758
16 0.152359075503655
16 0.300183039956005
16 0.128110091699571
16 0.181827132137768
16 0.177380205248930
16 0.279615818719795
16 0.141159697193339
16 0.268525983623098
16 0.238186215069097
16 0.162947417922001
16 0.182092842515411
16 0.243111921050939
16 0.149563367905764
16 0.183312598782338
16 0.171130178955648
16 0.271405104032159
16 0.302171759574436
16 0.151605975175043
16 0.380173363302553
16 0.157244381658490
16 0.177928463771859
16 0.219667564069217
16 0.254062520662130
16 0.321620652537495
16 0.139912892849219
16 0.143430640226015
16 0.138840801465124
16 0.138998687366580
16 0.256819008752016
16 0.134670944720488
16 0.230383931698844
16 0.169811923235487
16 0.404091004900717
16 0.412516804592996
16 0.225597363064454
16 0.138834830675122
16 0.173362016851899
16 0.226474921264052
16 0.275352703471310
16 0.311926620208164
16 0.217784912236662
16 0.429391025939979
16 0.111651862851786
16 0.234768593999610
16 0.240856899069676
16 0.296924913406596
16 0.241030747643931
16 0.167942231759535
16 0.157518718175374
16 0.373759753990845
16 0.311151300184624
16 0.192480313035363
16 0.158165052742680
16 0.342275796925448
16 0.122152566941806
16 0.271451934617800
16 0.250044055781617
16 0.253264681543328
16 0.146519970864952
16 0.287708086567258
16 0.334419296041441
16 0.386267337055905
16 0.260294922981562
16 0.129361790472798
16 0.179996712451375
16 0.165573801022862
16 0.312998283218817
16 0.169176945590397
16 0.267366620344539
16 0.155290687548157
16 0.305327866245810
16 0.226071885050728
16 0.184751686372790
16 0.233479269647348
16 0.269585826670810
16 0.110862879185373
16 0.116430142589720
16 0.145501604911624
16 0.251977685257278
16 0.162298042657540
16 0.124822501859336
16 0.167585492765682
16 0.226448104727735
16 0.321201537149468
16 0.317332523981980
16 0.252346039460504
16 0.168872969189906
16 0.112163739296882
16 0.281105891881334
16 0.193199289976990
16 0.322783003699141
16 0.151113493684126
16 0.281725760280421
16 0.312715835255510
16 0.190671129842444
16 0.191667715440810
16 0.248116623062052
16 0.300603008010819
16 0.175713260713708
16 0.154234172340096
16 0.275434638278187
16 0.140847742997427
16 0.272114635632167
16 0.137335914540017
16 0.269969278069790
16 0.271316788065437
16 0.182292722705363
16 0.198029713292540
16 0.304015461234473
16 0.229728611477594
16 0.348111897578076
16 0.356993190340458
16 0.222524841736420
16 0.253631211681689
16 0.176512069994981
16 0.331274262952816
16 0.310471903444840
16 0.168122392626963
16 0.153620312730542
16 0.121024476243271
16 0.159217861297485
16 0.193452353798437
16 0.295504599844111
16 0.169718357607690
16 0.154084608918295
16 0.211296738182992
16 0.171657014039130
16 0.235844794758187
16 0.112826890431973
16 0.106790461492995
16 0.292410205847847
16 0.212284870559523
16 0.222275522012984
16 0.190712365456864
16 0.165173540944297
16 0.192307288387602
16 0.361450381917878
16 0.327434156036557
16 0.402433136379932
16 0.208465817128324
16 0.288356200662830
16 0.132187481861239
16 0.351220873128946
16 0.176112429492225
16 0.244027188516518
16 0.140073791486063
16 0.175069635152004
16 0.221131299210174
16 0.281890223636666
16 0.185001519258529
16 0.266362915847112
16 0.189627675868019
16 0.252169518749751
16 0.218085880631663
16 0.125537447877496
16 0.149926270016635
16 0.304692946898105
16 0.234931604606953
16 0.241351782516265
16 0.145410559249230
16 0.146041798466851
16 0.169802677979329
16 0.402715198630044
16 0.135703817265674
16 0.228334354995618
16 0.424578203039262
16 0.140777070345326
16 0.173510968129198
16 0.209490037374308
16 0.224519012584466
16 0.299236141498723
16 0.151126380038451
16 0.144803481133927
16 0.192418066067030
16 0.180945260336241
16 0.115561061031642
16 0.142946015284485
16 0.216276187544485
16 0.109450723714151
16 0.145756648931266
16 0.158965926679065
16 0.172160735930434
16 0.159884842110139
16 0.293468952236813
16 0.247849849438043
16 0.142457184325552
16 0.300605485080754
16 0.130430743626087
16 0.291476716614211
16 0.169045798336689
16 0.231977489724320
16 0.195066944551554
16 0.186428286612940
16 0.245735825465432
16 0.144183090147774
16 0.221938548077273
16 0.145068863207376
16 0.359546671345083
16 0.145307268271132
16 0.164723389921481
16 0.161930115946396
16 0.218950359756524
16 0.158662079889644
16 0.231895334835922
16 0.265273258379159
16 0.377610497677388
16 0.229124369867546
16 0.201188271535615
16 0.261620762792281
16 0.346677048507239
16 0.450457165744843
16 0.295260746284578
16 0.215766701385803
16 0.239430905910092
16 0.248637115672810
16 0.270201269643136
16 0.177441509962727
16 0.152088164716425
16 0.234086132610726
16 0.215308994619239
16 0.416568116042411
16 0.188558984215555
16 0.241668851023455
16 0.118040158769650
16 0.138748384088299
16 0.119877540067314
16 0.335281274122451
16 0.176004972057504
16 0.229021677024983
16 0.235073386837778
16 0.251252098582764
16 0.211263335891259
16 0.272413312905093
16 0.220844296337197
16 0.161951477203333
16 0.253502945216940
16 0.282164159139952
16 0.282471604166841
16 0.200964651482463
16 0.168042980267896
16 0.129268183751426
16 0.113558629153657
16 0.222980132929905
16 0.269240743738488
16 0.099753618671648
16 0.179747671973590
16 0.133875044822979
16 0.385988291181038
16 0.154782717651499
16 0.256911970143047
16 0.487018533481868
16 0.116272051820106
16 0.250763963880080
16 0.338388647806878
16 0.143150295672788
16 0.419131649551602
16 0.357758876787880
16 0.275581781984285
16 0.200275206430089
16 0.389161295520281
16 0.252144292843539
16 0.165152114056930
16 0.212080144496571
16 0.185619933635267
16 0.195150297791680
16 0.153329276216191
16 0.168767282179298
16 0.122841432339031
16 0.223812453117311
16 0.227653904889725
16 0.201951969396219
16 0.210968712439285
16 0.174708872939695
16 0.149704496913752
16 0.159365978241504
16 0.309700751566512
16 0.444042961901719
16 0.254558561467163
16 0.278265576751301
16 0.136992120918330
16 0.142959125066498
16 0.285080054174271
16 0.222446338442023
16 0.260721243875126
16 0.282747134766545
16 0.168045113904392
16 0.158951161598061
16 0.281078189938844
16 0.206509222304845
16 0.116579316040514
16 0.212020896202860
16 0.144213946566057
16 0.158519842496399
16 0.168164374370782
16 0.298487036232679
16 0.289076973885476
16 0.336729095764345
16 0.155533892222857
16 0.266373777450811
16 0.206647253899963
16 0.177314885785508
16 0.241708914604516
16 0.377339635689003
16 0.160268236354295
16 0.261543123611932
16 0.379473915921502
16 0.123344880881082
16 0.260532588691149
16 0.210976623544152
16 0.220677015570131
16 0.339733608948857
16 0.202414277205508
16 0.218101508227492
16 0.249440723990940
16 0.285422974889942
16 0.334988224879853
16 0.300177702960705
16 0.139503962696709
16 0.147684934060349
16 0.169418863359401
16 0.214107976401698
16 0.177862616881322
16 0.229473986904155
16 0.196139805292502
16 0.169798417134639
16 0.170807062257569
16 0.314185881531259
16 0.267691186592433
16 0.156541746316968
16 0.207580927213679
16 0.172003563189896
16 0.209085054846860
16 0.282717626743178
16 0.220757673728674
16 0.184345799765888
16 0.091339548628481
16 0.276569523966051
16 0.270281397340914
16 0.268211912183934
16 0.245540323718604
16 0.191066170885128
16 0.234866622734305
16 0.242790685081800
16 0.276201261965338
16 0.185769682462558
16 0.188786298451932
16 0.136810027318352
16 0.155533892222857
16 0.266373777450811
16 0.206647253899963
16 0.177314885785508
16 0.241708914604516
16 0.377339635689003
16 0.160268236354295
16 0.261543123611932
16 0.379473915921502
16 0.123344880881082
16 0.260532588691149
16 0.210976623544152
16 0.220677015570131
16 0.339733608948857
16 0.202414277205508
16 0.218101508227492
16 0.249440723990940
16 0.285422974889942
16 0.334988224879853
16 0.300177702960705
16 0.139503962696709
16 0.147684934060349
16 0.169418863359401
16 0.214107976401698
16 0.177862616881322
16 0.229473986904155
16 0.196139805292502
16 0.169798417134639
16 0.170807062257569
16 0.314185881531259
16 0.267691186592433
16 0.156541746316968
16 0.207580927213679
16 0.172003563189896
16 0.209085054846860
16 0.282717626743178
16 0.220757673728674
16 0.184345799765888
16 0.091339548628481
16 0.276569523966051
16 0.270281397340914
16 0.268211912183934
16 0.245540323718604
16 0.191066170885128
16 0.234866622734305
16 0.242790685081800
16 0.276201261965338
16 0.185769682462558
16 0.188786298451932
16 0.136810027318352
16 0.124880922709297
16 0.319250780783546
16 0.219234905247691
16 0.208359941940481
16 0.272952245136636
16 0.140718316838564
16 0.238695562294891
16 0.277147556020224
16 0.287967832934618
16 0.131782193191126
16 0.324829710760541
16 0.181046844456644
16 0.216502477959256
16 0.259192042996087
16 0.181704159797869
16 0.200792539992535
16 0.310186140901231
16 0.256773383131413
16 0.254567686164996
16 0.113185464065353
16 0.236011110616160
16 0.290950391059515
16 0.206457395648923
16 0.369119406574639
16 0.179666458636894
16 0.158825986989459
16 0.210788612614945
16 0.151995895206121
16 0.108649721036508
16 0.233700361318489
16 0.220157677520119
16 0.187603739672093
16 0.199420294932457
16 0.260655362526690
16 0.129898372872175
16 0.333238067223682
16 0.285574339857781
16 0.161028262726225
16 0.291117572497959
16 0.143072579370680
16 0.272025806485123
16 0.229516582843837
16 0.150263917816551
16 0.260184521101008
16 0.126643278429717
16 0.172937618982466
16 0.200334674853301
16 0.157322308126949
16 0.191204402439319
16 0.205612112262963
22 0.558943283129596
22 0.606829518133520
22 0.841122677399781
22 0.502648044451034
22 0.573009998017330
22 0.442277069003495
22 0.580366446226463
22 0.693058031221406
22 0.519091435107384
22 0.600817641625297
22 1.077460431060868
22 0.432940080079626
22 0.486228307590703
22 0.612582935589358
22 0.681148802667560
22 0.619046014472703
22 0.450560681205959
22 0.277287936469547
22 0.587431552648787
22 0.357921416586682
22 0.351450026419588
22 0.747141361138119
22 0.478324114419481
22 0.652145761646604
22 0.564591517123057
22 0.471876326081573
22 0.491099190142282
22 1.136134039008644
22 0.364848336206283
22 0.610116512645643
22 0.644125715530272
22 0.617066719626070
22 0.637630725325761
22 0.337316971752130
22 0.874870459591826
22 0.418705949756498
22 1.111466792915002
22 0.458057655411764
22 0.388818124376916
22 0.399298490633952
22 0.821571007532205
22 0.806028102530861
22 0.782286633406637
22 0.522059102498651
22 0.492558476655343
22 0.689128986929171
22 0.725157445189820
22 0.642303317658850
22 0.405709507922450
22 0.448041320588691
22 0.558943283129596
22 0.606829518133520
22 0.841122677399781
22 0.502648044451034
22 0.573009998017330
22 0.442277069003495
22 0.580366446226463
22 0.693058031221406
22 0.519091435107384
22 0.600817641625297
22 1.077460431060868
22 0.432940080079626
22 0.486228307590703
22 0.612582935589358
22 0.681148802667560
22 0.619046014472703
22 0.450560681205959
22 0.277287936469547
22 0.587431552648787
22 0.357921416586682
22 0.351450026419588
22 0.747141361138119
22 0.478324114419481
22 0.652145761646604
22 0.564591517123057
22 0.471876326081573
22 0.491099190142282
22 1.136134039008644
22 0.364848336206283
22 0.610116512645643
22 0.644125715530272
22 0.617066719626070
22 0.637630725325761
22 0.337316971752130
22 0.874870459591826
22 0.418705949756498
22 1.111466792915002
22 0.458057655411764
22 0.388818124376916
22 0.399298490633952
22 0.821571007532205
22 0.806028102530861
22 0.782286633406637
22 0.522059102498651
22 0.492558476655343
22 0.689128986929171
22 0.725157445189820
22 0.642303317658850
22 0.405709507922450
22 0.448041320588691
22 0.494082509246070
22 1.047571522714979
22 0.414558919353482
22 0.969711389270675
22 0.921027169090722
22 0.651226269771378
22 1.397946001729527
22 0.865252132931104
22 1.213363514388241
22 0.604247607886290
22 0.632911171499647
22 0.514900903918191
22 0.509802564936040
22 0.505733523001602
22 0.451346430810013
22 0.656240638511604
22 0.670472189733679
22 1.056964004717310
22 0.877839603032845
22 0.594040520014719
22 0.470600086039785
22 0.408038255700739
22 0.757531764629860
22 1.132401324046036
22 0.318038889913595
22 0.503937423489734
22 0.683649792009963
22 0.585152492759828
22 0.663389218389946
22 0.469685501982621
22 0.720232723964155
22 0.488098111888467
22 0.599144292025667
22 0.708895393794867
22 1.204252708301536
22 0.824040201960144
22 0.572514837696889
22 0.630384194395929
22 0.793921046467188
22 0.646326516624175
22 0.382549678166521
22 0.653445541398452
22 0.608453949436010
22 0.815652778703742
22 1.139220676228931
22 0.536131783635295
22 0.415510539247528
22 0.970412100126387
22 0.496925525598759
22 0.776276897047745
22 0.567878330473190
22 1.023254294863778
22 0.762280402052870
22 1.021861245201696
22 0.504190757643215
22 0.983476128782472
22 0.450368562101214
22 0.535910091967479
22 0.778283165751970
22 0.521359321137044
22 0.642634595827531
22 0.640604997047272
22 0.751323412036801
22 0.669945221028664
22 0.414265736005754
22 0.584117598559132
22 0.599346106117632
22 0.367412091797637
22 0.797132751517012
22 0.777793234443543
22 0.455415191573303
22 0.576889957867566
22 0.689270319904915
22 0.898849549996929
22 0.321344931876489
22 0.784513799601667
22 0.358692241421245
22 0.865290858305526
22 0.734976887982552
22 0.546849897200249
22 0.382688986811019
22 0.702710314437442
22 0.694988883287741
22 0.894197531368483
22 0.521869736962514
22 0.539706484996668
22 0.480000992411459
22 0.575428901515743
22 0.495803671885792
22 0.578567911644845
22 0.555138664708771
22 0.721030083940492
22 0.616843658897013
22 0.852272532547826
22 0.348448595406505
22 0.720047726965407
22 0.490188964016388
22 1.196829444209960
22 0.728791286545067
22 0.640764265630478
22 0.852428347442402
22 0.844199971071450
22 0.531215415948453
22 0.873542346859435
22 1.309743093213015
22 0.814108194025268
22 0.501600843405781
22 1.248693586947774
22 0.383712009247246
22 0.847075751739347
22 0.773240368854183
22 0.643303027709452
22 1.043750069148742
22 0.695807899604062
22 0.591507429428403
22 0.469387691090378
22 0.667326559317899
22 0.432053444463024
22 0.550912169244588
22 0.389631272475398
22 0.651391715021107
22 0.528519962557309
22 0.422366336297135
22 0.887047058306386
22 0.615606882611930
22 0.445888027360215
22 1.213292218280741
22 0.448472646927506
22 0.630690182032613
22 0.797472802995259
22 0.469940246846463
22 0.875580249634494
22 0.716214431414915
22 0.741823964517120
22 0.400451272452588
22 0.548293592498728
22 0.444476408441209
22 0.723906954363138
22 0.300555858554827
22 0.609839071741949
22 0.702310758582270
22 0.607974664114042
22 0.410969381863977
22 0.597955614814429
22 0.478477599940193
22 0.530090129965888
22 0.533427948076109
22 0.446841612229171
22 1.389029723483412
22 0.711592400995682
22 0.524909356908426
22 0.833629211280449
22 0.371329336873012
22 0.747252898102323
22 0.551631029797926
22 0.601470962497904
22 0.721774322713536
22 0.447534367482753
22 0.515583679404461
22 0.601228488336941
22 1.108333966560013
22 0.513410365001674
22 0.827926823825927
22 0.486475692263048
22 0.900037905105668
22 0.854484442364130
22 0.451500247312379
22 0.421735039713091
22 0.887294706883969
22 0.599037200423852
22 0.868755327486824
22 0.483608706934443
22 0.684180404651432
22 0.487892791744819
22 0.795057795938986
22 1.146167163726460
22 0.276524891291087
22 0.672711489662741
22 0.621924974232122
22 0.856122900364532
22 0.699226593230176
22 0.629950753385993
22 1.359529859481277
22 0.478928524235721
22 0.737779064150125
22 0.825019172316686
22 0.413075200976405
22 0.435576430163161
22 0.432506265111152
22 0.476082328246757
22 0.498594018074021
22 0.625716729993065
22 0.902547914259062
22 1.118810042296175
22 0.668940591366053
22 0.640359204012318
22 1.028095951245776
22 0.750350871458601
22 0.987324235079117
22 0.983931683654628
22 0.727300248737974
22 0.933208227899277
22 0.612398604876679
22 0.606516522891862
22 0.623409412569356
22 0.744115218485063
22 0.409991344986713
22 0.341928751866640
22 0.658837176185490
22 0.864409342777852
22 0.563271627396796
22 0.871902321994613
22 0.808319449417716
22 0.579042461640642
22 0.518652640221044
22 0.553578492165816
22 0.493907877204087
22 0.627332350482300
22 0.539349507069796
22 0.448954148908796
22 1.012760363501241
22 0.556625106196970
22 0.565895961107306
22 1.403443846288456
22 0.362724055477974
22 0.485950742200222
22 0.677612561785246
22 0.933425390797582
22 0.517427584120585
22 0.454398462223798
22 0.396487561262124
22 0.386179486900112
22 0.983064101825708
22 0.636590007887971
22 0.353501517039773
22 0.866778173705341
22 0.558760227729810
22 0.428738114019981
22 0.761563217717803
22 0.607194743321911
22 1.588505085041048
22 0.588744474920333
22 0.564720306924420
22 0.738146206556182
22 0.410809763094131
22 0.423021599689021
22 0.759249793265333
22 0.543416665666487
22 0.614954059170148
22 0.609051105343562
22 0.945464353785415
22 0.596944207390541
22 0.582927828254403
22 0.467709073912278
22 0.777598675651264
22 1.053916313461465
22 0.790974437981294
22 0.838484874013590
22 0.809611242721909
22 0.721989590823915
22 0.640118288625961
22 1.188187936726623
22 0.298144482026227
22 0.875800165815817
22 0.719792735312115
22 0.937160627740113
22 0.736934809326478
22 0.775863495244367
22 0.683780610753317
22 0.716803452209442
22 0.402288264239502
22 0.308107117501638
22 1.073349730116463
22 0.494029060348139
22 0.751881483455997
22 0.670180251351884
22 0.444488083361553
22 0.945101684517738
22 0.665127681667699
22 0.889982153644310
22 0.381962356985243
22 0.838045634309867
22 0.478394087413371
22 1.165859424822828
22 0.667912274679865
22 0.646100301124156
22 0.628820234719941
22 0.809821205878652
22 0.867733011525155
22 0.791234805215605
22 1.064019800124629
22 1.167128744740666
22 1.093027796119452
22 1.050490760415323
22 0.679565425611647
22 0.506329298103106
22 0.709045901899819
22 0.318146213778582
22 0.475311830815912
22 0.533273127791582
22 0.517932097208361
22 0.714102125036372
22 0.591899862109977
22 0.635892745027689
22 0.835671060376866
22 0.441756913805576
22 0.519764371488535
22 0.511934150534692
22 0.635359203404926
22 0.511623669831196
22 0.563381471176017
22 0.523168238166446
22 0.808446503818997
22 0.709606525028581
22 0.672393478050882
22 1.065652813175213
22 0.405311524423499
22 0.559184436537151
22 0.397387510248107
22 0.625661897116467
22 0.391438341525697
22 0.429001122208629
22 1.156896294362459
22 0.881265382274083
22 0.627359825178283
22 1.037957242633307
22 0.708381046324674
22 0.547592426387670
22 1.070084905793606
22 0.439105776504739
22 0.526614775085583
22 0.645607569559346
22 0.505093232673973
22 0.523557547901639
22 0.571847945629853
22 0.739730855463717
22 0.922036169000340
22 0.710210298517902
22 0.746218497944035
22 0.902148042769794
22 0.702690381038002
22 0.580120293270102
22 0.478345779184201
22 0.563804513209000
22 0.483004561311114
22 0.635341502151634
22 0.642613553667500
22 0.988321744235925
22 0.353810877207706
22 0.562636033708307
22 0.557916133203389
22 1.309243225685337
22 0.565381905978048
22 0.899688033276431
22 0.626958823296686
22 0.906346814506983
22 0.400371771477554
22 0.708572601897878
22 0.401148418781364
22 0.807527924879853
22 0.515112406488262
22 0.634656472132689
22 0.642760358368120
22 0.548940171050261
22 0.489561454536433
22 0.733777138522024
22 0.738302259654747
22 0.676964191541231
22 0.461812039130570
22 0.411763499553973
22 0.353809388785265
22 0.432671861392998
22 0.565015750219950
22 0.927742584604798
22 0.904286397729952
22 0.495626372888588
22 0.333173807181533
22 0.567538297247844
22 0.817066925254175
22 1.326716835997880
22 0.495643944632360
22 0.507873454492596
22 0.370419649842755
22 0.595506311953476
22 0.451668686336886
22 0.789932137132205
22 0.651799687906391
22 0.635285026922366
22 0.566941534835210
22 0.677371626976162
22 0.682545943421154
22 0.548670670882198
22 0.743820224102651
22 0.479708562119303
22 0.523047734705064
22 0.999121912991215
22 0.409497344163981
22 0.636291151723355
22 0.678325997514019
22 0.900854628280823
28 1.598282265457144
28 1.490158104210199
28 1.720784702667198
28 1.025888047705021
28 0.935802729805614
28 1.486573312355176
28 1.482617245651395
28 1.443767594203416
28 0.864324752886414
28 1.679134079424625
28 1.049046325950086
28 1.090067379121079
28 1.651061681267746
28 1.285461610854973
28 1.282585215284490
28 2.903729592235437
28 1.496551265532871
28 1.427028377631205
28 1.722822209288650
28 1.763081136275688
28 1.092105712379695
28 2.181211219730047
28 1.575928272009554
28 1.363715621572233
28 1.402309569133751
28 1.164795369473356
28 1.409910508882959
28 1.331485471057355
28 1.040560117922329
28 1.038944534651836
28 1.208339752454030
28 2.385508448636133
28 0.759701217148190
28 1.368689992242174
28 1.789933130877202
28 1.000490967984033
28 1.386939479273777
28 1.750934661689979
28 1.277059454137607
28 0.767124219292644
28 1.205812578960000
28 0.763566612550188
28 1.627178276978777
28 1.420956458213928
28 1.270367648177830
28 1.201849094362105
28 0.927239849790292
28 1.166249371945711
28 1.928440485413158
28 2.971397314461217
28 0.856395127573851
28 0.748779796921283
28 1.833581438570720
28 2.096598004801625
28 1.981700481677198
28 1.142575354596406
28 2.425187140404608
28 1.348358080382050
28 1.228063828656325
28 1.191063205373418
28 0.731268411006830
28 1.212204984638495
28 0.899831665497753
28 1.147865646399882
28 1.746099324479638
28 0.931620092296420
28 1.812162017694460
28 1.591718732330734
28 0.873175533429413
28 1.467799332956157
28 1.443102606405135
28 1.110507350752217
28 3.538550610460918
28 2.770226732488747
28 1.012011255123555
28 1.948962855397145
28 1.716147990716047
28 0.848364569693900
28 0.799678856806929
28 1.942425424105505
28 1.763788971076874
28 1.097552217759070
28 2.061053539228297
28 0.851362685448232
28 1.816159103382469
28 1.787691678402537
28 0.940893120860698
28 1.399843970626775
28 2.005965510972537
28 1.545632756533800
28 1.296899485328614
28 1.414338876587299
28 2.220723031051529
28 0.718991488747445
28 1.408864505014225
28 0.919503287285581
28 1.268205265217511
28 1.658036085273380
28 1.144790429269561
28 0.946942281847901
28 1.923980082362760
28 1.037757791908134
28 0.742076626772016
28 0.703490197916159
28 1.561277892584251
28 2.431267678382679
28 1.998495750906888
28 1.518151521442924
28 0.867748950903530
28 0.654533366700898
28 1.921692649846492
28 1.138340013206292
28 0.757830387080899
28 1.560496239011135
28 0.567739363819741
28 1.226903862883479
28 1.364780858171105
28 1.216672306698898
28 0.777830914535546
28 0.767780756297054
28 1.226822269081770
28 1.597187725483384
28 1.306808618149869
28 1.615165195336875
28 1.301504795685283
28 2.105620932562265
28 0.852451069904163
28 1.022123508782614
28 1.251483101629203
28 0.716077776660214
28 1.294764417410177
28 1.094604491785840
28 1.407888645626162
28 1.360290846417112
28 1.262559465719186
28 0.815740560441759
28 0.697578877365246
28 2.191292603452848
28 1.247167711769994
28 1.452729032478025
28 1.005453844168839
28 1.109538465915502
28 1.905815500406567
28 1.563813011452695
28 1.662360580117785
28 1.852532727961195
28 0.620573652695835
28 0.492857767371820
28 0.678731067421381
28 1.108703064035451
28 1.195379287725371
28 1.481810685892849
28 2.170975934976570
28 1.373124647412324
28 1.057800458659919
28 1.875342109596341
28 1.751948209985309
28 2.489714291991381
28 0.671542129971743
28 0.996614834997360
28 1.433185578459771
28 1.194772252792690
28 2.835924829217334
28 1.038533715467842
28 2.030485747847836
28 1.460245043442317
28 1.588899108450629
28 1.713616038306654
28 1.127895324378623
28 0.992890115579520
28 1.379989008638462
28 1.526662631075869
28 1.380789132091148
28 0.944108837856305
28 1.115797170157661
28 0.943106142854320
28 0.901530621109399
28 1.365557525155059
28 2.342138701918908
28 1.559251414065264
28 2.204155516117040
28 0.988387829617793
28 1.339454977010863
28 1.648505550761466
28 2.585405610912431
28 0.958996291962006
28 0.942010039204617
28 1.250732109213228
28 3.308923934399723
28 0.764912525236744
28 1.489141317339664
28 1.370542158232887
28 1.245836286502467
28 1.031959549662539
28 0.943386627939986
28 1.387865486329402
28 1.169048068817609
28 1.876137134409695
28 1.265959572193216
28 1.792339403347317
28 1.274040474065758
28 1.073557667570685
28 1.620264122743180
28 0.984811368902342
28 1.210849808954856
28 0.806457650373897
28 0.973727355421871
28 1.228779956310661
28 1.768674320142845
28 0.989243788527222
28 1.439427006424607
28 1.766102393241212
28 1.389291921838500
28 1.031317131583100
28 3.241651244755587
28 1.417702723642179
28 1.136598400407503
28 0.876887241079000
28 1.757906265142095
28 1.111810014244748
28 1.331199154363332
28 1.202345157729249
28 0.852363919077404
28 0.910540586404557
28 1.495748806734911
28 0.753299472328038
28 1.022278189972042
28 1.134989249891675
28 1.184147151172557
28 1.943653148123885
28 1.261481597108019
28 1.827843553593927
28 1.268024726434958
28 1.795707727964452
28 0.991795301077914
28 1.643808826935273
28 1.774066924579777
28 0.818137111622450
28 1.012905358310476
28 1.436671893715478
28 1.604785543646789
28 0.888276434335851
28 1.935580502107979
28 0.703648895809777
28 1.421537334591814
28 1.021666774552719
28 1.413213571576217
28 1.080085772031386
28 1.206176999366185
28 1.843380848888697
28 1.382267800546433
28 1.328920530929188
28 1.225825067073575
28 1.183091628249833
28 2.098981443863800
28 1.195250221038999
28 1.733828946979266
28 1.632646825490731
28 0.955516359413157
28 1.762685021975955
28 1.379186708680364
28 1.607446673747900
28 2.202588089059979
28 1.727254058398647
28 0.828256754463078
28 1.659170685009542
28 0.966491554381345
28 0.872241866075535
28 1.067448492356202
28 2.052119835537013
28 1.113838698409646
28 0.733958082202399
28 1.569118193532003
28 1.368423220511504
28 2.415203856246218
28 0.937208521178519
28 1.412487050125993
28 1.146145479098927
28 1.310749779811808
28 1.777784505897579
28 2.962750001443436
28 0.740966613070137
28 0.976528981255092
28 0.658201428564253
28 1.722104985573488
28 1.550931574648994
28 1.151759411059545
28 1.180225600615602
28 1.398341593085105
28 1.463141417443560
28 0.759920688479146
28 2.086363065982789
28 2.084115802719928
28 1.641073164322220
28 1.301198664898042
28 1.165586004163563
28 0.757315312962890
28 1.610700224805210
28 1.232017001278559
28 1.066204865931893
28 1.442183150498209
28 1.098736575627209
28 0.983707402648049
28 1.643795999010801
28 0.835839879401562
28 0.911630382697155
28 1.490982571406693
28 1.681428828540882
28 1.186096552582345
28 1.213694319644908
28 0.950328790963471
28 1.160116411615094
28 0.891083939614195
28 1.323922545950834
28 0.950064480728559
28 2.264546961162540
28 1.358780263966573
28 0.999323204054425
28 1.603940790808428
28 1.006505864793236
28 0.947969066289064
28 1.449166899364048
28 1.335883406726101
28 1.234612733412475
28 1.926507761344905
28 1.130454094494313
28 0.599670275772565
28 1.141151627976255
28 1.303512662583262
28 1.594695634304498
28 1.801238155770799
28 1.631764533142643
28 1.449184862335528
28 2.784870147087050
28 1.552995254357104
28 1.411516212341662
28 0.874705536220355
28 2.182548331726911
28 0.781530043897275
28 1.583946657919943
28 2.327487907644828
28 1.149695609492706
28 1.672739971803658
28 1.486275503165285
28 1.563949560101411
28 1.775489083026048
28 0.920538588017931
28 1.277419162342294
28 1.405674758871015
28 0.761394339366061
28 1.630405012742683
28 1.711507146833206
28 2.071444670363222
28 2.615130458226521
28 1.223752630721421
28 1.139601445924109
28 1.415583223098851
28 1.166793838782096
28 2.765788497178622
28 1.446253920702082
28 1.732400665759374
28 2.386368896267050
28 1.462892689208977
28 0.479592166479124
28 0.753092356666656
28 1.106703437106655
28 1.515990100199457
28 1.695044437189002
28 1.290793535047126
28 0.851460555257930
28 1.802029338410937
28 0.922753902961599
28 1.722290209113154
28 1.956846270725824
28 1.338032372894051
28 0.896991216537301
28 2.126626624725315
28 0.840723646831956
28 1.484617683243317
28 1.615476868523192
28 1.261574268007248
28 1.267402147732052
28 1.103826888726121
28 0.922429015753632
28 0.997576149017180
28 1.417159350485468
28 0.941209255799387
28 0.826582839350243
28 1.144116694511308
28 1.429441680696586
28 1.215998997791945
28 1.106526535707514
28 0.868579569388651
28 1.915776040218471
28 1.816565071836007
28 1.710411017366274
28 1.484349858213784
28 1.210132260600910
28 3.195505340149258
28 1.703754677330711
28 2.222781386835580
28 1.271982098851900
28 1.301223796306440
28 1.581124973223902
28 1.450487020510832
28 0.976992985812912
28 1.302617212450058
28 1.433257862051184
28 1.088481731658502
28 1.770289880352097
28 0.894969090750278
28 1.296588970255129
28 1.670945380604584
28 1.021062974067815
28 1.861247208970552
28 1.755043847964629
28 1.374897115989138
28 1.029062509783635
28 2.343402135779201
28 0.868256037496349
28 1.698625441023228
28 1.566779126891162
28 1.138020445222113
28 1.436323292197500
28 0.963040906142942
28 0.837662039233488
28 0.846298351692725
28 0.926664020874552
28 1.440293608285519
28 1.036330867455860
28 1.101738994240677
28 1.020466152549257
28 0.859725518907056
28 1.273626773233524
28 1.258031286109947
28 1.192118871601160
28 1.135961083992460
28 1.228656941485506
28 1.593232496638647
28 1.063075332790877
28 1.945653879189852
28 1.321323233805726
28 0.872030514854904
28 1.480557313654765
28 1.122560444832542
28 0.703138885246890
28 1.223151756900009
28 1.503925369290783
28 1.534091873074750
28 1.259380837054703
28 0.697032270243887
28 1.119748806895317
28 0.795639414553936
28 0.839409352981973
28 1.751286981763954
28 1.444663229855705
28 0.880144902171384
28 2.100144810320217
28 1.348675878320168
28 1.118262877396401
28 2.061005192099196
28 1.690385595222527
28 1.204553088209440
28 1.616630964585026
28 2.704549324916275
28 1.737390678183060
28 1.002304279993344
28 1.416814219295153
28 1.190231732418171
28 1.484061579473273
28 1.878157934759852
28 1.523829535742228
28 2.001350905166146
28 1.508412677966426
28 1.354301338964952
28 2.013233952422164
28 0.972876347906806
28 1.852187767943245
28 2.659106566882414
28 1.143566880774152
28 1.105414030696299
28 1.531247258326962
28 1.736283766394367
28 0.640403719209679
28 1.130984687682723
28 1.387078477922139
28 1.560172964993080
28 1.017042281194612
28 1.755851398605446
28 1.137673631099539
28 1.785273858873816
28 1.796616751817770
28 0.940293375090180
28 1.211655395087906
28 0.766117017172086
28 0.819847157648020
28 1.719478670640346
28 0.790357294923813
28 0.843328729023550
28 1.360925475252369
34 0.944326792495846
34 2.186427285230682
34 1.967645006278797
34 1.604907019923513
34 1.478416364525597
34 2.232779404850672
34 1.883565003873111
34 2.027006835265238
34 4.169831541762589
34 1.652446139525337
34 1.612122294832606
34 1.333155393140134
34 1.420567947193542
34 1.556406333036011
34 1.754836374101228
34 2.244254131383552
34 2.153468177969518
34 1.900502201368193
34 1.855833154252403
34 2.439747833550316
34 1.717164378863969
34 1.183762243031453
34 1.152598052588652
34 1.241122501372252
34 2.616281651721692
34 1.729589294730485
34 1.750658150711688
34 1.048092658217601
34 0.974066863468300
34 2.509748103411453
34 2.611772167757970
34 1.928241061747766
34 1.963468420735143
34 1.438510087737042
34 2.671012227405588
34 1.655622673878304
34 2.521216123008140
34 2.407333678093523
34 2.703372175970465
34 2.578249006486979
34 2.845235131145651
34 0.892084539306678
34 1.931892806807612
34 2.752358721483562
34 1.894225155515472
34 1.508362636771195
34 1.743307059818187
34 2.664673039456809
34 2.970228365533710
34 1.423163134560534
34 1.039706723898319
34 2.514438173690811
34 1.765246447147672
34 2.097751864670867
34 1.661684178338534
34 2.266757617031643
34 2.313410164998928
34 2.206322341592530
34 1.044740340892553
34 2.301124763920062
34 1.694026869311912
34 1.188948733813848
34 1.509139002915501
34 3.104946639977086
34 1.851721313667838
34 1.596707744173234
34 1.607208828511850
34 2.312555948626588
34 3.244757336493082
34 1.177933452118295
34 1.361623623198461
34 2.619685979827511
34 1.442108356497293
34 1.057865584192011
34 1.015464088513859
34 1.195517878181887
34 2.495761172690873
34 2.009043461696866
34 3.186858695086502
34 2.130638210739794
34 2.252658732410532
34 1.916865563469826
34 1.874959206631013
34 1.846659701866190
34 1.347417586190925
34 1.123994217053484
34 1.765077055925238
34 1.430692969701664
34 3.588637642364854
34 1.245260097816398
34 1.897003115184613
34 1.558159892487112
34 1.350513487352119
34 2.029321491399569
34 2.030514475668121
34 1.930823848041137
34 2.029161465827563
34 1.337500162807433
34 1.752408851512361
34 1.897657542580199
34 2.359619249465283
34 1.998422673745044
34 1.177153629494918
34 2.055811246933420
34 1.427372539940694
34 1.300874688669305
34 3.440871910874042
34 1.751349048750566
34 2.984142408666813
34 3.322838504744259
34 1.864301855077741
34 3.809513890303970
34 1.432749688712989
34 1.780624984967850
34 0.939985470685520
34 1.577056403823345
34 2.358139615466846
34 3.309532057399386
34 1.894386002880385
34 0.947950010663448
34 1.866152819567159
34 1.871145557288234
34 1.634613193240333
34 1.914278999274370
34 2.049671950954329
34 2.028129041553106
34 1.534150539634881
34 3.779477965215743
34 1.391759693791576
34 2.224329055037048
34 2.089221880960416
34 0.946548110718341
34 3.271382724081075
34 1.943358590639192
34 1.222213063388458
34 1.581828268709654
34 1.704485190239253
34 2.713416560976875
34 2.352019278959324
34 1.732498436079243
34 2.195333669066889
34 1.405570833584434
34 3.009093747439445
34 3.275630899181554
34 1.831503355508908
34 1.348535093461925
34 2.491493468537628
34 1.525324284689916
34 1.262315146490583
34 1.314158083605304
34 2.499253532260182
34 2.382371344186884
34 2.671747972731800
34 1.680296386627770
34 4.360582957342091
34 1.012657945607032
34 2.092962317933170
34 1.683209677321932
34 3.139397760420209
34 2.284548536330267
34 2.477957335236469
34 0.984223458094621
34 3.358648566368976
34 1.867667329127510
34 1.049866990246987
34 1.945412313977219
34 1.170910488109682
34 2.866187675936294
34 1.276007729785368
34 2.003742230004612
34 0.947073604989446
34 1.221385834438697
34 1.709850016174608
34 1.827304303549072
34 1.928433826394242
34 1.643991511218383
34 1.230287771001265
34 1.504400331328752
34 1.335159383683451
34 1.309097005416351
34 1.738494508764250
34 1.450606462187664
34 2.444109208921437
34 1.693693641174687
34 1.380211335277471
34 1.528387475901382
34 1.215518789033166
34 3.455042239894371
34 1.837020272934837
34 1.702178795776302
34 1.469159139888971
34 1.319886517213746
34 1.284279655514218
34 1.390442960483113
34 1.493921126362413
34 1.236220098285580
34 3.164950121899329
34 1.551335864429201
34 2.102921435098338
34 2.142926926228214
34 2.103443151081769
34 2.248974161065073
34 1.779228343218663
34 3.731258692184837
34 1.550596752962631
34 1.810142773016038
34 0.865605021276130
34 3.110891127119817
34 1.798113033020253
34 1.886505851093229
34 1.702208312517595
34 1.492022582601083
34 2.410738570037893
34 2.180625781226008
34 1.301309810101742
34 1.471541011412972
34 1.360322324738132
34 1.427816816113335
34 1.032238691353412
34 1.817267615700788
34 1.750541504330732
34 1.183429763612413
34 2.556540307481949
34 2.461139067225454
34 2.813579978646511
34 1.156166326945939
34 1.946109809504658
34 1.801398003522725
34 1.978972252865619
34 1.441499222184982
34 1.616990138062908
34 1.861917835487758
34 1.619292232085687
34 1.279767650691362
34 1.847247660462360
34 1.121198210535340
34 2.004496331201165
34 2.720953194674931
34 2.664624770412875
34 1.391986387806770
34 2.281727499424594
34 1.605808324376162
34 1.514541132236961
34 2.117511351022932
34 2.314990139304115
34 1.926215658465778
34 1.441072706204579
34 1.535347502752998
34 1.607824015907326
34 1.850199039012995
34 1.650186897466566
34 2.181832001286435
34 2.143457649800122
34 1.338573679600554
34 1.506114528742103
34 2.429329467353994
34 1.687364873106683
34 1.464874756866541
34 2.078035217759054
34 1.830154713276379
34 1.087498309963034
34 1.231019792910131
34 1.540774658908810
34 1.158335806591172
34 2.163417834908771
34 2.331884401319543
34 2.383766528247116
34 2.085894212017888
34 1.460703382658197
34 1.711368820547966
34 1.124750256108901
34 2.809457044546909
34 1.834348032235477
34 2.508160770828133
34 1.517769290930191
34 2.092376595654251
34 1.259707492985455
34 1.196015867500727
34 1.223524867248919
34 3.182256891682194
34 2.896507673401779
34 2.481428229550345
34 2.089500688881420
34 2.855988004129665
34 1.284273443718123
34 1.226470798181932
34 1.139786750745320
34 2.845411440033318
34 1.852659735056387
34 3.685517210469053
34 3.785653599051638
34 0.947426415597951
34 2.682262277261843
34 0.878865756893931
34 2.244378263962759
34 1.210568200454062
34 2.497785515113219
34 1.576920136788998
34 1.813101052126271
34 1.059989907467875
34 3.611643454451503
34 1.420539360977505
34 1.857333372216355
34 1.495824181336026
34 1.324867040103340
34 2.461617531993083
34 2.401657660139303
34 2.244163675082614
34 1.558096611653472
34 2.956497481193638
34 1.656670314675685
34 2.659291200698621
34 1.529502186280417
34 1.209958748343586
34 1.691097683545473
34 1.552142018893589
34 1.577299705573363
34 2.490801882528487
34 2.441647312188556
34 1.275515818325069
34 1.451243864662632
34 1.193838268316287
34 1.584269735543221
34 1.280446390776518
34 1.168828233392950
34 2.020838804802209
34 1.976928199169713
34 2.467346403874091
34 2.170475099118931
34 2.105033437729589
34 2.251494251759186
34 2.694763580685238
34 2.359801648435345
34 3.459257835632207
34 1.464765706085267
34 1.673195523324029
34 1.491885874629609
34 1.949341241646659
34 1.709615999457307
34 1.581936256585225
34 1.513907647324457
34 2.395787747624835
34 1.509236345470565
34 2.382246190388303
34 1.698979119284350
34 1.913154215787972
34 1.669694682251619
34 2.073539855927373
34 1.440953111126039
34 0.810894925675433
34 3.661374142748004
34 2.684275052120513
34 1.432533129009206
34 1.322642075138138
34 1.656155064727634
34 1.036848355802000
34 1.124166499762428
34 1.593070430902880
34 1.339595197145456
34 2.242444796314506
34 1.999420475029067
34 1.746870202588895
34 2.071491504505846
34 2.326725855637121
34 2.247329193838238
34 1.313632284282845
34 3.348598526095001
34 1.479627191876341
34 1.804047722838088
34 2.558816362555472
34 1.808109462101760
34 2.117886699176878
34 1.816974478232229
34 1.788378976246194
34 2.176498641293414
34 1.568453937779287
34 1.900011524982532
34 2.593595841522697
34 1.972423516245428
34 2.409744386109326
34 2.639653885852960
34 2.330615994644235
34 2.221623150899593
34 1.577706180292903
34 2.262849607968171
34 2.640194974840766
34 1.606078781755984
34 1.193714866316711
34 3.658318626020884
34 0.793125151380543
34 1.598127208563535
34 1.278175509577528
34 2.656490294258757
34 1.980808686674060
34 2.108758058283756
34 1.906679284708969
34 3.120559431388117
34 1.281275893700131
34 2.638653235039088
34 1.617278744412667
34 2.283729273900823
34 2.199525073591701
34 2.140220740138055
34 1.725815800886574
34 1.480480530976268
34 2.291980168190219
34 1.849036468902582
34 2.324264899794642
34 3.644461348477895
34 2.292760069030611
34 1.536200844416295
34 1.279595453006035
34 2.790641733662732
34 1.791307751467784
34 1.385668687963555
34 1.933640770464241
34 1.625564550368728
34 1.522310370345775
34 1.481361422772909
34 2.457582329286853
34 1.483097363645317
34 1.080160136508275
34 1.424439756946001
34 3.391096923935588
34 1.006361363213489
34 1.584128553917714
34 1.438063016173749
34 1.456216696418966
34 1.049588625914048
34 1.546057259569720
34 1.513397985920062
34 2.294007579915934
34 3.095781237019181
34 2.479591537898179
34 1.268327019213448
34 2.557203857787154
34 1.491325179376390
34 2.301922882381285
34 1.963447899566030
34 2.047111142775084
34 2.305654365445567
34 2.162009665279392
34 2.390326229970977
34 1.921782658199467
34 1.857153429672668
34 2.314305940793618
34 1.412523375826325
34 1.901151294516644
34 1.259536255744254
34 1.491255163119973
34 2.283729273900823
34 2.199525073591701
34 2.140220740138055
34 1.725815800886574
34 1.480480530976268
34 2.291980168190219
34 1.849036468902582
34 2.324264899794642
34 3.644461348477895
34 2.292760069030611
34 1.536200844416295
34 1.279595453006035
34 2.790641733662732
34 1.791307751467784
34 1.385668687963555
34 1.933640770464241
34 1.625564550368728
34 1.522310370345775
34 1.481361422772909
34 2.457582329286853
34 1.483097363645317
34 1.080160136508275
34 1.424439756946001
34 3.391096923935588
34 1.006361363213489
34 1.584128553917714
34 1.438063016173749
34 1.456216696418966
34 1.049588625914048
34 1.546057259569720
34 1.513397985920062
34 2.294007579915934
34 3.095781237019181
34 2.479591537898179
34 1.268327019213448
34 2.557203857787154
34 1.491325179376390
34 2.301922882381285
34 1.963447899566030
34 2.047111142775084
34 2.305654365445567
34 2.162009665279392
34 2.390326229970977
34 1.921782658199467
34 1.857153429672668
34 2.314305940793618
34 1.412523375826325
34 1.901151294516644
34 1.259536255744254
34 1.491255163119973
