10 0.077780171628747
10 0.025170629939973
10 0.048781156831661
10 0.048687547745363
10 0.033244479146969
10 0.043009419864697
10 0.042333258676718
10 0.044499821427843
10 0.024121960050866
10 0.031195880214344
10 0.026892905674226
10 0.023864790728227
10 0.045994633918535
10 0.054892224622365
10 0.079169969004868
10 0.021495969777626
10 0.033649458053165
10 0.026748656827010
10 0.124906363659065
10 0.030551356457072
10 0.081721638700647
10 0.063976590904469
10 0.027022518584713
10 0.074809926665098
10 0.026619527889701
10 5.540141548635873
10 0.078089929997563
10 0.080975770169327
10 0.045904014690500
10 0.048839917521959
10 0.041634094317510
10 0.025698781559748
10 0.029671758026065
10 0.051333639968286
10 0.041362422920245
10 0.058994279394838
10 0.034698220531024
10 0.024674147878125
10 0.028406589098163
10 0.455332445154061
10 0.028665485103884
10 0.043261915365552
10 0.026539567116955
10 0.084650670754473
10 0.040816884424576
10 0.063223569854592
10 0.033537897775098
10 0.181924677007253
10 0.037364341419693
10 0.014571371268944
10 0.059755060669165
10 0.034543617741352
10 0.024875850745691
10 0.132077309716779
10 0.037474668162359
10 0.020066475325216
10 0.157590860359651
10 0.070324141755155
10 0.058830475084172
10 0.046755374117712
10 0.089484591637592
10 0.017260110147610
10 0.087257667170182
10 0.036773165122876
10 0.047120711512074
10 0.027937144712396
10 0.042355283322830
10 0.024347292818566
10 0.049235486966378
10 0.124905849096088
10 0.128293620404446
10 0.052612183904513
10 0.059766603989129
10 0.089119415861808
10 0.031716317956472
10 0.030235765926459
10 0.041029084870883
10 0.039126510529455
10 0.043921180319208
10 0.071966115930438
10 0.032506751264251
10 0.038095269574124
10 0.026239550142252
10 0.025955140233235
10 0.067725710662329
10 0.046394974537431
10 0.032547036422805
10 0.050085291023890
10 0.032406102070876
10 0.034940262991204
10 0.276473480062864
10 0.062084306460992
10 0.031921651083344
10 0.115402472165617
10 0.031679651893514
10 0.154737831629647
10 0.026977584703849
10 0.029787455571343
10 0.035893413770689
10 0.035102480769078
10 0.050741724001044
10 0.039524582800525
10 0.044567130376969
10 0.052972353158585
10 0.031911742562149
10 0.032604645435480
10 0.269552092051791
10 0.057222561157676
10 0.045209323379730
10 0.096290492343323
10 0.054027435026653
10 0.041723276993038
10 0.027324905719278
10 0.053452361114910
10 0.038169172056613
10 0.031607881969515
10 0.023495813962163
10 0.040095309521873
10 0.057384969157678
10 0.038554236770583
10 0.057713628870552
10 0.050827406040349
10 0.045429023615593
10 0.050262844200934
10 0.086012899460862
10 0.030718220901227
10 9.960389656893199
10 0.322441705472900
10 0.055530190282036
10 0.034236681409859
10 0.228348904268538
10 0.046808357831674
10 0.065938226193468
10 0.032780572068819
10 0.027710071696911
10 0.105101861234939
10 0.066680919395290
10 0.074883573520053
10 0.087676404155047
10 0.053918025997383
10 0.034493269766071
10 0.037326039914954
10 0.036381188969582
10 0.025013363766063
10 0.030148084355222
10 0.038277954740495
10 0.064549764403739
10 0.031650781215622
10 0.031119878075192
10 0.101924960882189
10 0.020167251594569
10 0.046961799239448
10 0.039260006624607
10 0.071988643927245
10 0.062221420120779
10 0.044978829715440
10 0.021474341196122
10 0.035574077391533
10 0.039166551403763
10 0.024974675736525
10 0.249389010069691
10 0.032703913619681
10 0.057620201732772
10 0.092538098312372
10 0.022587808763024
10 0.036590366718523
10 0.030094592513141
10 0.031039383672316
10 0.028311632117310
10 0.039752152597296
10 0.027145883006252
10 0.049902798559447
10 0.134501096996187
10 0.125933483374376
10 0.056328524203183
10 0.030135332921899
10 0.211900236141732
10 0.029778223640418
10 0.072557095719664
10 0.034014806085350
10 0.014771627929572
10 0.027680273039781
10 0.259889305189020
10 0.037112372864692
10 0.033998067191229
10 0.015894032782822
10 0.035129684178624
10 0.045412685729085
10 0.069398087450804
10 0.155581873082786
10 0.034942740954776
10 0.044333451703852
10 0.028663996283492
10 0.080137534440662
10 0.065170553260183
10 0.047249682281072
10 0.024602907084844
10 0.092174488152623
10 0.184575123405806
10 0.209081048240195
10 0.044385847233836
10 0.035110202153729
10 0.056984033956573
10 0.236803206221667
10 0.027902259217059
10 0.043207584459563
10 0.203703004850104
10 0.010037755837523
10 0.044202768617008
10 0.030009982967541
10 0.051145082377331
10 0.037732092060106
10 0.117723481409538
10 0.033212265190219
10 0.033577784005377
10 0.130992883113328
10 0.084188121600411
10 0.040006884655052
10 0.028391096301715
10 0.040379737128128
10 0.049292122200364
10 0.031186556497034
10 0.036874230176998
10 0.033280424954793
10 0.056744022226984
10 0.078755765843494
10 0.052464883802913
10 0.059341563934307
10 1.062528211475577
10 0.030193569973691
10 0.035551636277145
10 0.121273684777280
10 0.074993718660093
10 0.044112186025966
10 0.044612957040130
10 0.034694751588123
10 0.048259333947984
10 0.045792267709339
10 0.052484726915124
10 0.044238562540774
10 0.036714670623480
10 0.025509671326265
10 0.315240638914348
10 0.062525273685630
10 0.055884816978071
10 0.023908296765399
10 0.034783520458418
10 0.029012470480127
10 0.023954227434021
10 0.022408361338472
10 0.029968753786464
10 0.039991208707136
10 0.042576544087485
10 0.043569627222489
10 0.054554745462447
10 0.034226292061200
10 0.049866341605845
10 0.060376855714168
10 0.035974204482002
10 0.042334803024629
10 0.041824892890445
10 0.035657659592628
10 0.029332453483581
10 0.045460014429503
10 0.018443249922504
10 0.031195090219595
10 0.062905949940395
10 0.192204900771399
10 0.021538810135465
10 0.032632980656833
10 0.072284715446911
10 0.038977718521306
10 0.048087716535101
10 0.038641791845770
10 0.050608679056351
10 0.078791848471789
10 0.028438074422488
10 0.060867007547679
10 0.032337823670886
10 0.044738885771084
10 0.058902104487489
10 0.026894045664982
10 0.038851419835479
10 0.039277914270766
10 0.035264390257297
10 0.375537015478275
10 0.037005653778637
10 0.041977904572517
10 0.055452628287302
10 0.488598372094888
10 0.013291359743742
10 0.044812133854334
10 0.053085842706722
10 0.051309118477884
10 0.039285753393554
10 0.053539338973581
10 0.035421053167256
10 0.061365786763666
10 0.136577117820319
10 0.025382072327048
10 0.046143860905677
10 0.025468480618056
10 0.046817204328963
10 0.054991187333359
10 0.062154556632667
10 0.040180995794882
10 0.060996018449864
10 0.029066324485923
10 0.080073171482510
10 0.086564209454592
10 0.030450756013517
10 0.035499886528471
10 0.056222858437728
10 0.226920742492679
10 0.434337783384589
10 0.029935992349099
10 0.056579217913605
10 0.034695797749078
10 0.053525943573797
10 0.043921729817141
10 0.252056089385484
10 0.032059195016079
10 0.030999384947122
10 0.052660376635901
10 0.031451802346048
16 0.152137384951110
16 0.167490154335167
16 0.327785574007071
16 0.175575318519567
16 0.327344673568659
16 0.214705092416318
16 4.864285409888888
16 0.124461091665790
16 0.103331011817636
16 0.277587782124539
16 0.105449733448286
16 0.188784345965741
16 0.210140453061719
16 0.614186773371183
16 0.197485298456054
16 0.344330862578415
16 0.186788530045293
16 0.177539782884033
16 0.138790361010807
16 0.734470228641111
16 0.710233693704344
16 0.263090941974544
16 0.374937485429602
16 0.193121924192650
16 0.248787585149413
16 0.298066139791524
16 0.240326973255361
16 0.217339837223979
16 0.315882560058484
16 0.166999667090453
16 0.106909020025117
16 0.298756462343479
16 0.352104067029163
16 0.238032006309997
16 0.238089909765448
16 0.347146533421965
16 0.410639077956405
16 0.195052375650793
16 0.264879228665388
16 0.972558176763868
16 0.153926670454659
16 0.202044394431550
16 0.367288112041824
16 0.451261119574012
16 0.562592701024700
16 1.311693791467687
16 0.243653612444992
16 0.208845312554144
16 0.206595826812447
16 0.279188358420924
16 0.258439468568158
16 0.154439522727354
16 0.134846831912395
16 0.224618678302340
16 0.139001314322425
16 0.271731882206923
16 0.325910228840885
16 0.223711452567706
16 0.680662650479307
16 0.189083384642899
16 0.409111936885362
16 0.317575604739059
16 0.234618107234676
16 0.817463243953696
16 0.154018068538424
16 1.189978072728684
16 0.223299552057700
16 0.078903117133915
16 0.205156888767238
16 0.430802924857449
16 0.174663801623471
16 0.561036120300219
16 0.424239290245800
16 0.266432532228644
16 0.231370911262855
16 0.182918106941203
16 0.381818160497175
16 1.521121360806061
16 0.280242069112760
16 0.146152278949680
16 0.365758581114608
16 0.173550545840653
16 0.129088008101318
16 0.121002379597140
16 0.509896077309313
16 0.649132212181994
16 1.038557786531933
16 0.196451809369423
16 0.338055613990653
16 0.251616921221960
16 0.172204892680877
16 0.234310623924984
16 0.169323579625090
16 0.254087552781483
16 1.790699701121902
16 0.147231602805891
16 0.165140881383588
16 2.406012950345583
16 0.155621822604999
16 0.542018321467458
16 0.258439468568158
16 0.154439522727354
16 0.134846831912395
16 0.224618678302340
16 0.139001314322425
16 0.271731882206923
16 0.325910228840885
16 0.223711452567706
16 0.680662650479307
16 0.189083384642899
16 0.409111936885362
16 0.317575604739059
16 0.234618107234676
16 0.817463243953696
16 0.154018068538424
16 1.189978072728684
16 0.223299552057700
16 0.078903117133915
16 0.205156888767238
16 0.430802924857449
16 0.174663801623471
16 0.561036120300219
16 0.424239290245800
16 0.266432532228644
16 0.231370911262855
16 0.182918106941203
16 0.381818160497175
16 1.521121360806061
16 0.280242069112760
16 0.146152278949680
16 0.365758581114608
16 0.173550545840653
16 0.129088008101318
16 0.121002379597140
16 0.509896077309313
16 0.649132212181994
16 1.038557786531933
16 0.196451809369423
16 0.338055613990653
16 0.251616921221960
16 0.172204892680877
16 0.234310623924984
16 0.169323579625090
16 0.254087552781483
16 1.790699701121902
16 0.147231602805891
16 0.165140881383588
16 2.406012950345583
16 0.155621822604999
16 0.542018321467458
16 0.168909849920633
16 0.456682107427512
16 0.315814170211176
16 0.087919235337252
16 0.211307261249130
16 0.264082617720382
16 0.193400987332386
16 0.559267973320506
16 0.136352210032062
16 0.139720493295749
16 0.277633545061858
16 0.201454043995510
16 0.145706604220471
16 1.065842253641794
16 0.575846244654372
16 0.168272030216690
16 0.138189282269054
16 0.198512519692027
16 0.133860514357449
16 0.209917192777446
16 0.944735149758737
16 0.247439826649382
16 0.300203349047228
16 0.454136493065114
16 0.213021894588749
16 1.243546496265480
16 0.252980985908382
16 0.268453615089133
16 0.233156423490199
16 0.229970955329742
16 0.115283392877467
16 0.197017815289573
16 0.247534675325235
16 0.245681817871666
16 0.115684462773263
16 0.146374454734104
16 0.465053793799136
16 0.240812574837581
16 0.155356602627703
16 0.329338458334533
16 0.164157571261550
16 1.644311157227901
16 0.270809452500011
16 0.235867808775722
16 0.279543279037697
16 0.208306511687641
16 0.343506238392288
16 0.299408252240034
16 0.200652271043687
16 0.113957634856467
16 0.258439468568158
16 0.154439522727354
16 0.134846831912395
16 0.224618678302340
16 0.139001314322425
16 0.271731882206923
16 0.325910228840885
16 0.223711452567706
16 0.680662650479307
16 0.189083384642899
16 0.409111936885362
16 0.317575604739059
16 0.234618107234676
16 0.817463243953696
16 0.154018068538424
16 1.189978072728684
16 0.223299552057700
16 0.078903117133915
16 0.205156888767238
16 0.430802924857449
16 0.174663801623471
16 0.561036120300219
16 0.424239290245800
16 0.266432532228644
16 0.231370911262855
16 0.182918106941203
16 0.381818160497175
16 1.521121360806061
16 0.280242069112760
16 0.146152278949680
16 0.365758581114608
16 0.173550545840653
16 0.129088008101318
16 0.121002379597140
16 0.509896077309313
16 0.649132212181994
16 1.038557786531933
16 0.196451809369423
16 0.338055613990653
16 0.251616921221960
16 0.172204892680877
16 0.234310623924984
16 0.169323579625090
16 0.254087552781483
16 1.790699701121902
16 0.147231602805891
16 0.165140881383588
16 2.406012950345583
16 0.155621822604999
16 0.542018321467458
16 0.081426652610855
16 0.187380217021111
16 0.220738277006417
16 0.811393076648105
16 3.089393166188283
16 1.253246187427341
16 0.480344665967469
16 0.096057117536562
16 0.185550504866463
16 2.401423131952652
16 0.218050832110146
16 0.436332985379373
16 0.301738652287015
16 0.191230816444071
16 0.152834808746483
16 0.165946369155041
16 0.281985297605248
16 0.181027982198062
16 0.268224786579218
16 2.949469322807317
16 0.258753753901939
16 0.286025388990081
16 0.337491763152438
16 0.177619787216718
16 0.424544610677510
16 0.247420990681811
16 0.236191934472018
16 0.211225063176622
16 0.273319081034589
16 0.111080816651986
16 0.315362203085932
16 0.283303087370133
16 0.390297772050358
16 0.162285737840653
16 0.209557763089325
16 0.154309261557373
16 0.114507788642598
16 0.437273559612667
16 0.187260602797140
16 0.310523244906315
16 0.196268077060540
16 0.340873382697484
16 1.291153141420850
16 0.129518125007058
16 0.129955931020440
16 9.802532187212854
16 0.418074086430495
16 0.179455133480236
16 0.371195591792199
16 0.241792617681048
16 1.621060565431593
16 0.171785610271653
16 0.313235499865676
16 0.201479455683772
16 0.177619919283528
16 0.174016053007491
16 0.405057475623297
16 0.127558258344957
16 0.272963698773701
16 0.838309992368754
16 0.173566876310816
16 0.206824300175784
16 0.237660527427140
16 0.236742534734906
16 0.181638963541703
16 0.229259837141476
16 0.184391705216860
16 0.390072004961762
16 0.096768807681600
16 0.302490364188646
16 0.162753700808885
16 0.191687451535953
16 0.118366570202316
16 1.290663928822941
16 0.485467279344952
16 0.136453157899452
16 0.248493561390505
16 0.083124809998355
16 0.516007887569648
16 0.491529585040865
16 0.468228930740749
16 0.191104871654629
16 0.629029122212667
16 0.170737363526482
16 0.107846747365860
16 0.428574210381790
16 0.422838816838710
16 0.113147153140086
16 0.193180542599773
16 0.220825355479498
16 0.206846735351981
16 0.385313439512905
16 0.488089612865335
16 0.625267538499152
16 0.156992665280878
16 0.202425921227866
16 0.308744104018385
16 0.355652070283738
16 0.332816481840427
16 0.185530018355533
16 0.558072805826445
16 0.577032832534083
16 0.245389983278556
16 0.327129044488473
16 0.131478645275266
16 0.786820432117990
16 0.346333571898382
16 0.538551916276245
16 0.220803790858961
16 0.163623206854005
16 0.158445041545414
16 0.645334619448559
16 0.205863321942240
16 0.340600055659854
16 0.674758346636630
16 0.264740925232072
16 0.111161037402902
16 0.287711466267493
16 0.162989823543812
16 0.164207957944171
16 0.282320295357636
16 0.254250239773524
16 0.188458426502299
16 1.059393910883656
16 0.344266537399319
16 0.185874300301385
16 0.252464816479606
16 0.421268843668393
16 0.489589376836209
16 0.088299632113974
16 0.724324007250550
16 0.215172412996016
16 0.228500292561800
16 0.292218743655836
16 0.358383130095251
16 0.245280622400914
16 0.147915736317394
16 0.086013927143068
16 0.184947130088323
16 0.153077391622224
16 0.140620162526785
16 0.349522669135626
16 0.319591534578557
16 0.204264322268727
16 0.327746451509727
16 0.286869394254173
16 0.237631505925592
16 0.211972458085289
16 0.189530901122407
16 0.252841584505516
16 0.138916102425815
16 0.268853493929019
16 0.198045806415161
16 0.145219926591871
16 0.161246406805160
16 0.159218394131889
16 1.978748554597472
16 0.159400578709963
16 0.069112265035159
16 0.184318545371586
16 0.315209970488050
16 0.141767548241136
16 0.520305117434342
16 0.151417607529978
16 0.133730766863922
16 0.355584975356285
16 0.405122369526055
16 0.124765870157264
16 0.196646601855323
16 0.116990384577067
16 0.258016143792678
16 0.141028226613987
16 0.137141268668252
16 0.395839584762679
16 0.210344689795383
16 0.476170413312607
16 0.264446592342812
16 0.456377107808843
16 0.440518970038730
16 0.161952125133690
16 0.229094427278385
16 0.249609105110934
16 0.935510082457474
16 0.259216118903320
16 0.173091085739396
16 0.192940191970046
16 0.609261050559577
16 0.211278009457864
16 0.279311250183386
16 0.195731416422951
16 0.306792177673821
16 0.216362407939134
16 0.206317763143173
16 0.235862188619747
16 0.454384612565536
16 0.096250840044097
16 2.152716958662936
16 0.092857257870299
16 0.149754656251775
16 0.127466918118391
16 0.108508918332760
16 0.137221210930469
16 0.433139569681436
16 0.233998548231480
16 0.182574561868777
16 0.218852972619974
16 0.161494666768979
16 0.320460809765256
16 0.178994029366850
16 0.784720294502206
16 0.164750497411417
16 0.643164855114593
16 0.432982897954957
16 0.208368447546328
16 0.153409564408216
16 0.411122409475803
16 0.166670617251525
16 0.266443250231148
16 0.210696339024706
16 0.135537676154031
16 0.107845412339461
16 0.165104914284953
16 0.141167457415092
16 0.379299159446283
16 0.580941456511613
16 0.154338220510924
16 0.166327736739881
16 0.281809431209367
16 0.248077035621347
16 0.317791861064904
16 0.293428274313985
16 0.261517150744473
16 0.198246727705624
16 1.399642557284704
16 0.108165368553632
16 0.155500913545090
16 0.487984861691150
16 0.159029998636482
16 0.118345982431228
16 0.239192407130302
16 0.164846422513209
16 0.516019208633731
16 0.200299443472395
16 0.252728610967872
16 0.169979651930812
16 0.216668974843270
16 0.164687301314915
16 0.752297944633532
16 0.209348781518735
16 0.344800375907200
22 1.111711756463936
22 1.015623052442681
22 0.636556624088774
22 1.071247685313303
22 4.375146335911012
22 0.895086960909125
22 0.306318530685409
22 0.595440962360333
22 4.763915612321568
22 1.857402267721628
22 0.918033729560869
22 0.602132426368907
22 0.883754916676872
22 2.907497376046481
22 0.885219942220021
22 0.824755497233752
22 1.851913184467024
22 1.189913537380360
22 1.320337433054561
22 0.821165426095161
22 9.857526082096507
22 0.403957991846180
22 1.488900967189769
22 0.728815044299583
22 1.011967009468047
22 1.012188134624712
22 0.741737323178828
22 0.962034925470781
22 7.276237012928473
22 2.632332601451186
22 1.015257861369625
22 0.628834658165600
22 4.016918113877397
22 0.783721004157070
22 0.840893955538281
22 1.100051116640436
22 0.748780499796909
22 0.925041713750605
22 0.971958659480608
22 1.003333747393202
22 0.825787431281597
22 0.710979057755674
22 0.765793727482517
22 1.359298921819499
22 1.183823682037415
22 1.891117160583956
22 1.048212943472206
22 1.098085076194740
22 0.743238421906661
22 1.156308089290106
22 0.332230259976206
22 0.987558100364519
22 0.800285890846347
22 1.471155552671459
22 2.242583116303523
22 0.776999621428675
22 1.420511665742345
22 0.731870141660600
22 1.253268132649848
22 1.811410732703768
22 0.300513346728319
22 0.907693958694052
22 0.667224308664808
22 1.538930646707180
22 0.567884340970473
22 1.259822107893739
22 1.423100003421441
22 3.470823674012716
22 1.561751506208468
22 0.328550929969720
22 0.975358743508330
22 0.899656421792727
22 2.344441031837817
22 0.724386448858659
22 1.279561612935158
22 1.103110389565269
22 0.424681959045587
22 0.736866239364700
22 0.424378360217120
22 0.395890796242734
22 0.828082858479348
22 0.547831879740386
22 1.071698839323329
22 0.797868625653298
22 0.647198989867154
22 1.069046047434911
22 1.369400780062096
22 0.656599357888775
22 1.928976242945735
22 0.697494508470037
22 0.401685067366450
22 0.496926691452920
22 1.015786168151883
22 0.606009375823342
22 1.176910974287646
22 0.831991376076125
22 0.487669542468085
22 1.687138237991602
22 2.519664690724361
22 0.606263230238206
22 0.954911355468340
22 0.552087775875049
22 0.758779074609008
22 0.669166593660714
22 0.597942266592272
22 0.694226380855667
22 0.521344440914480
22 0.734613617980343
22 3.135951444697337
22 0.839439136769035
22 0.836404890678439
22 0.988928694116722
22 0.875904224484651
22 0.721840633022410
22 1.531380831685409
22 4.399373169195440
22 0.778272763202344
22 0.335794102398574
22 0.622058234387507
22 0.576148479115487
22 0.799495907751129
22 0.838851359692942
22 1.123404090561264
22 0.799366366846452
22 5.828738042618395
22 0.642359000843772
22 7.317948828912160
22 0.367246395276401
22 0.632318609487426
22 0.699378681607331
22 0.410189602201684
22 1.919219185147925
22 1.160057576011825
22 0.983322225706829
22 0.251645249214566
22 1.337860871355624
22 0.773680466489826
22 1.741848374084986
22 1.127435159298009
22 0.666803539754245
22 0.843863739765283
22 0.829064964968524
22 1.761453177711911
22 0.455367270512338
22 2.417751428861896
22 0.602997009596430
22 1.273382967796096
22 1.021011300687801
22 0.715825922133999
22 2.323646443042197
22 0.801511133915104
22 3.391636148316840
22 0.782330931341084
22 1.085289537803331
22 0.522002327762449
22 0.661429589076225
22 1.645656726225300
22 0.611351658858053
22 0.773921549038400
22 1.166091078654774
22 0.529881285288030
22 0.482924677067314
22 1.772754823530639
22 0.514599176614530
22 2.719121705396608
22 1.314043144656778
22 0.623647924575380
22 1.652831055344240
22 2.989875674315132
22 5.632893976084882
22 0.596781465720643
22 0.485468372324627
22 1.357064474834407
22 1.253494841168546
22 0.486324036978955
22 1.332780969510759
22 0.539060213788860
22 1.094832080979578
22 9.787532244685590
22 0.887437090263820
22 1.101593880209476
22 0.591302465437431
22 1.285731021193768
22 0.436365947890575
22 0.528873401045867
22 0.702482116798354
22 0.715249366278321
22 1.418353504107744
22 1.465882117150255
22 1.566160353726636
22 4.115001853362242
22 0.989051981785718
22 0.574112121775148
22 0.938665686829275
22 1.387563456939050
22 0.483522553789947
22 0.594518985312606
22 2.332358871331182
22 0.786679378321483
22 0.946894842319631
22 1.272632531016966
22 0.552685403915323
22 1.099479730574424
22 0.656579136998120
22 1.043166149247756
22 0.611505194939975
22 1.548071009960904
22 0.359723311473415
22 1.326640909665418
22 0.360172855640178
22 0.632683233880239
22 0.888437378503918
22 2.536806148601790
22 2.637006553868083
22 0.926997275358273
22 0.576853049193703
22 0.772653930350857
22 0.953424806456932
22 1.877772912967149
22 0.681499495342770
22 1.038597035095918
22 3.462217336254382
22 3.403431527211448
22 0.667785173266142
22 1.056376326462678
22 1.301534825334043
22 0.737149590905489
22 1.717270933673676
22 1.312406107387506
22 2.623585372886039
22 2.999462433827397
22 0.791081083458145
22 0.974691230965380
22 0.519914474655045
22 0.754442785683051
22 0.600987381970981
22 1.915513978638267
22 0.411990342030028
22 0.378642270613875
22 1.235112159189097
22 0.948392250341331
22 0.962822349505672
22 1.052048728765729
22 0.837091972788464
22 0.850360754830592
22 0.453426041678785
22 0.489369221444839
22 0.562903719320806
22 1.046962591854461
22 1.058603177138619
22 0.637886658139537
22 0.644254325186201
22 1.011400672837101
22 0.810996261399088
22 0.817087688502161
22 2.062762687395390
22 0.749427766549878
22 1.465731187995784
22 1.346976049076811
22 0.939856899312947
22 1.238288095094636
22 1.034037973870786
22 1.308663583377536
22 0.878391322273502
22 1.040951959336638
22 0.646568309307589
22 0.753978013527847
22 1.243592794971397
22 0.968455500337095
22 0.524193522134762
22 0.824119397418922
22 1.973171485698202
22 1.245849090221942
22 1.919369369347923
22 0.900359537484215
22 0.638480859511516
22 0.731437185352281
22 0.702806173884207
22 0.918832425531898
22 0.941777573069792
22 0.544960803616769
22 2.140971927549345
22 1.443103042356288
22 0.557719051531531
22 0.884251661173744
22 1.066426703309830
22 0.492175090012606
22 0.450875758587087
22 0.833237412619527
22 0.606039194165969
22 0.834072549050557
22 1.043935422092311
22 1.017371507105003
22 0.339539327913800
22 0.494627728963573
22 5.083546952038820
22 0.810696285732264
22 0.549350272849372
22 0.985635005470421
22 0.443336737833699
22 0.523661604043718
22 0.708705685775609
22 0.980626312207232
22 0.750260196437001
22 1.149355480447673
22 1.527320650990391
22 1.402812611667589
22 0.714485321565683
22 0.621145489691805
22 0.811048196442525
22 1.366809162254722
22 4.430938799788567
22 0.693349557761942
22 1.124884391514159
22 0.801678881114950
22 1.133273290324873
22 0.926220624435087
22 1.100298238931462
22 2.252121553708388
22 0.755340932379019
22 1.323220301364035
22 0.996474634439277
22 1.522774899364017
22 1.858795249352780
22 2.036270922727482
22 0.406142497378617
22 0.857080707250740
22 0.839364799284179
22 1.338288544031779
22 1.321311286316494
22 0.687459590206403
22 0.653925341972947
22 0.736691473671941
22 0.564738209716090
22 0.700194842454137
22 0.796320194479950
22 0.782458786729136
22 0.737767649633200
22 1.629663906370041
22 0.737500708119017
22 0.861591440727276
22 0.489166193080031
22 0.943191692344804
22 0.600479222999923
22 0.592972881023432
22 0.698946222640886
22 1.009963426832526
22 1.055247744910826
22 0.955579115366103
22 0.508757444096453
22 0.806246760052615
22 9.351050149951231
22 0.743203853423401
22 0.775772469471077
22 4.047209485546658
22 0.886060911741937
22 0.978482131612437
22 0.613600993656688
22 0.672988782979543
22 0.950936298312990
22 0.582127294351501
22 0.746870078844153
22 1.219458400467213
22 0.430848332436013
22 1.377312953323245
22 0.737944300474775
22 0.955609827414247
22 0.355349156660608
22 0.395037102090839
22 1.184363424574556
22 0.963134492749372
22 0.921937804770766
22 3.653166766699020
22 4.214410551423036
22 0.660596900511096
22 0.693678556712662
22 1.138573194892108
22 2.086970805757015
22 0.739787095228799
22 0.948595262950793
22 1.621931732209529
22 4.464964236255898
22 0.358725289364047
22 0.490017055534152
22 1.045562383497280
22 0.667940277728563
22 0.644876386156836
22 5.356029599776516
22 1.597505787135589
22 3.416937156159332
22 0.398206434327550
22 0.783474235748138
22 1.552038689155204
22 6.509396565186104
22 0.362198348875909
22 0.990362195911477
22 1.263871189553615
22 0.562804393169041
22 0.772608740071617
22 0.864638746407806
22 1.378645057136728
22 1.088465364779685
22 5.928490289017127
22 9.651621250700876
22 0.563280384328663
22 1.278334665501532
22 0.543593656755395
22 1.023761941761994
22 0.884097806259361
22 0.420884979803088
22 0.655132482206156
22 1.015056011092015
22 0.926885440248133
22 2.617508327414739
22 0.806869209991728
22 1.461217639461267
22 0.769949707109679
22 1.015878190167538
22 1.042468592089027
22 0.856025645036601
22 1.189941275165253
22 1.017894456456123
22 1.876367591215252
22 0.651383419407132
22 0.930046563024740
22 0.559614685745102
22 1.231235732361088
22 0.732383948053078
22 0.714895873132457
22 2.233134498884441
22 0.847640060084537
22 0.982421640860935
22 0.768573420646195
22 0.645290964013758
22 1.077078755572704
22 0.490556580063815
22 7.673625080285232
22 1.253747688991211
22 1.763577016255597
22 0.529631298238391
22 1.228186460106059
22 0.765557069576235
22 0.903555631106687
22 0.530019861618684
22 0.658008755221196
22 7.402887399250326
22 2.738181909214248
22 1.720548773698152
22 1.073702205324419
22 0.881889964104074
28 3.194438695605795
28 1.539668997672036
28 1.238770866946982
28 2.655345961456449
28 1.797032607856017
28 2.051174733895262
28 4.866744504750761
28 2.594998025905086
28 3.709773112026522
28 2.284446488386313
28 1.763848747775854
28 3.527045638106619
28 9.768741970582738
28 1.848587159256099
28 3.568932538462325
28 1.301484380367796
28 3.677509978473002
28 2.171766279429550
28 9.570056247613694
28 2.155426334336044
28 3.133442688043966
28 3.226772740715337
28 4.232335657466795
28 2.980670725493237
28 1.650836590423682
28 3.521140361891246
28 3.564569383150481
28 4.528232605594573
28 9.772789142145866
28 2.100390018745810
28 1.663383244009312
28 2.011783697326283
28 3.559289293160724
28 2.464288108988989
28 3.996986417702965
28 4.168947974356895
28 5.422529321922958
28 3.143062008620734
28 2.982227516249485
28 9.823214805479157
28 2.911794500181439
28 1.451629003581743
28 5.724707347023346
28 2.625623650044612
28 5.721153753515580
28 4.352087457068554
28 2.814292505193650
28 2.847022632266734
28 1.809916665890624
28 2.769444027785545
28 2.979510445385479
28 2.747205801597680
28 4.336039784619674
28 3.173753137512614
28 5.403448397437370
28 1.558707826905458
28 3.868823318636150
28 9.796131013628262
28 4.868579843248122
28 3.369599780374906
28 3.937664882429349
28 1.845492496320593
28 4.956212762914983
28 3.692654364462652
28 7.750413578194753
28 2.640015126032732
28 2.187911930225487
28 2.136497573520001
28 4.123566513421791
28 1.873991786897988
28 3.641633170476417
28 3.409006489828554
28 2.230012399016172
28 9.681283035199744
28 3.215644194520875
28 4.266857832868494
28 8.778986915635585
28 4.341533578559293
28 5.097665468609680
28 1.657065986571676
28 7.162756150063956
28 2.176177164512351
28 1.926304168354635
28 5.009599183592201
28 1.402458763401966
28 1.975123764394516
28 2.914636625826569
28 4.259666729910715
28 9.816459107181682
28 3.930669743403405
28 2.856070795269897
28 2.600879396788525
28 7.343737338444619
28 3.667318703198445
28 4.776590827134652
28 2.674418035198517
28 9.651083711914474
28 2.321041836377354
28 8.873034377064535
28 4.048914504373873
28 2.144177760509972
28 2.518288226365058
28 3.189741767060156
28 1.546290767115992
28 2.641561877564223
28 2.456967750692741
28 3.183052644297685
28 9.725621841401598
28 1.895986120775788
28 3.254823368822610
28 2.245994899445377
28 2.053447619222917
28 3.501403517895711
28 1.513407935469654
28 6.262964492891292
28 1.640960099819564
28 2.243230612432265
28 1.933215328819754
28 2.829790148961782
28 7.570060550746096
28 1.216487017438638
28 3.653492485696916
28 2.330890229928698
28 3.604098564884920
28 4.469675019929263
28 1.608187451413092
28 3.426355932193712
28 3.499754704869984
28 4.197384431813881
28 7.012559768301868
28 5.961605558951922
28 3.131100244438432
28 3.351360803948215
28 1.448779513883007
28 3.942689559529390
28 4.422231303168010
28 2.942099355966830
28 2.435645841621291
28 1.424172555425730
28 5.516335585721211
28 5.549839376570883
28 4.362848666453231
28 4.628646716210874
28 2.913564174359223
28 1.144985563535411
28 5.967892795704445
28 2.899434902654748
28 1.959411473564212
28 3.071010552366428
28 3.358323851155598
28 4.530254862852101
28 9.602226081741438
28 3.916785086533760
28 7.901803709667679
28 7.722488656356107
28 3.165370637424408
28 7.335642736980640
28 2.052772746435549
28 1.697806029170916
28 1.049143305161583
28 1.347438586279201
28 8.231207785678631
28 4.790813640593030
28 1.636169687051776
28 3.780013810803661
28 2.299992201470746
28 2.670299213164653
28 1.999628327234546
28 2.685815987932177
28 6.108093388743052
28 9.538218293153641
28 3.156068972040357
28 6.442012620703479
28 1.948322707174500
28 1.950131556290764
28 2.772764161304472
28 8.155576804617443
28 4.144688308584368
28 2.750318467799173
28 2.768169365490349
28 3.923668494382733
28 2.080505502584824
28 3.910880768972262
28 1.915531951366567
28 9.488842306807454
28 7.810905298806692
28 6.905190719565592
28 4.148756796469790
28 2.122083520217341
28 4.438183249530618
28 1.842431281766955
28 9.552476964911678
28 2.450320193406434
28 9.643345837604748
28 3.058503719845225
28 1.461251516385153
28 1.711249819391766
28 2.095944600287048
28 2.952379251501821
28 3.832612750840104
28 4.166816665769980
28 5.577976185745394
28 3.273250386095335
28 2.130448638195409
28 9.506248519033910
28 1.324694018135594
28 3.862936095100570
28 3.810843424409224
28 4.172173074934778
28 2.651554414211035
28 8.220363352794367
28 2.952651724500740
28 4.295117810123346
28 3.220131608106309
28 3.329528460327875
28 3.751041930661010
28 1.770375052866121
28 2.121994791761253
28 2.145208530037373
28 1.159900545654944
28 1.611822548133728
28 1.407580653941881
28 1.998240114491754
28 2.118523024238552
28 2.643076350891236
28 2.188214534876725
28 1.064901467552752
28 2.858756906582983
28 3.746300462599402
28 5.882085826011319
28 2.337556996124716
28 1.323727233366884
28 2.558795311094337
28 1.983288908624760
28 6.091690348890528
28 1.836551637177935
28 3.486455947095488
28 4.894168074273011
28 2.216205502738810
28 9.614771344685936
28 3.319864343341737
28 2.377258347357295
28 3.135655541245340
28 2.785767660425888
28 3.153800966109829
28 1.586686121152927
28 4.597362139069800
28 2.768322412432345
28 4.610447929619015
28 1.844039433142028
28 1.188672899489857
28 5.347674937989272
28 9.686053355497563
28 1.592434408868138
28 4.902887860336836
28 3.524400129717065
28 1.989317230570408
28 3.951748443203974
28 1.512526077172364
28 2.331695797594869
28 2.810108263053853
28 3.513588807566824
28 2.011321315508743
28 2.971713880801156
28 3.861557038607159
28 2.807988879633614
28 9.238598620395571
28 2.814691001287387
28 7.189143367664927
28 4.566405759886406
28 9.617505442600930
28 1.725269779664919
28 2.414718571266380
28 2.328574624830230
28 2.051171043059866
28 2.634231688758511
28 2.741150857920973
28 1.851891903071701
28 2.793068996469358
28 3.370360369112491
28 1.645229673642168
28 1.985407472440206
28 3.462913310677253
28 3.829120248250019
28 4.049761845543988
28 2.931552506725454
28 1.594160230213660
28 6.047261649354688
28 1.946459311639830
28 3.024658829270221
28 3.422039877135691
28 2.034387846692721
28 3.419232054456995
28 2.847531257842147
28 1.481803354167879
28 2.772307240198479
28 2.472271137855685
28 2.370893239987792
28 2.738063011367919
28 2.277329197267071
28 2.785381871317357
28 2.023660616058670
28 3.963989408385745
28 3.276608234742251
28 2.405260601834056
28 2.049044407771493
28 3.433185356460686
28 2.080429096186899
28 1.074433490017515
28 2.741671634359075
28 4.273797541522482
28 3.089150026549324
28 2.359007050845756
28 4.175443675809899
28 3.327256074288488
28 2.722391180307311
28 2.819230071030387
28 4.523676387075168
28 2.307547427112943
28 1.033228206707540
28 1.774337494747164
28 3.377427328672182
28 4.190101452992650
28 3.358613580722121
28 3.838817873871266
28 3.923354253928055
28 3.006469918105540
28 9.203579838324345
28 4.386510988792942
28 1.663693271069954
28 1.705953591885344
28 2.342256256594253
28 3.320255833978606
28 1.942064186367622
28 5.162072119548111
28 9.758003593513102
28 3.712505980040597
28 4.195923134379100
28 1.444476599534688
28 2.254599473376114
28 1.872743544223200
28 5.165911203981032
28 2.514682443386696
28 2.246542457820614
28 2.434408877238122
28 9.461878812037355
28 4.660340304720205
28 1.787263143673097
28 1.073673002429400
28 2.716091099673563
28 2.358801466861175
28 2.683547947319925
28 4.423199244200877
28 6.385938753849450
28 5.498830088827756
28 2.368414843918932
28 3.078599448897916
28 1.944289910876817
28 2.985002056673010
28 2.922296150204086
28 2.514123799732118
28 1.806242429332111
28 2.663334249147977
28 6.522049963994778
28 3.650604256950096
28 2.189717579318939
28 5.327922435544312
28 2.831841994218317
28 3.227750230670202
28 2.102822914171965
28 6.064024191206042
28 9.564738231596666
28 2.205788395696368
28 2.498086129125626
28 3.991093208731274
28 3.767442551913744
28 2.247824525397531
28 9.815107050047018
28 2.014064981788913
28 1.202116547100561
28 2.811054663910934
28 3.375314161623021
28 9.683238132153583
28 1.614580664640111
28 3.196799845530760
28 1.897102542394875
28 3.577084307993626
28 3.087694231816159
28 4.279991751647842
28 1.538752099240151
28 1.175294180994487
28 3.526583741255056
28 2.190083393664843
28 2.209691092006142
28 6.127141957531162
28 4.776554540726023
28 1.318180038911506
28 4.072099128147478
28 2.716599174700797
28 2.052304212585096
28 2.168896073754996
28 4.627588886905233
28 1.931829195428268
28 4.505666315236825
28 3.419478613214335
28 1.653240618087514
28 1.576941388043434
28 6.165821435538263
28 1.628136840439763
28 9.590719336665128
28 1.669164094773033
28 2.350230976503289
28 8.272735121675304
28 2.034526116424065
28 1.908911902133527
28 5.993159012600787
28 1.532287134396783
28 6.657814793213479
28 6.076467323368997
28 4.841847009635126
28 9.358802983683205
28 2.262023527359555
28 1.348613283635635
28 2.231265900757606
28 4.138278754213386
28 1.780249378632888
28 2.866664882028546
28 2.644264313350869
28 9.502961361583743
28 3.041308989461314
28 2.281075974983644
28 2.274821480096235
28 4.130928326895772
28 1.553808302955112
28 1.447613989017656
28 1.375791636096753
28 3.088337412947288
28 2.185088032839696
28 3.897302017406656
28 7.196524826717797
28 2.266069825174498
28 4.902786850252099
28 4.043682989195005
28 7.163096339522787
28 6.771741557913055
28 5.745288295962772
28 4.285348910881376
28 2.742576422742397
28 5.739076387023340
28 2.244794216135041
34 8.561052073567009
34 9.588125355124621
34 9.542039635923746
34 9.500593803059079
34 9.497100021787229
34 9.689486823894923
34 9.280190129875393
34 9.648038138121336
34 9.543513151894174
34 9.484435168933494
34 9.692518521700386
34 9.453676444859585
34 9.662246629428621
34 8.889942794123520
34 7.855259948518572
34 9.569942441784125
34 9.486395098725326
34 7.923461964015541
34 8.849001975046900
34 9.222641431951942
34 8.735200663773080
34 9.693844195672536
34 9.482117346366628
34 9.739248915448217
34 9.085682880713422
34 9.408676120433556
34 9.396687042555092
34 9.485419947192808
34 9.489731702780219
34 8.814850171409955
34 9.681695098860352
34 9.643495625778300
34 9.116581349560764
34 8.883707611537153
34 8.207338587332519
34 9.353392190841841
34 9.648991554853662
34 9.461695103700659
34 9.514948619234147
34 9.657175481812715
34 8.409230159706974
34 9.427851636123574
34 9.599367746139409
34 9.636234846411995
34 8.512427277176709
34 8.302641190470528
34 9.270013057273218
34 9.425379237147364
34 9.454387663602695
34 9.515850850224485
34 9.441209587899921
34 9.404312942076604
34 9.507922786868264
34 8.521686725939773
34 9.541495322066272
34 9.073863669716113
34 9.325781691942332
34 7.845629576395972
34 9.689055549865879
34 9.550531538181854
34 9.071169746498549
34 9.520331294063016
34 9.509051685878561
34 8.861281860082107
34 9.508247555047637
34 8.855502079640363
34 9.358257575391431
34 9.269365160266123
34 9.500711941553858
34 9.583179478258824
34 9.567245333178539
34 9.540714161441255
34 9.996729791310479
34 9.559176472235233
34 9.432279913041217
34 8.523563735850237
34 9.632826999965300
34 9.288142202721389
34 9.447357942322835
34 8.327461630793248
34 8.994606782238293
34 8.192790354368043
34 9.485219224352919
34 9.447353309156870
34 9.266574613871370
34 9.994994609875306
34 9.615527173013264
34 9.518722060780267
34 9.337484818338396
34 8.757320390849570
34 9.576806627316632
34 9.091872089635757
34 9.759464231940814
34 9.366236233787829
34 9.144583369135354
34 9.099844402829438
34 9.291885066607708
34 9.545657835323809
34 9.307057674013995
34 9.146860086293747
34 9.441209587899921
34 9.404312942076604
34 9.507922786868264
34 8.521686725939773
34 9.541495322066272
34 9.073863669716113
34 9.325781691942332
34 7.845629576395972
34 9.689055549865879
34 9.550531538181854
34 9.071169746498549
34 9.520331294063016
34 9.509051685878561
34 8.861281860082107
34 9.508247555047637
34 8.855502079640363
34 9.358257575391431
34 9.269365160266123
34 9.500711941553858
34 9.583179478258824
34 9.567245333178539
34 9.540714161441255
34 9.996729791310479
34 9.559176472235233
34 9.432279913041217
34 8.523563735850237
34 9.632826999965300
34 9.288142202721389
34 9.447357942322835
34 8.327461630793248
34 8.994606782238293
34 8.192790354368043
34 9.485219224352919
34 9.447353309156870
34 9.266574613871370
34 9.994994609875306
34 9.615527173013264
34 9.518722060780267
34 9.337484818338396
34 8.757320390849570
34 9.576806627316632
34 9.091872089635757
34 9.759464231940814
34 9.366236233787829
34 9.144583369135354
34 9.099844402829438
34 9.291885066607708
34 9.545657835323809
34 9.307057674013995
34 9.146860086293747
34 8.797119509406517
34 9.069256608858968
34 9.509095487432099
34 9.175136734434728
34 8.627228315799485
34 9.430055596589082
34 9.435053221443534
34 8.796598918533862
34 9.561465148223444
34 9.664883284414222
34 9.473926192293671
34 9.501294320228180
34 9.476937491600051
34 9.492835912828683
34 9.194800584603023
34 9.495112720732951
34 8.774411762965723
34 9.534812931892873
34 8.926425180060271
34 9.513361621000929
34 9.605249649693549
34 8.958079715349824
34 9.519517522268956
34 8.799337480776966
34 9.313835197113654
34 9.552639975629823
34 9.332374318861090
34 8.577862973623153
34 8.956489767614036
34 9.319909159847871
34 9.539102558054681
34 9.495240685600582
34 9.558586237984972
34 8.872742080019581
34 9.375126181671691
34 9.517603389389867
34 9.734650832449802
34 9.494881081734285
34 9.497860068627698
34 9.306408769088982
34 9.131326982719408
34 8.700155821600324
34 9.079101638077258
34 9.138091990598875
34 9.268612450441736
34 9.337740486764403
34 8.659374640006266
34 9.353601868839306
34 9.566587154064088
34 9.551080682763573
34 9.407066055475923
34 9.615271706511422
34 9.237861999222622
34 9.488775854195595
34 9.492880411526073
34 8.304107865065792
34 9.034537816825793
34 9.026075219310350
34 8.822653620470929
34 9.436692401807655
34 9.344004201926790
34 9.184878918812524
34 9.502802297655476
34 8.959235100991346
34 9.486252550716003
34 9.481709095603126
34 9.388342826457013
34 8.706315153837579
34 9.537641619250874
34 9.987766236862770
34 9.540890120671724
34 8.260986503065929
34 9.518156261791301
34 9.605444751014863
34 9.236984602204490
34 9.329124889645236
34 9.361354810992420
34 9.560238248701529
34 9.548078718437175
34 9.391893595703586
34 9.398245244290443
34 8.874379747863710
34 9.347293751965930
34 8.984472313559376
34 9.656204475664467
34 9.482404927064938
34 9.636271444314927
34 9.489269433356100
34 9.054898127872184
34 9.361245539117506
34 9.513716760058161
34 8.696031677055085
34 9.427692009538283
34 8.591628691936627
34 8.914884099572742
34 9.403608514397174
34 9.489063460682116
34 9.465674397320464
34 9.374941883414067
34 9.477360873330820
34 9.441209587899921
34 9.404312942076604
34 9.507922786868264
34 8.521686725939773
34 9.541495322066272
34 9.073863669716113
34 9.325781691942332
34 7.845629576395972
34 9.689055549865879
34 9.550531538181854
34 9.071169746498549
34 9.520331294063016
34 9.509051685878561
34 8.861281860082107
34 9.508247555047637
34 8.855502079640363
34 9.358257575391431
34 9.269365160266123
34 9.500711941553858
34 9.583179478258824
34 9.567245333178539
34 9.540714161441255
34 9.996729791310479
34 9.559176472235233
34 9.432279913041217
34 8.523563735850237
34 9.632826999965300
34 9.288142202721389
34 9.447357942322835
34 8.327461630793248
34 8.994606782238293
34 8.192790354368043
34 9.485219224352919
34 9.447353309156870
34 9.266574613871370
34 9.994994609875306
34 9.615527173013264
34 9.518722060780267
34 9.337484818338396
34 8.757320390849570
34 9.576806627316632
34 9.091872089635757
34 9.759464231940814
34 9.366236233787829
34 9.144583369135354
34 9.099844402829438
34 9.291885066607708
34 9.545657835323809
34 9.307057674013995
34 9.146860086293747
34 9.549006459770396
34 9.342663537771346
34 9.297563199907380
34 9.319231767619321
34 9.552439355198519
34 9.572662582889450
34 9.491020619372506
34 9.449201518376992
34 9.522500630880277
34 9.541924486604021
34 9.549032901798483
34 8.450282742901944
34 8.221975822109254
34 8.174060781952214
34 9.464618330228845
34 9.521842928627988
34 9.258104701328509
34 8.601465835476819
34 9.573745094352383
34 9.051225976529587
34 9.070192764610479
34 9.029220339453204
34 9.407216479098825
34 9.527868447691114
34 9.997202247451838
34 9.491442655191285
34 8.701128510638631
34 9.712800310286504
34 9.159374419023074
34 9.531869397531363
34 9.397322844485306
34 9.856861959362481
34 8.977293123898541
34 9.560579613702428
34 8.959956744233992
34 9.547381594724570
34 9.030381688365296
34 9.262738951465099
34 9.582398113777693
34 9.500328634327126
34 9.660713753243103
34 9.579824690102496
34 9.530040176367503
34 9.598317737568131
34 9.492374464420713
34 9.430472351217359
34 8.547307496886706
34 8.897138706163622
34 9.167684787863655
34 8.851724301380292
34 8.797119509406517
34 9.069256608858968
34 9.509095487432099
34 9.175136734434728
34 8.627228315799485
34 9.430055596589082
34 9.435053221443534
34 8.796598918533862
34 9.561465148223444
34 9.664883284414222
34 9.473926192293671
34 9.501294320228180
34 9.476937491600051
34 9.492835912828683
34 9.194800584603023
34 9.495112720732951
34 8.774411762965723
34 9.534812931892873
34 8.926425180060271
34 9.513361621000929
34 9.605249649693549
34 8.958079715349824
34 9.519517522268956
34 8.799337480776966
34 9.313835197113654
34 9.552639975629823
34 9.332374318861090
34 8.577862973623153
34 8.956489767614036
34 9.319909159847871
34 9.539102558054681
34 9.495240685600582
34 9.558586237984972
34 8.872742080019581
34 9.375126181671691
34 9.517603389389867
34 9.734650832449802
34 9.494881081734285
34 9.497860068627698
34 9.306408769088982
34 9.131326982719408
34 8.700155821600324
34 9.079101638077258
34 9.138091990598875
34 9.268612450441736
34 9.337740486764403
34 8.659374640006266
34 9.353601868839306
34 9.566587154064088
34 9.551080682763573
34 9.549006459770396
34 9.342663537771346
34 9.297563199907380
34 9.319231767619321
34 9.552439355198519
34 9.572662582889450
34 9.491020619372506
34 9.449201518376992
34 9.522500630880277
34 9.541924486604021
34 9.549032901798483
34 8.450282742901944
34 8.221975822109254
34 8.174060781952214
34 9.464618330228845
34 9.521842928627988
34 9.258104701328509
34 8.601465835476819
34 9.573745094352383
34 9.051225976529587
34 9.070192764610479
34 9.029220339453204
34 9.407216479098825
34 9.527868447691114
34 9.997202247451838
34 9.491442655191285
34 8.701128510638631
34 9.712800310286504
34 9.159374419023074
34 9.531869397531363
34 9.397322844485306
34 9.856861959362481
34 8.977293123898541
34 9.560579613702428
34 8.959956744233992
34 9.547381594724570
34 9.030381688365296
34 9.262738951465099
34 9.582398113777693
34 9.500328634327126
34 9.660713753243103
34 9.579824690102496
34 9.530040176367503
34 9.598317737568131
34 9.492374464420713
34 9.430472351217359
34 8.547307496886706
34 8.897138706163622
34 9.167684787863655
34 8.851724301380292
34 9.407066055475923
34 9.615271706511422
34 9.237861999222622
34 9.488775854195595
34 9.492880411526073
34 8.304107865065792
34 9.034537816825793
34 9.026075219310350
34 8.822653620470929
34 9.436692401807655
34 9.344004201926790
34 9.184878918812524
34 9.502802297655476
34 8.959235100991346
34 9.486252550716003
34 9.481709095603126
34 9.388342826457013
34 8.706315153837579
34 9.537641619250874
34 9.987766236862770
34 9.540890120671724
34 8.260986503065929
34 9.518156261791301
34 9.605444751014863
34 9.236984602204490
34 9.329124889645236
34 9.361354810992420
34 9.560238248701529
34 9.548078718437175
34 9.391893595703586
34 9.398245244290443
34 8.874379747863710
34 9.347293751965930
34 8.984472313559376
34 9.656204475664467
34 9.482404927064938
34 9.636271444314927
34 9.489269433356100
34 9.054898127872184
34 9.361245539117506
34 9.513716760058161
34 8.696031677055085
34 9.427692009538283
34 8.591628691936627
34 8.914884099572742
34 9.403608514397174
34 9.489063460682116
34 9.465674397320464
34 9.374941883414067
34 9.477360873330820
