10 0.021604240329742
10 0.013270647900509
10 0.024145359579308
10 0.023808016169151
10 0.011225482176978
10 0.008707543914787
10 0.017346639573027
10 0.031572077615050
10 0.016132163237289
10 0.021507542600456
10 0.031762703144376
10 0.021331797700915
10 0.025588661453192
10 0.014131126631662
10 0.030686136957959
10 0.031531529006038
10 0.004249057524294
10 0.016053829153685
10 0.019124968396000
10 0.015500738463581
10 0.024446302026425
10 0.029703529518069
10 0.032342170271861
10 1000000000000000019884624838656.000000000000000
10 0.028394892561514
10 0.026383745410037
10 0.028194203718362
10 0.024507722089345
10 0.017497957910743
10 0.033178662592301
10 0.026839644013532
10 0.031352761043204
10 0.033197885769013
10 0.007905332820645
10 0.049073151392887
10 0.026659512783981
10 0.019872939440670
10 0.030187385957436
10 0.033920212990360
10 0.035205721474244
10 0.042594986105735
10 0.030570903947263
10 0.019126997490049
10 0.023258001519282
10 0.027195830035201
10 0.030839320551558
10 0.032842784569265
10 0.030828473019568
10 0.025660059138955
10 0.039782102650946
10 0.034702587971867
10 0.041342230412928
10 0.029745695889203
10 0.031124005211709
10 0.023419283697547
10 0.029556177521395
10 0.026831371109611
10 0.037043325518535
10 0.027040402013465
10 0.039728006462405
10 0.018279827769545
10 0.026586609080206
10 0.030925151820740
10 0.028166084341900
10 0.041692088456429
10 0.026857036082298
10 0.016841424899132
10 0.019291078948310
10 0.032825754154041
10 0.049462795863772
10 0.015550493218497
10 0.030769523812513
10 0.029114982014695
10 0.007193113330024
10 0.023998973888101
10 0.020905062395887
10 0.021246917076734
10 0.029576897556492
10 0.021303606510600
10 0.027841973916507
10 0.031726412324016
10 0.027664130801905
10 0.016317188864744
10 0.007128089920733
10 0.026961114325451
10 0.029024861764688
10 0.029025389349617
10 0.022913440427864
10 0.023973119810961
10 0.043018716784482
10 0.029380454566459
10 0.039090247831832
10 0.034692375329967
10 0.022686582402949
10 0.029377859258376
10 0.023933646394903
10 0.023539104527415
10 0.022863503531236
10 0.033753628200419
10 0.016351441948936
10 0.032166196328414
10 0.020930910474129
10 0.020623025602246
10 0.029305103195297
10 0.021350174352278
10 0.033783486639492
10 0.030273132107802
10 0.018414741321750
10 0.023225419796719
10 0.024442978381897
10 0.034308646841450
10 0.028316204795340
10 1000000000000000019884624838656.000000000000000
10 0.024087165709501
10 0.023455994012505
10 0.013678450687850
10 0.024485471423025
10 0.021781817829103
10 0.030890507212441
10 0.030577409686833
10 0.023973119810961
10 0.043018716784482
10 0.029380454566459
10 0.039090247831832
10 0.034692375329967
10 0.022686582402949
10 0.029377859258376
10 0.023933646394903
10 0.023539104527415
10 0.022863503531236
10 0.033753628200419
10 0.016351441948936
10 0.032166196328414
10 0.020930910474129
10 0.020623025602246
10 0.029305103195297
10 0.021350174352278
10 0.033783486639492
10 0.030273132107802
10 0.018414741321750
10 0.023225419796719
10 0.024442978381897
10 0.034308646841450
10 0.028316204795340
10 1000000000000000019884624838656.000000000000000
10 0.024087165709501
10 0.023455994012505
10 0.013678450687850
10 0.024485471423025
10 0.021781817829103
10 0.030890507212441
10 0.030577409686833
10 0.015611948564466
10 0.030347169885733
10 0.038284444253152
10 0.024987950856904
10 0.022065790567112
10 0.015770465343995
10 0.027806609437227
10 0.035375845715138
10 0.021573167096020
10 0.023583873831940
10 0.030025699291882
10 0.038424882567928
10 0.025769186503338
10 0.023736737644000
10 0.024952430294629
10 0.032781516302459
10 0.025645043653572
10 0.041797574657680
10 0.032558463320409
10 0.026050857680633
10 0.031247842026119
10 0.028690896323652
10 0.029952647866456
10 0.019137757658339
10 0.041535294033348
10 0.038190708879720
10 0.018210778481135
10 0.029450720313778
10 0.023071785085502
10 0.021139535661203
10 0.046542478032713
10 0.014195314643780
10 0.032631183345880
10 0.028597920020358
10 0.028163291932106
10 0.025487988972482
10 0.023388577679492
10 0.034832004176340
10 0.022859927833130
10 0.021727953533119
10 0.046535967716487
10 0.029584856135111
10 0.036786457312954
10 0.024110764609465
10 0.027886364461962
10 0.019772219174152
10 0.031765307936559
10 0.032158147461125
10 0.021769426999561
10 0.020213856154489
10 0.024970978542250
10 0.028759354248826
10 0.025897469138978
10 0.027338380916907
10 0.038625108559272
10 0.030927264569420
10 0.041947100870517
10 0.033888113018391
10 0.021853711120133
10 0.028489110130395
10 0.032054018218685
10 0.023302875665004
10 0.024661266446077
10 0.026846286501929
10 0.017767901433425
10 0.031064959354469
10 0.030421266731276
10 0.008006548017871
10 0.016683408697174
10 0.038101046884647
10 0.021912006402234
10 0.041357494054274
10 0.024878921413864
10 0.049698150511811
10 0.012683933871310
10 0.015096105637187
10 0.025854425986755
10 0.018090163273577
10 0.026140547852204
10 0.029174517962501
10 0.027868810587147
10 0.030885973062557
10 0.018934080776999
10 0.020860664893471
10 0.015231848437888
10 0.038025119504971
10 0.034092353903224
10 0.036924458598834
10 0.012774211839908
10 0.033934049687740
10 0.029474590225779
10 0.037794992644596
10 0.022530370347901
10 0.021912150667464
10 0.021969364455478
10 0.046254222710377
10 0.042032383054708
10 0.039754545245487
10 0.023253257317600
10 0.031863458042555
10 0.027594632683036
10 0.042252706353289
10 0.038159994196633
10 0.032111114709754
10 0.022718583222183
10 0.004286654584432
10 0.032088917259195
10 0.031832881715964
10 0.025920496634747
10 0.028432933809611
10 0.019853081975222
10 0.027430075002395
10 0.029379381169736
10 0.029388356772682
10 0.023501169298505
10 0.017679490917750
10 0.025998911093968
10 0.024109839186351
10 0.044880473446339
10 0.016212591716613
10 0.023369167387709
10 0.018463292268098
10 0.017321665027045
10 0.010510384983783
10 1000000000000000019884624838656.000000000000000
10 0.033488393710415
10 0.033434563111227
10 0.017548512333489
10 0.036516342854776
10 0.024359232087786
10 0.028378505799714
10 0.022627022791423
10 0.028503115507935
10 0.033341568547265
10 0.028315074725265
16 0.069616963443159
16 0.199348425426841
16 0.133258528477894
16 0.080119259547581
16 0.111889025795700
16 0.120489592767748
16 0.170988195816177
16 0.143014653494641
16 0.124543234833784
16 0.090999549614311
16 0.148655797750141
16 0.079793906685555
16 0.136925907102480
16 0.107478835774014
16 0.100887109035392
16 0.201909196910136
16 0.123773651340131
16 0.157086885041197
16 0.145771043944773
16 0.121231910079443
16 0.127516533274703
16 0.116830923669260
16 0.148978435639263
16 0.167419948080507
16 0.186868374894674
16 0.095792089339930
16 0.131034215384735
16 0.092549127651494
16 0.114925699231291
16 0.111944507110716
16 0.125511140469933
16 0.117230979882597
16 0.170776496686380
16 0.122748126058056
16 0.162752250222966
16 0.280013510762032
16 0.177123232050061
16 0.101111056097802
16 0.233341280450139
16 0.098044951541858
16 0.087814090129397
16 0.079649361877228
16 0.079406281312882
16 0.106438738840298
16 0.114087873657291
16 0.091410041716004
16 0.231345182267613
16 0.260499793705860
16 0.103752214336096
16 0.202469894891842
16 0.157160620815101
16 0.135952626861440
16 0.160511750316005
16 0.153542517401486
16 0.148389058456631
16 0.137399495950269
16 0.218282227672118
16 0.178638288539903
16 0.077079671961795
16 0.154370292591413
16 0.089057860703644
16 0.183798454317638
16 0.216850352769502
16 0.145659560166266
16 0.111956155814564
16 0.108950567966963
16 0.166813223489335
16 0.123526450301769
16 0.095855734888276
16 0.174844477118326
16 0.178055803286751
16 0.216293003971359
16 0.119230384032768
16 0.237798827192126
16 0.119066207077384
16 0.124942137408779
16 0.262594977288567
16 0.197882212882099
16 0.152266662808247
16 0.128274155433508
16 0.103402814661130
16 0.184935307320086
16 0.160555015519574
16 0.172441214428750
16 0.242831000924535
16 0.113281354189078
16 0.143464574858793
16 0.124068059108411
16 0.167962843314133
16 0.090395497127970
16 0.136758902100085
16 0.199041535889136
16 0.119143170956792
16 0.106775069312749
16 0.090361518706599
16 0.148449483484218
16 0.086204514024562
16 0.124729372674258
16 0.113145918549942
16 0.104822533707638
16 0.082354597262136
16 0.133967192812420
16 0.197149787104487
16 0.113950559514430
16 0.112798741906356
16 0.170442770785109
16 0.109012472582926
16 0.150523284256575
16 0.116410001892862
16 0.137243320825991
16 0.101440699404580
16 0.253997793596222
16 0.172224308898614
16 0.145583232379763
16 0.217695032021544
16 0.160859780922722
16 0.156069936001384
16 0.067327178345845
16 0.155651756826328
16 0.124571980606343
16 0.120915280874700
16 0.102941640744284
16 0.217011946011816
16 0.100559827146804
16 0.078209539108246
16 0.152197075357552
16 0.255229347367341
16 0.189073182626943
16 0.176673704884432
16 0.156052625577563
16 0.102284437456058
16 0.214208842352453
16 0.108531955551900
16 0.178729630969498
16 0.130828539534916
16 0.145660091442927
16 0.193888631637399
16 0.100669276923553
16 0.144550649174108
16 0.241591630506949
16 0.147894595094499
16 0.129289699211899
16 0.148589458754475
16 0.171656990838483
16 0.237544812175159
16 0.202116739723277
16 0.154324169543444
16 0.139366928463200
16 0.164407855416872
16 0.112111696842683
16 0.082354597262136
16 0.133967192812420
16 0.197149787104487
16 0.113950559514430
16 0.112798741906356
16 0.170442770785109
16 0.109012472582926
16 0.150523284256575
16 0.116410001892862
16 0.137243320825991
16 0.101440699404580
16 0.253997793596222
16 0.172224308898614
16 0.145583232379763
16 0.217695032021544
16 0.160859780922722
16 0.156069936001384
16 0.067327178345845
16 0.155651756826328
16 0.124571980606343
16 0.120915280874700
16 0.102941640744284
16 0.217011946011816
16 0.100559827146804
16 0.078209539108246
16 0.152197075357552
16 0.255229347367341
16 0.189073182626943
16 0.176673704884432
16 0.156052625577563
16 0.102284437456058
16 0.214208842352453
16 0.108531955551900
16 0.178729630969498
16 0.130828539534916
16 0.145660091442927
16 0.193888631637399
16 0.100669276923553
16 0.144550649174108
16 0.241591630506949
16 0.147894595094499
16 0.129289699211899
16 0.148589458754475
16 0.171656990838483
16 0.237544812175159
16 0.202116739723277
16 0.154324169543444
16 0.139366928463200
16 0.164407855416872
16 0.112111696842683
16 0.222363909736948
16 0.289656209832725
16 0.199480018671935
16 0.103300515973123
16 0.143919857078078
16 0.076247547978921
16 0.150128245579482
16 0.098401353392849
16 0.194770696498306
16 0.088955704299033
16 0.138274662870172
16 0.146457383068102
16 0.318526187005042
16 0.118066407114676
16 0.120339576629283
16 0.148059125459215
16 0.185549391100013
16 0.193499960563051
16 0.090635769574247
16 0.095751040630465
16 0.089191909314489
16 0.178036999602039
16 0.111585191611954
16 0.205724435087173
16 0.164473225005019
16 0.092862587784905
16 0.220963842812939
16 0.081565641344786
16 0.138515263414591
16 0.110742123257080
16 0.107001239732093
16 0.157725740603158
16 0.095338352652340
16 0.086277730401229
16 0.273580553661421
16 0.204697686595138
16 0.123693152210233
16 0.120759778911612
16 0.150499766927289
16 0.100654351656151
16 0.095634709135104
16 0.327921069713160
16 0.129377516929116
16 0.172864229301962
16 0.158857258041944
16 0.125382152408142
16 0.196183111057020
16 0.102002220703450
16 0.136029078326772
16 0.111077080652086
16 0.176766811859435
16 0.145025044169581
16 0.148534057220107
16 0.130573025151227
16 0.278732194424625
16 0.140013627714464
16 0.148810637845785
16 0.154990757010631
16 0.204060629500932
16 0.221576863666327
16 0.092907852072969
16 0.091288847652525
16 0.156156446460388
16 0.108077995888569
16 0.083500193719371
16 0.154616591204467
16 0.144254522960440
16 0.150118372973133
16 0.106214699370403
16 0.193470318157622
16 0.174358707631122
16 0.137780533240460
16 0.175712165654643
16 0.218448423570913
16 0.219938234803801
16 0.200324125018945
16 0.120091776291738
16 0.113610396814956
16 0.202313627614305
16 0.120408264986347
16 0.110841092050767
16 0.103940321245832
16 0.195877923970624
16 0.078928742166218
16 0.156641062283438
16 0.142853770147603
16 0.106850229885513
16 0.141262601738752
16 0.107642838562351
16 0.111617270599453
16 0.121532212450480
16 0.134284012584525
16 0.142464703634282
16 0.197665637060593
16 0.131654920718721
16 0.185205479202511
16 0.126582567823341
16 0.112003788318173
16 0.127982548824218
16 0.143247903858061
16 0.105292360334338
16 0.093100304054095
16 0.060764529054752
16 0.079181868025811
16 0.138620022550838
16 0.095708594442233
16 0.123665427223543
16 0.278564769563111
16 0.093747639644151
16 0.165014755321479
16 0.178159451545268
16 0.180330629294166
16 0.055518950234494
16 0.140188480039457
16 0.165684761120979
16 0.181925192661059
16 0.124391812376448
16 0.110733424259619
16 0.183994573241050
16 0.165453233391790
16 0.168036972594150
16 0.114460121894083
16 0.115952771916253
16 0.210953152785960
16 0.208585169586542
16 0.097737415600923
16 0.130874930839658
16 0.104782889484293
16 0.107164275428142
16 0.086227193349334
16 0.178105190848918
16 0.191634917157436
16 0.135037981663877
16 0.190146475550176
16 0.043874609289637
16 0.139580403900204
16 0.127445995956026
16 0.155489451546902
16 0.169786384402928
16 0.134891154711909
16 0.115656664631947
16 0.129069865615765
16 0.189386986248251
16 0.170557077142053
16 0.213235168034964
16 0.186658527731763
16 0.153922498771185
16 0.172148145290975
16 0.074501498764715
16 0.117572918014073
16 0.119038741816214
16 0.088972853232666
16 0.155220125136871
16 0.119967267903411
16 0.190900217198480
16 0.129974885239400
16 0.128813733199969
16 0.126828574323481
16 0.133019109940625
16 0.118396571970343
16 0.122620811174892
16 0.118598475174104
16 0.115767534155346
16 0.092840541353593
16 0.133509262379576
16 0.067728477857802
16 0.213219291713317
16 0.122370730708041
16 0.087958682694423
16 0.100837911992717
16 0.167059421549892
16 0.192915881675481
16 0.118719907102657
16 0.116683563336499
16 0.132583045140809
16 0.143474552488758
16 0.075379174599998
16 0.165910506915763
16 0.075883009142715
16 0.126533839978666
16 0.105870439208484
16 0.230037098313900
16 0.089883551337449
16 0.106410971964711
16 0.222513645623720
16 0.155925853221376
16 0.123151194691886
16 0.132669643832487
16 0.147786935395571
16 0.168722206339093
16 0.190534206397695
16 0.131440213897012
16 0.102766132919235
16 0.183666943283054
16 0.230035801159072
16 0.165371756634435
16 0.122730117094411
16 0.142621975481859
16 0.114024531737101
16 0.150483833748642
16 0.275372705283575
16 0.144460933191582
16 0.115343351786453
16 0.136733342095678
16 0.146210698574615
16 0.220083410054521
16 0.154053993890470
16 0.148925427782243
16 0.121796754217791
16 0.148509573805244
16 0.124862577283937
16 0.105008220592397
16 0.201733316497890
16 0.116130696541554
16 0.099711793958693
16 0.118209359539339
16 0.132335927234684
16 0.117701922309053
16 0.105561684149434
16 0.104479525567505
16 0.104911901126542
16 0.211137878293643
16 0.146168654995280
16 0.074098328332298
16 0.167973424248742
16 0.204826915997165
16 0.127732086482279
16 0.149300054308624
16 0.085214110644134
16 0.169949425599927
16 0.094472534500460
16 0.175850489867513
16 0.075720819704570
16 0.132703915463287
16 0.157039564294776
16 0.127068367271668
16 0.187207453316653
16 0.161320116450554
16 0.143767932825031
16 0.101461636216555
16 0.137636065611291
16 0.136814422165457
16 0.100716662006785
16 0.204719955390762
16 0.223776082121741
16 0.122129990376706
16 0.056940396399336
16 0.155763009559554
16 0.193870750422656
16 0.165468310922047
16 0.275372705283575
16 0.144460933191582
16 0.115343351786453
16 0.136733342095678
16 0.146210698574615
16 0.220083410054521
16 0.154053993890470
16 0.148925427782243
16 0.121796754217791
16 0.148509573805244
16 0.124862577283937
16 0.105008220592397
16 0.201733316497890
16 0.116130696541554
16 0.099711793958693
16 0.118209359539339
16 0.132335927234684
16 0.117701922309053
16 0.105561684149434
16 0.104479525567505
16 0.104911901126542
16 0.211137878293643
16 0.146168654995280
16 0.074098328332298
16 0.167973424248742
16 0.204826915997165
16 0.127732086482279
16 0.149300054308624
16 0.085214110644134
16 0.169949425599927
16 0.094472534500460
16 0.175850489867513
16 0.075720819704570
16 0.132703915463287
16 0.157039564294776
16 0.127068367271668
16 0.187207453316653
16 0.161320116450554
16 0.143767932825031
16 0.101461636216555
16 0.137636065611291
16 0.136814422165457
16 0.100716662006785
16 0.204719955390762
16 0.223776082121741
16 0.122129990376706
16 0.056940396399336
16 0.155763009559554
16 0.193870750422656
16 0.165468310922047
22 0.465214613528182
22 0.888820565281901
22 0.439372312000954
22 0.405214331702251
22 0.734547706215277
22 0.317789965447887
22 0.452124737676233
22 0.379066016952954
22 0.580187253689646
22 0.545122438671001
22 0.483312126711266
22 0.415848329926761
22 0.363195567541601
22 0.697828827483597
22 0.592572423272577
22 0.576897313519010
22 0.339977652295616
22 0.369929441799254
22 0.356168822960987
22 0.640391545855535
22 0.591205443783886
22 0.542703123625536
22 0.374840020810225
22 0.750336373192627
22 0.596041677737593
22 0.678682126401637
22 0.243973081260975
22 0.567712323594787
22 0.209294132664517
22 0.450610603290148
22 0.696806208792952
22 0.513019157775425
22 0.736723242536795
22 0.525067967646223
22 0.610880966149361
22 0.567889863277077
22 0.395286282735961
22 0.261070680318739
22 0.381013502452830
22 0.710117341123311
22 0.442537354942426
22 0.394092306389479
22 0.396224546869753
22 0.581645756790824
22 0.346446635454832
22 0.403277440540747
22 0.581960336359854
22 0.550899635682409
22 0.554541616817865
22 0.853386972186314
22 0.512693242691943
22 0.439868936684464
22 0.412304217489394
22 0.628652631104921
22 0.466647414788140
22 0.407128852771072
22 0.579868164558280
22 0.371216129867689
22 0.690909525041072
22 0.612683516543672
22 0.421043639845584
22 0.380485611481252
22 0.357965740068827
22 0.497101628927710
22 0.698312633893552
22 0.322839557614906
22 0.578879418476578
22 0.337961510242915
22 0.467174748330511
22 0.593273393021144
22 0.491114921231818
22 0.775816008395235
22 0.577613450709841
22 1.182438906508309
22 0.430214242340187
22 0.611350487979318
22 0.753300309248420
22 0.395635236134988
22 0.629596096210019
22 0.446879098657059
22 0.293079674997765
22 0.779808586101114
22 0.479013494411673
22 0.428160731291303
22 0.317496055818748
22 0.731609030051220
22 0.707573474759046
22 0.332137641461618
22 0.474976391763723
22 0.341357168859098
22 0.295032873643804
22 0.246125956251717
22 0.473837630814978
22 0.919966678813301
22 0.662161973989056
22 0.393938614613773
22 0.324406695768738
22 0.774832471581221
22 0.434396038376719
22 0.384076698553709
22 0.468516497809047
22 0.882444028752110
22 0.482743010401780
22 0.397236298908759
22 0.254967409803142
22 0.331535394491117
22 0.700229036357056
22 0.278093711383258
22 0.296347690694549
22 0.574819441979141
22 0.323151867295439
22 0.492067107281057
22 0.342003926561997
22 0.442116451162836
22 0.588136153611148
22 1.063385496084975
22 0.586040961383524
22 0.683908657639716
22 0.651651397543823
22 0.607880017415473
22 0.611762448156146
22 0.631854154530789
22 0.522599164261912
22 0.533335704365525
22 0.497228939878200
22 0.610833393218469
22 0.292498886375408
22 0.503438377907761
22 0.554055775644130
22 0.666319958051521
22 0.307212623378071
22 0.416314953497357
22 0.602213909071492
22 0.611434864636317
22 0.480199128111308
22 0.460845390062562
22 0.452401048322442
22 0.323364049516882
22 0.368587179965723
22 0.718997622569254
22 0.238777969837947
22 0.313446110895971
22 0.561188649840009
22 0.496852585753422
22 0.386720660178109
22 0.247877485469319
22 0.746379703497283
22 0.565453251020283
22 0.388090629427269
22 0.497968414624621
22 0.468516497809047
22 0.882444028752110
22 0.482743010401780
22 0.397236298908759
22 0.254967409803142
22 0.331535394491117
22 0.700229036357056
22 0.278093711383258
22 0.296347690694549
22 0.574819441979141
22 0.323151867295439
22 0.492067107281057
22 0.342003926561997
22 0.442116451162836
22 0.588136153611148
22 1.063385496084975
22 0.586040961383524
22 0.683908657639716
22 0.651651397543823
22 0.607880017415473
22 0.611762448156146
22 0.631854154530789
22 0.522599164261912
22 0.533335704365525
22 0.497228939878200
22 0.610833393218469
22 0.292498886375408
22 0.503438377907761
22 0.554055775644130
22 0.666319958051521
22 0.307212623378071
22 0.416314953497357
22 0.602213909071492
22 0.611434864636317
22 0.480199128111308
22 0.460845390062562
22 0.452401048322442
22 0.323364049516882
22 0.368587179965723
22 0.718997622569254
22 0.238777969837947
22 0.313446110895971
22 0.561188649840009
22 0.496852585753422
22 0.386720660178109
22 0.247877485469319
22 0.746379703497283
22 0.565453251020283
22 0.388090629427269
22 0.497968414624621
22 0.425109539113444
22 0.822698644612076
22 0.495348182604403
22 0.606571462121368
22 0.599807914300368
22 0.623991644586545
22 0.680421296824252
22 0.636831957423320
22 0.410635403565915
22 0.415283291586758
22 0.587507632916094
22 0.732276073510528
22 0.873558730586292
22 0.433679959288341
22 0.261051684727007
22 0.412540610085893
22 0.414230759851846
22 0.595131124765995
22 0.465041007536999
22 0.411596368942598
22 0.582324973438730
22 0.329777989193974
22 0.408042268236509
22 0.413604523882315
22 0.355108635317478
22 0.634135572523617
22 0.633131305718876
22 0.461702280215700
22 0.682431131697005
22 0.793894306069477
22 0.362890854292448
22 0.591865603823612
22 0.555540523074749
22 0.633352287716066
22 0.377363453459957
22 0.510169349292684
22 0.648066697910012
22 0.283339102168741
22 0.452957940647726
22 0.344188019565883
22 0.375719228313494
22 0.320111815430088
22 0.488362234147394
22 0.617898116935234
22 0.708014354730081
22 0.568617697038692
22 0.414485524238286
22 0.413315595300512
22 0.627282413663799
22 0.308814620277468
22 0.627329504295065
22 0.648849630711426
22 0.304020762118533
22 0.459511079144017
22 0.648455657289007
22 0.405829137532295
22 0.346028856265598
22 0.673894847702189
22 0.711818443078321
22 0.530330136702286
22 0.520112751595780
22 0.326844859182140
22 0.535329854345932
22 0.323359667981468
22 0.819720271061076
22 0.385423498721753
22 0.360995672327887
22 0.270681788610727
22 0.981532926194229
22 0.884618060207505
22 0.439036909200904
22 0.476706898657786
22 0.701560695729247
22 0.353082190516326
22 0.604053455263547
22 0.675587470687349
22 0.421327445633995
22 0.661677163415545
22 0.756358683685315
22 0.759678376593636
22 0.539132346047040
22 0.551693740249150
22 0.523332308465142
22 0.530990132138187
22 0.561149906052563
22 0.418011601836461
22 0.466886929956384
22 0.331406989202200
22 0.299247319969361
22 0.560795886065164
22 0.492474896600155
22 0.840618048524082
22 0.343890220343821
22 0.360919860908119
22 0.573018034624147
22 0.696831749684611
22 0.323773985699159
22 0.866536009763530
22 0.273234295581958
22 0.482718907061343
22 0.234527925631054
22 0.526720126853365
22 0.431537809788908
22 0.230324247528419
22 0.566620593084751
22 0.388011492385901
22 0.711348470190485
22 0.571742281315055
22 0.630485286410085
22 0.288987560075649
22 0.409590795142263
22 0.370179935550087
22 0.393456136989813
22 0.876842523459092
22 0.513147703936838
22 0.494519614119348
22 0.528940625849173
22 0.496200516549023
22 0.773139657130104
22 0.783555526242526
22 0.485702666383160
22 0.366717357165967
22 0.675067771814614
22 0.359523956074029
22 0.338759602528093
22 0.485263880712253
22 0.500607927180430
22 0.629134824972056
22 0.634711885752573
22 0.474672454828817
22 0.439357290176440
22 0.590645047968743
22 0.515437810046574
22 0.483813297159791
22 0.435710277588495
22 0.270500482888721
22 0.934530063145155
22 0.539029748526684
22 0.879213869652600
22 0.326291535066927
22 0.812257944660144
22 0.546920485961561
22 0.462698837903915
22 0.567723845109423
22 0.667265448292675
22 0.485786903582881
22 0.914955400729464
22 0.470010439496741
22 0.692365607046175
22 0.827921982907132
22 0.264142539900132
22 0.370233571451201
22 0.383421022095605
22 0.565766822996411
22 0.415130725772181
22 0.437990347456979
22 0.416467296637131
22 0.667610140146648
22 0.578974035456387
22 0.557819795577760
22 0.579750849981905
22 0.439237954146145
22 0.466211595968664
22 0.646518928656255
22 0.919835447753846
22 0.849173570661204
22 0.559653841421537
22 0.478818542888048
22 0.618301789203503
22 0.487928633282389
22 0.604111807372631
22 0.505727207279158
22 0.456137246807020
22 0.534684694735234
22 0.359098576092339
22 0.341410192781802
22 0.316001553841875
22 0.563004476164991
22 0.487297803430880
22 0.296883213369068
22 0.573770730415293
22 0.669391680302819
22 0.385262151861500
22 0.379721093440457
22 0.461207483408660
22 0.266693322917242
22 0.282106568670572
22 0.438351264219569
22 0.293887201344125
22 0.353224860204783
22 0.421100801707166
22 0.391412898056546
22 0.281627141743106
22 0.442335416701862
22 0.518188214995089
22 0.345979642602134
22 0.326512083963165
22 0.523984948916251
22 0.394108900624130
22 0.445316705150640
22 0.514206122417349
22 0.572992719748203
22 0.520959772376040
22 0.803773977108824
22 0.616517214971694
22 0.683446705806770
22 0.781874932509679
22 0.623751453202223
22 0.356164261566438
22 0.342810345112530
22 0.301344049001860
22 0.444020938979919
22 1.017657884731209
22 0.401359863669118
22 0.355672837457503
22 0.968710641890420
22 0.496699826712835
22 0.286440231307663
22 0.397522652653955
22 0.315613708613189
22 0.593123872533096
22 0.793627596263238
22 0.457759694997312
22 0.920505188859089
22 0.805040626571477
22 0.854340649029788
22 0.302306528210978
22 0.456410441802186
22 0.917696101389835
22 0.905294425895756
22 0.637017886834975
22 0.305541640313231
22 0.481357079749261
22 0.499003355834187
22 0.336035870530514
22 0.729570587099029
22 0.568490749036525
22 0.588187024846759
22 0.634115821166982
22 0.459870254205280
22 0.375604995545793
22 0.546375934060284
22 0.748854543920204
22 0.419541050772117
22 0.327508051588102
22 0.397214431102118
22 0.438339286980959
22 0.524268864102655
22 0.271397607396833
22 0.357001227000234
22 0.378973994248297
22 0.394427501837288
22 0.995751948178040
22 0.694925374007944
22 0.772944152793723
22 0.308035159427928
22 0.628875250107350
22 0.652821614417871
22 0.479734252437364
22 0.505571774051370
22 0.507903787036519
22 0.699117295448010
22 0.552179635153685
22 0.662564485550070
22 0.612742585297825
22 0.339074814447800
22 0.358808132529963
22 0.830922017727310
22 0.387323206767046
22 0.612956571092311
22 0.491017426288980
22 0.288648764999508
22 0.347343983509090
22 0.754135275125742
22 0.435310958187920
22 0.502597221267715
22 0.688954311802632
22 0.451354707752832
22 0.256457802458815
22 0.347876466234021
22 1.071916490657774
22 0.340651841309350
22 0.870653145424111
22 0.274129207215760
22 0.731413688168889
22 0.441767054513011
22 0.475192340014057
22 0.276087369021052
22 0.378163886293316
22 0.310080760644296
22 0.251963039898293
22 0.519786482432917
22 0.374306442222832
22 0.557213080384642
22 0.941046707592569
22 0.501232872276844
22 0.464114314299779
22 0.430724404660454
22 0.893617374789020
22 0.471280164353492
28 0.753758997152705
28 0.503702132603222
28 0.572646326818648
28 1.225501039151749
28 1.190145476026892
28 0.574381550282911
28 0.525107941717554
28 0.887583150924352
28 0.973685557627981
28 0.610658490251275
28 0.629268555352319
28 0.814396882292052
28 0.804682788217600
28 0.557045116422207
28 0.688967733639052
28 1.393527744600756
28 0.978687135105391
28 0.518060297361696
28 0.884846645559931
28 1.366880306116242
28 0.852009221713475
28 1.027093840898941
28 0.806334566942339
28 1.162410081342423
28 2.087745000540625
28 0.930039881959916
28 1.110687989669943
28 0.729112033296339
28 0.745578617865648
28 0.679024623911116
28 0.920196768208447
28 1.244767539488789
28 0.575646839019384
28 1.001505176568050
28 0.995698162111651
28 0.612401853677137
28 1.192826578862375
28 0.811339879685309
28 1.174998798299936
28 0.734422440175862
28 0.877517900257474
28 0.746457964858032
28 0.930642301752179
28 0.832286134991421
28 0.674160313936444
28 0.931565493877840
28 1.469262335899402
28 0.784979493835952
28 0.947465525129480
28 0.840639384551086
28 0.753758997152705
28 0.503702132603222
28 0.572646326818648
28 1.225501039151749
28 1.190145476026892
28 0.574381550282911
28 0.525107941717554
28 0.887583150924352
28 0.973685557627981
28 0.610658490251275
28 0.629268555352319
28 0.814396882292052
28 0.804682788217600
28 0.557045116422207
28 0.688967733639052
28 1.393527744600756
28 0.978687135105391
28 0.518060297361696
28 0.884846645559931
28 1.366880306116242
28 0.852009221713475
28 1.027093840898941
28 0.806334566942339
28 1.162410081342423
28 2.087745000540625
28 0.930039881959916
28 1.110687989669943
28 0.729112033296339
28 0.745578617865648
28 0.679024623911116
28 0.920196768208447
28 1.244767539488789
28 0.575646839019384
28 1.001505176568050
28 0.995698162111651
28 0.612401853677137
28 1.192826578862375
28 0.811339879685309
28 1.174998798299936
28 0.734422440175862
28 0.877517900257474
28 0.746457964858032
28 0.930642301752179
28 0.832286134991421
28 0.674160313936444
28 0.931565493877840
28 1.469262335899402
28 0.784979493835952
28 0.947465525129480
28 0.840639384551086
28 0.849860181780889
28 1.056832275234223
28 1.069969139006022
28 1.247827077191006
28 1.000733139572307
28 0.649742179689938
28 0.790346799806431
28 0.673205431149980
28 0.946014897217743
28 0.975228164757493
28 0.925542588285862
28 0.607976884078298
28 0.513158766459413
28 0.697444799385027
28 0.745837812810421
28 0.886569962158935
28 0.442397218834907
28 0.621177609380010
28 0.947682876906028
28 0.606057105260671
28 0.751039841522529
28 0.824182700922760
28 0.428190466336925
28 0.947355528088193
28 0.511592484734253
28 0.895099161010070
28 0.472157071966411
28 0.728087962837329
28 0.585146761393891
28 0.929202828812462
28 1.210074761089009
28 0.675252687554363
28 1.195613296786765
28 0.847568116260695
28 0.605234218035247
28 1.144897029022879
28 0.644233642263885
28 1.079487749757853
28 0.762072311947410
28 0.481428116126646
28 0.876573163747879
28 0.643725412352683
28 1.036689902172776
28 1.030540619688696
28 0.517872337560133
28 0.810177283435703
28 0.648432320377331
28 0.625173000610312
28 1.087266362423088
28 1.282113856898340
28 0.849860181780889
28 1.056832275234223
28 1.069969139006022
28 1.247827077191006
28 1.000733139572307
28 0.649742179689938
28 0.790346799806431
28 0.673205431149980
28 0.946014897217743
28 0.975228164757493
28 0.925542588285862
28 0.607976884078298
28 0.513158766459413
28 0.697444799385027
28 0.745837812810421
28 0.886569962158935
28 0.442397218834907
28 0.621177609380010
28 0.947682876906028
28 0.606057105260671
28 0.751039841522529
28 0.824182700922760
28 0.428190466336925
28 0.947355528088193
28 0.511592484734253
28 0.895099161010070
28 0.472157071966411
28 0.728087962837329
28 0.585146761393891
28 0.929202828812462
28 1.210074761089009
28 0.675252687554363
28 1.195613296786765
28 0.847568116260695
28 0.605234218035247
28 1.144897029022879
28 0.644233642263885
28 1.079487749757853
28 0.762072311947410
28 0.481428116126646
28 0.876573163747879
28 0.643725412352683
28 1.036689902172776
28 1.030540619688696
28 0.517872337560133
28 0.810177283435703
28 0.648432320377331
28 0.625173000610312
28 1.087266362423088
28 1.282113856898340
28 0.789843704821711
28 0.867601430829952
28 0.753990852161721
28 0.750512541481818
28 0.724823786333967
28 1.252468331865106
28 0.699276574802286
28 0.767324347622363
28 0.681405958424342
28 0.931169396846765
28 0.533581484258553
28 0.721890851115381
28 1.016927131556280
28 1.065025521637756
28 1.539986727327584
28 0.963552065604441
28 0.647219935287962
28 1.038088832376565
28 0.787817510444698
28 0.383637775348511
28 1.473294173598774
28 1.041501044029769
28 0.590778514121848
28 0.397181545527585
28 0.667182768066620
28 0.796472447770056
28 0.543415786998781
28 0.814741758387985
28 0.536150331664397
28 1.125190316307655
28 1.020102765946766
28 0.806541824544834
28 0.947312377481373
28 0.384859196358503
28 0.816594615252408
28 1.421651231916397
28 1.010687631094375
28 0.542800719506753
28 1.013941223297912
28 0.806063985106621
28 0.695783887231304
28 0.912122114236634
28 0.653198390900454
28 0.432801229679065
28 0.791487853182261
28 0.499422734183624
28 1.649134591128394
28 0.615645768466691
28 1.082473182488817
28 0.707718044460664
28 0.849860181780889
28 1.056832275234223
28 1.069969139006022
28 1.247827077191006
28 1.000733139572307
28 0.649742179689938
28 0.790346799806431
28 0.673205431149980
28 0.946014897217743
28 0.975228164757493
28 0.925542588285862
28 0.607976884078298
28 0.513158766459413
28 0.697444799385027
28 0.745837812810421
28 0.886569962158935
28 0.442397218834907
28 0.621177609380010
28 0.947682876906028
28 0.606057105260671
28 0.751039841522529
28 0.824182700922760
28 0.428190466336925
28 0.947355528088193
28 0.511592484734253
28 0.895099161010070
28 0.472157071966411
28 0.728087962837329
28 0.585146761393891
28 0.929202828812462
28 1.210074761089009
28 0.675252687554363
28 1.195613296786765
28 0.847568116260695
28 0.605234218035247
28 1.144897029022879
28 0.644233642263885
28 1.079487749757853
28 0.762072311947410
28 0.481428116126646
28 0.876573163747879
28 0.643725412352683
28 1.036689902172776
28 1.030540619688696
28 0.517872337560133
28 0.810177283435703
28 0.648432320377331
28 0.625173000610312
28 1.087266362423088
28 1.282113856898340
28 0.693286276653181
28 1.403476041129764
28 0.556454505255716
28 0.987443578785789
28 2.071349248800469
28 0.578133559627315
28 1.091954530008541
28 0.642496167550364
28 1.135092641050910
28 1.428272424429587
28 0.468458569280044
28 0.945240218193266
28 1.022699459635344
28 0.810677272321294
28 1.152416145440255
28 0.861050591886879
28 0.891845443231893
28 1.143610077902808
28 0.869807042696098
28 0.850569871478931
28 1.069087432726891
28 1.061629015749144
28 0.501961380562830
28 1.074169740102105
28 0.540362874377875
28 0.818729583930780
28 1.430343633656996
28 0.828324244460534
28 1.376800032397036
28 0.574179581759275
28 1.240579613968373
28 0.498077027245072
28 0.989729138853416
28 0.824206683533516
28 1.069926273540383
28 0.644914985427779
28 0.758960456213510
28 0.500998383448905
28 0.845807786858926
28 0.818124618146686
28 1.061162302519343
28 0.889810988722577
28 0.963824644979523
28 0.799552985034642
28 0.897362976613519
28 1.342272463964964
28 0.684252860177893
28 0.935113473898645
28 0.714335201389218
28 0.739631681440923
28 0.693286276653181
28 1.403476041129764
28 0.556454505255716
28 0.987443578785789
28 2.071349248800469
28 0.578133559627315
28 1.091954530008541
28 0.642496167550364
28 1.135092641050910
28 1.428272424429587
28 0.468458569280044
28 0.945240218193266
28 1.022699459635344
28 0.810677272321294
28 1.152416145440255
28 0.861050591886879
28 0.891845443231893
28 1.143610077902808
28 0.869807042696098
28 0.850569871478931
28 1.069087432726891
28 1.061629015749144
28 0.501961380562830
28 1.074169740102105
28 0.540362874377875
28 0.818729583930780
28 1.430343633656996
28 0.828324244460534
28 1.376800032397036
28 0.574179581759275
28 1.240579613968373
28 0.498077027245072
28 0.989729138853416
28 0.824206683533516
28 1.069926273540383
28 0.644914985427779
28 0.758960456213510
28 0.500998383448905
28 0.845807786858926
28 0.818124618146686
28 1.061162302519343
28 0.889810988722577
28 0.963824644979523
28 0.799552985034642
28 0.897362976613519
28 1.342272463964964
28 0.684252860177893
28 0.935113473898645
28 0.714335201389218
28 0.739631681440923
28 0.952712632067678
28 0.597280916292695
28 1.323609676939321
28 1.747606504922755
28 0.811108872466938
28 0.829368101392852
28 0.939164537052712
28 1.184933181668514
28 0.942832241786202
28 0.583388028673336
28 0.669369917638062
28 0.856386985050253
28 0.747445448306734
28 0.588536990879807
28 0.934656203601668
28 1.176300450181054
28 1.000318195007936
28 0.908111778811346
28 1.152004397687395
28 1.377567961694420
28 0.961553887893263
28 1.009771173254990
28 0.619869658562038
28 0.876132294281844
28 0.775394311177352
28 0.760841392386614
28 0.761681891503556
28 0.747926387465354
28 0.949658878135060
28 1.026097733767008
28 1.020536107384528
28 0.898164037053633
28 0.714363938517482
28 0.928324975609208
28 0.769536860337316
28 0.499007530323991
28 0.947654425101721
28 0.610113977833454
28 0.709035575791236
28 0.976904431920205
28 0.486351451695096
28 0.864147797839924
28 1.050132232502103
28 1.416898256046982
28 1.491683508536492
28 1.029416267804907
28 0.923269182396082
28 0.694823854881327
28 1.181945008349085
28 0.560071574402460
28 1.266920581158660
28 0.757241882859808
28 0.601644611361381
28 0.917462843345152
28 0.484470467848321
28 1.201224332544763
28 0.721757783702895
28 0.850387737597968
28 0.557662296989105
28 0.478064719835096
28 1.619770416576630
28 1.201505591187244
28 0.599060306970089
28 1.280338620289707
28 0.831980026624306
28 0.990481441134628
28 0.615483524501818
28 0.484987703560320
28 0.791887692320556
28 0.717144714717657
28 0.578994722149801
28 0.996979554112108
28 0.999925829366931
28 0.630190702967205
28 1.314645769978673
28 0.973322404623665
28 0.804694026610094
28 0.980182583378312
28 0.721379396557681
28 0.831553402162470
28 1.101930448829714
28 1.310953067636197
28 0.778543606823929
28 1.260882683473171
28 1.370816680940619
28 1.142143953841264
28 0.878301998182494
28 1.463851125320467
28 0.884534977822804
28 1.320785433277337
28 1.654113649573710
28 0.814989829699310
28 0.957795781099170
28 0.990130951841168
28 0.831924996221664
28 0.920867423726777
28 0.615806633414621
28 0.805293646295191
28 1.181238591983679
28 0.509532614595617
34 1.045592590525986
34 0.679626188599379
34 0.713543745641484
34 0.903519220295252
34 0.853945523401514
34 0.845835044134863
34 0.897932160241722
34 1.163440442448096
34 1.016395610112953
34 1.062118382275068
34 1.524276797934803
34 1.944720727589496
34 1.589668381642100
34 1.972327681255363
34 0.959757100923081
34 1.079886430863565
34 1.346167105724535
34 1.749880495327753
34 1.323156050642031
34 0.755285292812553
34 1.933178498272153
34 1.039159825091251
34 0.981061183676313
34 1.612566742520958
34 0.793426925260047
34 1.556681866018958
34 0.764792098669738
34 0.807008685605795
34 1.357413341389010
34 1.357924765002100
34 2.401456718323385
34 0.601017150276352
34 1.200102159536186
34 0.663898430239059
34 1.693631683846776
34 0.850908980290126
34 1.595494759156399
34 0.804405365129285
34 1.115220196490316
34 0.983739931514918
34 0.856561425309338
34 1.048696206083378
34 0.769819019718349
34 1.071529927024335
34 1.785439533796350
34 0.608621960544983
34 1.456450848574528
34 1.814420060208692
34 0.723591500840201
34 0.589679589490161
34 0.799434685187722
34 1.025445849744596
34 2.340233962485248
34 0.975897161627807
34 0.894983427173442
34 1.751199789412683
34 1.179289664333682
34 1.978563388255599
34 0.974025990285988
34 0.796233828845563
34 1.424409312725317
34 0.944406145246059
34 1.259509989659486
34 0.976477674498382
34 1.891393351895712
34 2.095601843094293
34 1.549258714516148
34 1.122594334047746
34 0.563218804307551
34 0.868849432025360
34 1.514116053682293
34 0.896365241937184
34 2.237748669862230
34 0.919667398690390
34 0.905065865012000
34 1.728389293694969
34 1.479882294225560
34 0.697864432194954
34 1.041434864320254
34 0.771459024236744
34 0.944181569740524
34 1.780684853109599
34 0.929639323636259
34 2.290177469634483
34 1.047032051692145
34 1.243138999664951
34 1.567940385200773
34 1.109272240838505
34 1.570165436456954
34 0.866637395479019
34 2.165193527330388
34 1.055999136701212
34 0.961152190711135
34 1.111707159608124
34 0.779545791866589
34 1.673521802466421
34 0.857247850657165
34 0.876958550074670
34 1.653983768774189
34 1.246513450829128
34 0.977412054390276
34 1.746810006598277
34 1.085036415090515
34 0.660283942172963
34 0.846075685739325
34 1.107760177771987
34 1.391850708766992
34 1.568334830080298
34 1.751793382608410
34 1.627920126590670
34 1.432003891203690
34 1.385614345506005
34 0.918357654808764
34 1.383215461001375
34 1.114406261394934
34 1.616745204138425
34 0.914795098081010
34 2.038790987770134
34 0.820138206400392
34 1.453072863111788
34 1.731654725161116
34 1.519661798256321
34 1.386824722837917
34 0.820841679034936
34 1.188889621802615
34 1.107056693337880
34 0.874014890462543
34 1.182732317547210
34 1.034427272856266
34 1.740105854005219
34 0.700417032720148
34 1.144475673114079
34 0.767133019661850
34 1.028555882549973
34 1.145235773293493
34 1.292434102245572
34 0.616489628087457
34 2.169823975057479
34 1.327310793482259
34 1.689711335089192
34 1.203479551560092
34 1.688219408865177
34 0.771074479490461
34 1.248032597077412
34 1.478866885706202
34 0.982067220102143
34 0.911246330876992
34 0.799810272598579
34 1.740077601531347
34 1.174849258438845
34 0.877080189142905
34 2.050592065433596
34 0.896900965662294
34 1.926280615864012
34 0.729188400169349
34 0.715721713647459
34 1.848652651320912
34 1.211484870097745
34 0.976282583381920
34 1.341156631316321
34 1.265141867027873
34 1.470904874103914
34 2.358231853328669
34 1.180776870804774
34 1.064057078152306
34 1.005552707168890
34 0.414420276661919
34 0.841370240077890
34 1.179574673699991
34 0.605584269189833
34 1.499614391599057
34 0.862000122665735
34 0.890715696836709
34 1.282640153316781
34 1.320142748505921
34 1.495471187812707
34 1.171991727262696
34 0.580528399154986
34 0.984933881713570
34 0.798440343956342
34 1.149821398899876
34 2.220569159025922
34 1.372351791256253
34 1.238805779280215
34 0.702324121602861
34 1.243875777254100
34 0.667167867563822
34 0.465352348211892
34 1.540469831945058
34 0.602040544535796
34 1.420674623544778
34 2.143653925512792
34 0.593266239247243
34 1.654616246154283
34 0.813228237572782
34 1.412847486084844
34 1.523440806692648
34 0.760371838691800
34 1.562516909166701
34 1.098125373948339
34 1.347793571890070
34 0.892360600349677
34 1.572558901554238
34 1.337069272718440
34 1.371372651800709
34 1.490890998856731
34 1.210978228866672
34 2.206486650614426
34 1.773557001679218
34 1.096064184131759
34 1.444923947809153
34 1.984726696942683
34 1.671671555418217
34 1.004620220032941
34 1.303269869389515
34 1.123612887123088
34 1.256261581200014
34 1.020985723323538
34 1.400863851891549
34 0.696951768908042
34 1.209011454241516
34 1.283791457104600
34 0.800878912377277
34 1.502002549583328
34 1.512368877622938
34 0.800972826606014
34 1.026109405926764
34 0.725957050030108
34 1.298218869572882
34 1.221754075232690
34 0.964475692466924
34 1.119380397978999
34 0.860734707427683
34 1.079573675811832
34 1.691690657290239
34 0.619954402845510
34 0.633991133551568
34 1.211086979331780
34 0.764045457475378
34 1.293716098358627
34 0.667625512628693
34 1.557323709919226
34 0.911761763921485
34 0.783472460587639
34 1.392332121835834
34 1.588146846165971
34 0.971520891436281
34 0.678508249317336
34 0.970054403839987
34 1.085948258734611
34 1.347793571890070
34 0.892360600349677
34 1.572558901554238
34 1.337069272718440
34 1.371372651800709
34 1.490890998856731
34 1.210978228866672
34 2.206486650614426
34 1.773557001679218
34 1.096064184131759
34 1.444923947809153
34 1.984726696942683
34 1.671671555418217
34 1.004620220032941
34 1.303269869389515
34 1.123612887123088
34 1.256261581200014
34 1.020985723323538
34 1.400863851891549
34 0.696951768908042
34 1.209011454241516
34 1.283791457104600
34 0.800878912377277
34 1.502002549583328
34 1.512368877622938
34 0.800972826606014
34 1.026109405926764
34 0.725957050030108
34 1.298218869572882
34 1.221754075232690
34 0.964475692466924
34 1.119380397978999
34 0.860734707427683
34 1.079573675811832
34 1.691690657290239
34 0.619954402845510
34 0.633991133551568
34 1.211086979331780
34 0.764045457475378
34 1.293716098358627
34 0.667625512628693
34 1.557323709919226
34 0.911761763921485
34 0.783472460587639
34 1.392332121835834
34 1.588146846165971
34 0.971520891436281
34 0.678508249317336
34 0.970054403839987
34 1.085948258734611
34 1.347793571890070
34 0.892360600349677
34 1.572558901554238
34 1.337069272718440
34 1.371372651800709
34 1.490890998856731
34 1.210978228866672
34 2.206486650614426
34 1.773557001679218
34 1.096064184131759
34 1.444923947809153
34 1.984726696942683
34 1.671671555418217
34 1.004620220032941
34 1.303269869389515
34 1.123612887123088
34 1.256261581200014
34 1.020985723323538
34 1.400863851891549
34 0.696951768908042
34 1.209011454241516
34 1.283791457104600
34 0.800878912377277
34 1.502002549583328
34 1.512368877622938
34 0.800972826606014
34 1.026109405926764
34 0.725957050030108
34 1.298218869572882
34 1.221754075232690
34 0.964475692466924
34 1.119380397978999
34 0.860734707427683
34 1.079573675811832
34 1.691690657290239
34 0.619954402845510
34 0.633991133551568
34 1.211086979331780
34 0.764045457475378
34 1.293716098358627
34 0.667625512628693
34 1.557323709919226
34 0.911761763921485
34 0.783472460587639
34 1.392332121835834
34 1.588146846165971
34 0.971520891436281
34 0.678508249317336
34 0.970054403839987
34 1.085948258734611
34 1.510936207196767
34 1.067765604770520
34 2.127272710745806
34 0.645354888914108
34 1.477924592582817
34 1.331984385644691
34 1.398892256757828
34 1.266349236451438
34 1.655235241323972
34 1.462835355056579
34 1.374826072917067
34 1.156046215925407
34 0.686522311156388
34 0.675389664386739
34 1.150237080146148
34 0.726070624684881
34 1.014206535324021
34 0.792816693280759
34 1.486918484301595
34 0.709434679579159
34 1.138710478398683
34 1.497421099538193
34 1.062954516391645
34 0.856373210100873
34 1.044727748969633
34 0.791185197707250
34 1.011649821437328
34 1.279006604654770
34 1.025209479027804
34 1.053737077077162
34 1.146535709573197
34 1.462480320759028
34 1.224878070045824
34 1.533544994791719
34 1.962685692573656
34 1.120413353066200
34 0.967814127996056
34 0.960169888801788
34 0.675202429374116
34 1.017911764769603
34 1.618960538873894
34 1.080654477059320
34 1.733691159766192
34 0.686727535116714
34 1.640782900232590
34 1.477100525534934
34 1.473445507359682
34 1.244802997856340
34 0.778759402015777
34 1.014694815966101
34 0.709743929209225
34 1.060996613822940
34 0.926078276530905
34 1.471456347675795
34 1.276372100626380
34 1.398773103312705
34 0.918905055714908
34 2.478327116988729
34 0.983818515333746
34 1.225003563488857
34 1.526341179942752
34 1.742058298467531
34 0.785992454559844
34 1.263844477530911
34 1.535798028186353
34 1.655819173241321
34 0.978611300977717
34 0.828652664995831
34 1.112636320691917
34 0.938743065239273
34 0.723962247608648
34 1.062086061502953
34 1.535294759651275
34 0.771192940926181
34 1.176319353291579
34 1.336901805395050
34 1.167346749262832
34 1.616136085107610
34 0.614240964680570
34 0.660466679799715
34 2.587409497316695
34 1.775160318493572
34 0.926616053500959
34 0.951941428306069
34 0.896749041640728
34 1.044582488112787
34 0.846079185320726
34 1.742427886510545
34 1.362095648853842
34 0.683547968839592
34 1.101738039070158
34 1.681522987793053
34 0.751817481302111
34 1.602448294939756
34 0.904155563068184
34 0.844306868875790
34 1.325878490475738
34 0.794221673522098
34 1.517163982953664
34 1.161547094274482
34 0.721567358613995
34 1.017104860507217
34 1.121971888249604
34 1.087321779195728
34 1.352735279401460
34 1.150186734765792
34 1.282485262215243
34 1.209755413310565
34 1.636063946634069
34 0.801274272530144
34 1.927693912914208
34 1.058494892899462
34 1.147345609183781
34 1.098618940457971
34 1.010267376505397
34 0.745694887780973
34 1.212713098482397
34 1.911171122466190
34 0.969403887760678
34 0.953883537222031
34 0.813254224072826
34 1.704409441892689
34 1.150858692385097
34 1.647068277294791
34 1.491783306327529
34 1.371960967880375
34 1.308971835434141
34 1.346803810480705
34 1.228360442222305
34 1.235721569957042
34 1.412509979215858
34 0.798560341950691
34 1.186690173894712
34 0.785747862444193
34 0.651521958934061
34 1.006857579706155
34 1.028437215447706
34 1.553937579852620
34 1.914220384115225
34 1.341999718695382
34 1.210144058204341
34 0.941720547938731
34 1.322553169696827
34 1.745552579334451
34 1.263270890132653
34 0.600598154258653
34 0.764260844045586
34 1.159334056040013
34 1.391219750713471
34 1.129603328534579
