10 0.043191517303210
10 0.036271991377610
10 0.023518827213199
10 0.041961130653977
10 0.027012909870133
10 0.047331874706275
10 0.029304095266529
10 0.015740606402009
10 0.034458362888092
10 0.028956188616617
10 0.036085938579409
10 0.063191946122079
10 0.057990829330414
10 0.075225715342292
10 0.058143110834856
10 0.054532672212044
10 0.039676257417831
10 0.056343216395556
10 0.020271456616248
10 0.051630338355270
10 0.033993425181690
10 0.031348331895711
10 0.044794124865513
10 0.022894695826305
10 0.045479573225277
10 0.038757291293956
10 0.031714854081017
10 1000000000000000019884624838656.000000000000000
10 0.083556443764892
10 0.063493125534328
10 0.070959560023385
10 0.043743463239500
10 0.051877348452006
10 0.038814239700232
10 0.039498772123194
10 0.038881017230401
10 0.037336859437692
10 0.028791339154991
10 0.038363889952746
10 0.024487931961618
10 0.025999257469141
10 0.038130990450611
10 0.034418363684635
10 0.060578093140976
10 0.031346157069919
10 0.043216326449081
10 0.027703005674733
10 0.032408950920537
10 0.035973539811743
10 0.037539158636932
10 0.086482506790817
10 0.044856836134123
10 0.077709579235192
10 0.020127533904957
10 0.039376157746848
10 0.058382888413245
10 0.046791282879297
10 0.029875311097637
10 0.032489066561316
10 0.045937541027711
10 0.025701214708092
10 0.050582699985799
10 0.032120543106448
10 0.056778877428287
10 0.054090342416704
10 0.042707935489921
10 0.024277339167425
10 0.027196853079482
10 0.034131641436779
10 0.044635330184915
10 0.040922138121955
10 0.029055073807333
10 0.045773679154663
10 0.052324425869660
10 0.041371221290432
10 0.036257227115977
10 0.044190827235899
10 0.051718697147464
10 0.055009644106145
10 0.043057388494258
10 0.051664381909884
10 0.080795349430350
10 0.058830441594013
10 0.048529974332149
10 0.032696012744196
10 0.045931328790213
10 0.025713479154666
10 0.031474101213746
10 0.043513440440307
10 0.031043887326762
10 0.038279650229244
10 0.065690334701960
10 0.048746215604950
10 0.025999553240911
10 0.021793217187252
10 0.024475173179940
10 0.054717665487478
10 0.070847215745543
10 0.029092711925234
10 0.015086043688117
10 0.048926334196135
10 0.031039604656330
10 0.065434341052468
10 0.058778742265993
10 0.040449331512698
10 0.063282863326612
10 0.031206411275271
10 0.069751884602613
10 0.065001363672509
10 0.035050195098886
10 0.038200510511860
10 0.042632707745251
10 0.040794323508280
10 0.038004710896370
10 0.047592829876361
10 0.057679078164640
10 0.041750378348891
10 0.037549230351424
10 0.040188755571515
10 0.022369276482275
10 0.028345043224209
10 0.039998124873478
10 0.044351960237679
10 0.041129000898249
10 0.035699164971281
10 0.085792314801934
10 0.056151356859614
10 0.033902288579394
10 0.043364961533800
10 0.031296555064118
10 0.037187086560253
10 0.047145199149853
10 0.045934904453357
10 0.030928651345382
10 0.071924806313412
10 0.043243924688680
10 0.048917559603228
10 0.036642086185094
10 0.043830854430316
10 0.062273913150249
10 0.051461180145144
10 0.015509103784579
10 0.032577249800217
10 0.050005645502732
10 0.034596211855764
10 0.047091386013479
10 0.037898611062726
10 0.050135138403411
10 0.049543974266273
10 0.017049208167533
10 0.040474475260707
10 0.053487593549177
10 0.042572483333860
10 0.055178415962849
10 0.057217962902271
10 0.047371276648664
10 0.029437219806279
10 0.072388266811194
10 0.037352116266622
10 0.040960337269783
10 0.047259038063901
10 0.036948862257973
10 0.044548238288913
10 0.062220289013768
10 0.054113855405755
10 0.041122428391365
10 0.069630180662006
10 0.046940314304856
10 0.055643165499480
10 0.035133778385917
10 0.036013892380872
10 0.034091309964848
10 0.066490396846685
10 0.033165002079497
10 0.031700987541298
10 0.039320643437510
10 0.036417990664192
10 0.027084089863360
10 0.022810995374198
10 0.042951381815663
10 0.038354594035074
10 0.040457807016317
10 0.049434524050418
10 0.048670283962908
10 0.050489832359141
10 0.023724859300406
10 0.027477037763571
10 0.060398131512049
10 0.043146100935147
10 0.022794454333297
10 0.057381312401672
10 0.041767081710527
10 0.067436188187468
10 0.060547797798538
10 0.035574850347738
10 0.054046570127756
10 0.073912688916198
10 0.039740010988946
10 0.032958948308919
10 0.020667654165880
10 0.057292336284751
10 0.045033778510242
10 0.051921196919760
10 0.036565801584493
10 0.053341205276228
10 0.037663792435679
10 0.028925828353616
10 0.044303284390422
10 0.038805931952576
10 0.042493029335111
10 0.018210290694698
10 0.034364579161859
10 0.052762294868927
10 0.033047796653124
10 0.035717888179475
10 0.061999235422854
10 0.026191587849839
10 0.038379021834668
10 0.060568223084716
10 0.033491343890680
10 0.028437313788024
10 0.029685865411944
10 0.033064119792228
10 0.031915114891506
10 0.050500594579585
10 0.033693118933543
10 0.038764515592523
10 0.027746093837012
10 0.024119254444421
10 0.050598549177223
10 0.045813665034014
10 0.043458883014126
10 0.022781586360122
10 0.046140587410711
10 0.041621881082130
10 0.054117295217956
10 0.041199142323213
10 0.046953503680257
10 0.039295018016852
10 0.024879762879076
10 0.020183673790619
10 0.024242742852413
10 0.056451044194370
10 0.051195471085175
10 0.029088784923978
10 0.025855040582348
10 0.053731057965293
10 0.045160373746256
10 0.072177931588337
10 0.078545129401864
10 0.049792479941437
10 0.041570176934722
10 0.038423735552964
10 0.030817816510374
10 0.032225974141148
10 0.038925586751189
10 0.039426915799041
10 0.033560855623590
10 0.053647152240014
10 0.017441807730080
10 0.031817776736029
10 0.046821830534644
10 0.035912551066345
10 0.031462642309275
10 0.040678537846108
10 0.034354421904284
10 0.027659552525341
10 0.039068810489451
10 0.026863575944990
10 0.021467878267009
10 0.063161155771416
10 0.045880363020063
10 0.043126381064114
10 0.023406880338991
10 0.025518982921188
10 0.033448473717780
10 0.052546653720543
10 0.060489668181081
10 0.053171778663695
10 0.033495281605563
10 0.048569489969901
10 0.042187772986658
10 0.022132961303257
10 0.036428070812124
10 0.050795568749932
10 0.024641633639549
10 0.083241435491900
10 0.031934059282411
10 0.032924395415354
10 0.060008550774375
10 0.030021810436388
10 0.036861626237208
10 0.040137685214598
10 0.052246907453456
10 0.042940826933116
10 0.030254366121620
10 0.059989950543464
10 0.030163208925182
10 0.028638737803471
10 0.058025150453305
10 0.034240198076475
10 0.016992078743055
10 0.037544527490100
10 0.083379015603242
10 0.051947177843587
10 0.048063613790887
10 0.036810328489941
10 0.104446159784264
10 0.039165435816167
10 0.050707635383147
10 0.045939261786373
10 0.040953268891264
10 0.043775353993252
10 0.032312308839092
10 0.067261423179051
10 0.051105652038177
10 0.042011019835300
10 0.033580733749080
10 0.050616558197960
10 0.027662525736607
10 0.030098163106246
10 0.055417073107905
10 0.063057688956636
10 0.051585734466389
10 0.063007698239050
10 0.063462893307475
10 0.034430534800113
10 0.048290284476839
10 0.043108453795809
10 0.035920190482167
10 0.040383874134887
10 0.043881502408415
10 0.030029805109248
10 0.055737584363698
10 0.033326979721917
10 0.031048229197852
10 1000000000000000019884624838656.000000000000000
10 0.068926771277638
10 0.068636946387810
10 0.039658612267336
10 0.045503243878849
10 0.018919240327272
10 0.065546165303574
10 0.025855040582348
10 0.053731057965293
10 0.045160373746256
10 0.072177931588337
10 0.078545129401864
10 0.049792479941437
10 0.041570176934722
10 0.038423735552964
10 0.030817816510374
10 0.032225974141148
10 0.038925586751189
10 0.039426915799041
10 0.033560855623590
10 0.053647152240014
10 0.017441807730080
10 0.031817776736029
10 0.046821830534644
10 0.035912551066345
10 0.031462642309275
10 0.040678537846108
10 0.034354421904284
10 0.027659552525341
10 0.039068810489451
10 0.026863575944990
10 0.021467878267009
10 0.063161155771416
10 0.045880363020063
10 0.043126381064114
10 0.023406880338991
10 0.025518982921188
10 0.033448473717780
10 0.052546653720543
10 0.060489668181081
10 0.053171778663695
10 0.033495281605563
10 0.048569489969901
10 0.042187772986658
10 0.022132961303257
10 0.036428070812124
10 0.050795568749932
10 0.024641633639549
10 0.083241435491900
10 0.031934059282411
10 0.032924395415354
10 0.060008550774375
10 0.030021810436388
10 0.036861626237208
10 0.040137685214598
10 0.039740010988946
10 0.032958948308919
10 0.020667654165880
10 0.057292336284751
10 0.045033778510242
10 0.051921196919760
10 0.036565801584493
10 0.053341205276228
10 0.037663792435679
10 0.028925828353616
10 0.044303284390422
10 0.038805931952576
10 0.042493029335111
10 0.018210290694698
10 0.034364579161859
10 0.052762294868927
10 0.033047796653124
10 0.035717888179475
10 0.061999235422854
10 0.026191587849839
10 0.038379021834668
10 0.060568223084716
10 0.033491343890680
10 0.028437313788024
10 0.029685865411944
10 0.033064119792228
10 0.031915114891506
10 0.050500594579585
10 0.033693118933543
10 0.038764515592523
10 0.027746093837012
10 0.024119254444421
10 0.050598549177223
10 0.045813665034014
10 0.043458883014126
10 0.022781586360122
10 0.046140587410711
10 0.041621881082130
10 0.054117295217956
10 0.041199142323213
10 0.046953503680257
10 0.039295018016852
10 0.024879762879076
10 0.020183673790619
10 0.024242742852413
10 0.056451044194370
10 0.051195471085175
10 0.029088784923978
10 0.025855040582348
10 0.053731057965293
10 0.045160373746256
10 0.072177931588337
10 0.078545129401864
10 0.049792479941437
10 0.041570176934722
10 0.038423735552964
10 0.030817816510374
10 0.032225974141148
10 0.038925586751189
10 0.039426915799041
10 0.033560855623590
10 0.053647152240014
10 0.017441807730080
10 0.031817776736029
10 0.046821830534644
10 0.035912551066345
10 0.031462642309275
10 0.040678537846108
10 0.034354421904284
10 0.027659552525341
10 0.039068810489451
10 0.026863575944990
10 0.021467878267009
10 0.063161155771416
10 0.045880363020063
10 0.043126381064114
10 0.023406880338991
10 0.025518982921188
10 0.033448473717780
10 0.052546653720543
10 0.060489668181081
10 0.053171778663695
10 0.033495281605563
10 0.048569489969901
10 0.042187772986658
10 0.022132961303257
10 0.036428070812124
10 0.050795568749932
10 0.024641633639549
10 0.083241435491900
10 0.031934059282411
10 0.032924395415354
10 0.060008550774375
10 0.030021810436388
10 0.036861626237208
10 0.040137685214598
16 0.204057516746630
16 0.371662873825701
16 0.305716508156632
16 0.240920115431051
16 0.158207007485970
16 0.260680859951659
16 0.248198208859366
16 0.260492123266361
16 0.172246428090541
16 0.129553503922868
16 0.177561816539002
16 0.231484162867189
16 0.234109492514058
16 0.250624662999846
16 0.247531255433551
16 0.185708363473434
16 0.180774736435836
16 0.191676306781764
16 0.256462706051821
16 0.228880261224104
16 0.219813752972876
16 0.306436224310596
16 0.126063114583963
16 0.149795827079503
16 0.171153446687260
16 0.291769235631162
16 0.316246515416331
16 0.252500076587208
16 0.135974200247234
16 0.167521352173179
16 0.263593344895908
16 0.230574507279875
16 0.195641779027553
16 0.148665138297424
16 0.158763450851304
16 0.168929247529670
16 0.318160146667615
16 0.202746642779121
16 0.174415456804347
16 0.172862570664782
16 0.249390137371563
16 0.284976407591879
16 0.308922110378237
16 0.218554285637646
16 0.172828200010541
16 0.157399005790583
16 0.210635597994106
16 0.248364678040692
16 0.250886334808805
16 0.207702771699623
16 0.159089291739147
16 0.205282022026421
16 0.178551597744025
16 0.327646550138089
16 0.294875866574635
16 0.335836979097531
16 0.389725287028959
16 0.231233142057397
16 0.340477894664939
16 0.231237343495376
16 0.151009973464715
16 0.457514145789542
16 0.338816792282066
16 0.196896560797359
16 0.132594018615117
16 0.420882233550926
16 0.223937842951394
16 0.292675472762150
16 0.235700554851173
16 0.149721095538611
16 0.199155579107621
16 0.159290473926558
16 0.222929626738581
16 0.235669494022630
16 0.194315435527339
16 0.283944428176403
16 0.143663982794200
16 0.305125077915955
16 0.198538240452804
16 0.188563267567829
16 0.121945144234309
16 0.316299461898281
16 0.238115972202496
16 0.289304592807742
16 0.389677002655412
16 0.228750440457344
16 0.346762301309650
16 0.208926131194358
16 0.182988884392297
16 0.197719138910916
16 0.193448426765467
16 0.135936552788393
16 0.246010463776020
16 0.213579533554564
16 0.263108953922675
16 0.115392593496260
16 0.202310067292394
16 0.219907188142644
16 0.194896709542190
16 0.170268644360445
16 0.153222365959672
16 0.278768269924661
16 0.235497797656231
16 0.279021348350565
16 0.159582880735655
16 0.310567243845570
16 0.191336470213659
16 0.230588858166343
16 0.183847470369304
16 0.264978812618997
16 0.158959113178754
16 0.181992669637498
16 0.202177500327623
16 0.156708308355120
16 0.152571776372492
16 0.209069724525510
16 0.199321613428098
16 0.195035891460238
16 0.154189855668115
16 0.239894117910341
16 0.174163445601407
16 0.313950708969599
16 0.171856482736708
16 0.161604162496888
16 0.179362217391747
16 0.151012984506118
16 0.185839370032658
16 0.370093232692266
16 0.346472516315663
16 0.284461056084157
16 0.206115109384331
16 0.229818621823350
16 0.294917248229789
16 0.279689130311983
16 0.232361468612970
16 0.134285213714584
16 0.207362828640029
16 0.166474785445504
16 0.297604521402652
16 0.172003226823185
16 0.206779584319674
16 0.254960564936209
16 0.138358555359075
16 0.239337799236304
16 0.217300805946271
16 0.472299326057847
16 0.161089603779518
16 0.214514948508654
16 0.323289864091068
16 0.379068196812931
16 0.163100267560056
16 0.141902571793536
16 0.211310933861755
16 0.159483487051100
16 0.261493418126774
16 0.290142191356316
16 0.207473539683414
16 0.195833163270143
16 0.234176374207606
16 0.241000867716667
16 0.185554149158925
16 0.429550080874016
16 0.322759345346522
16 0.211890302041527
16 0.275938701612739
16 0.174137662521654
16 0.266123602571982
16 0.161470697037107
16 0.160236617106930
16 0.173874025481205
16 0.186629395897141
16 0.242608359589739
16 0.319431994478803
16 0.240944839057147
16 0.186027700780520
16 0.184361978927218
16 0.146405244925100
16 0.308653367372448
16 0.204117855491755
16 0.215026113130801
16 0.155337549871897
16 0.302643616215247
16 0.152367448247476
16 0.282695310843906
16 0.236499981080363
16 0.279728865572546
16 0.149761467972339
16 0.165832759653774
16 0.336408349069138
16 0.223496952565543
16 0.338978093187248
16 0.268309616856341
16 0.164850696896552
16 0.228318255550365
16 0.189986127336716
16 0.261336745791972
16 0.344614469378412
16 0.301977040436737
16 0.236501593050603
16 0.157729896405922
16 0.233596387306770
16 0.277211446818735
16 0.137152553336114
16 0.308592565131308
16 0.187175721678253
16 0.149586714658648
16 0.285185545386796
16 0.189679512179470
16 0.224786620659674
16 0.136587586788296
16 0.197998730040544
16 0.426748865568005
16 0.407845920737501
16 0.195560632773716
16 0.209075718226304
16 0.166375978717196
16 0.202314825604510
16 0.164089362025172
16 0.165259415043159
16 0.127827348750473
16 0.147355847458542
16 0.287945355301106
16 0.252558034515783
16 0.286984362792220
16 0.152871731014351
16 0.132551035629636
16 0.256243597480083
16 0.274886225720543
16 0.159026129123259
16 0.111250101137123
16 0.151410385894645
16 0.225633921231285
16 0.157963513619360
16 0.139702361191723
16 0.215917679257571
16 0.135097428570382
16 0.257718078227037
16 0.226534718365312
16 0.141647078395407
16 0.170331446090859
16 0.332797809642331
16 0.268327180966749
16 0.232672332125133
16 0.156275466543194
16 0.217656035414761
16 0.115955276727918
16 0.326752998913192
16 0.283050818125591
16 0.165412751171717
16 0.124363424075019
16 0.365336504123237
16 0.341284115166243
16 0.279330254805422
16 0.187915066987687
16 0.198461944823483
16 0.227942558067394
16 0.224770971913486
16 0.180502168611095
16 0.181071960407293
16 0.309401808602456
16 0.205225872449232
16 0.213284500922400
16 0.210717676268111
16 0.198080665342621
16 0.192303565665290
16 0.133944214334552
16 0.172414962695141
16 0.361727093991838
16 0.235455810551565
16 0.292521051605386
16 0.160189486625038
16 0.285503922879157
16 0.126192086741149
16 0.208032844075231
16 0.159300242091831
16 0.539578223110842
16 0.218227361654176
16 0.103628703680096
16 0.193198410841693
16 0.160601502896270
16 0.164018871374583
16 0.259310311434502
16 0.209016022991502
16 0.319873310290203
16 0.247107787256844
16 0.137647174161962
16 0.328262655949698
16 0.155845752809466
16 0.173454123954976
16 0.276144578417258
16 0.116652779106952
16 0.234396573689446
16 0.350741256289025
16 0.289396581615817
16 0.176030092352071
16 0.265944012471862
16 0.240853031239735
16 0.254022746564328
16 0.182868209129099
16 0.225380079639995
16 0.286661585915361
16 0.203737268705910
16 0.156603372960276
16 0.104077038931520
16 0.232106946713352
16 0.180632236221766
16 0.282768507352579
16 0.180333392686240
16 0.164261680945022
16 0.163626460836775
16 0.231815575689983
16 0.234478212131223
16 0.234113531929314
16 0.155671733576483
16 0.186861568397132
16 0.255190104778344
16 0.136263418921158
16 0.253657475264547
16 0.247357492598990
16 0.252957887783972
16 0.307126660741783
16 0.228895864092202
16 0.150546513539368
16 0.207662779923299
16 0.207284169084114
16 0.112080071017268
16 0.293068757619962
16 0.429861537592500
16 0.246339975705354
16 0.293653826779330
16 0.326452700344394
16 0.231511015068512
16 0.429959341203118
16 0.242106582018684
16 0.329325124917184
16 0.168002949131768
16 0.157279499250447
16 0.132841325160818
16 0.372578719093720
16 0.390381705468089
16 0.312815092697333
16 0.199486355415693
16 0.126256639787258
16 0.201958153319556
16 0.204576649028777
16 0.132822621759004
16 0.191553374142640
16 0.379813899118191
16 0.255405833713517
16 0.184998420399612
16 0.270490616020898
16 0.320495897585801
16 0.325628726870116
16 0.199700544711524
16 0.272129921655819
16 0.193670001719055
16 0.309086021655411
16 0.146002503692461
16 0.274605262229149
16 0.133902433080968
16 0.220960136780961
16 0.167551859783517
16 0.132645701644645
16 0.112356419621555
16 0.352005100597554
16 0.184403146054738
16 0.310321276161853
16 0.210677127231205
16 0.170033757771391
16 0.211067819296592
16 0.244379373614000
16 0.209065051408571
16 0.271511279751569
16 0.282862914616296
16 0.186359192642870
16 0.233479593235633
16 0.140295092864732
16 0.189933608329961
16 0.316048780090621
16 0.133233941687482
16 0.232067735647799
16 0.181671114737153
16 0.185558126110533
16 0.139114215090399
16 0.155207345574293
16 0.173408226813031
16 0.190075227104558
16 0.402308640423900
16 0.286242991154128
16 0.194893917406035
16 0.355136609097255
16 0.138785250719319
16 0.347886452816601
16 0.390163659430852
16 0.139806809336669
16 0.144491717988510
16 0.306222148737094
16 0.202037574574810
16 0.145038106718900
16 0.303718120119162
16 0.294003577093284
16 0.132509169460271
16 0.253955121783766
16 0.140622079070034
16 0.116400584769050
16 0.205020477515433
16 0.214408962194986
16 0.160269166703013
16 0.214942805385168
16 0.129718781320706
16 0.189959769640306
16 0.203865745058192
16 0.237245955775914
16 0.226016246035897
16 0.188781294105336
16 0.234847305888547
16 0.214936388565003
16 0.207482491937608
16 0.195287172698190
16 0.137523490964258
16 0.190820719687278
16 0.283991848664283
16 0.264913778230100
16 0.245704756558736
16 0.199765377433324
16 0.170456201188983
16 0.227035842074774
16 0.260077379381119
16 0.270983490823657
16 0.107343692086019
16 0.217767387733086
16 0.321410574564387
16 0.237069090511150
16 0.167842878273075
16 0.239955660131916
16 0.095207923936788
16 0.455943482582363
16 0.173756306914338
16 0.167300056095343
16 0.167121116108460
16 0.135122150512579
16 0.110109793046449
16 0.268806818557422
16 0.329409981786914
16 0.362162524330223
16 0.296657668186861
16 0.402951148920092
16 0.383806186000272
16 0.251484045958715
16 0.465919228823563
16 0.149450086710533
16 0.207453065540850
16 0.103724450947483
16 0.293643728551978
16 0.263864508027379
16 0.200022116176233
16 0.195032894841841
16 0.151726154927621
16 0.209222429552011
16 0.271008834478270
16 0.254608084243528
16 0.246795267086154
16 0.170584709531851
16 0.347620279975364
16 0.262441214910404
16 0.236428911930264
16 0.267362449078162
16 0.199492953003710
16 0.267220791023193
16 0.409299579177346
16 0.165871494560544
16 0.313987999798789
16 0.201072784146501
16 0.143078425354095
16 0.265253141779404
16 0.217977184399721
16 0.335023819493811
16 0.162621673750615
16 0.236363965947829
16 0.197399978660256
16 0.157928411531916
16 0.313982957568011
16 0.146354798708010
16 0.161153249919924
16 0.208287421488067
16 0.245611318410575
16 0.123188604127642
16 0.128528608222661
16 0.198895836934979
16 0.143657405016141
16 0.382614896544537
16 0.137697371994309
16 0.330888926269168
16 0.329480068553174
16 0.239372877578058
16 0.438036828908488
16 0.158574828866915
16 0.383330192777572
16 0.190690267479858
16 0.150620623391765
22 0.477147789119942
22 0.551236622090687
22 0.955890627223615
22 0.971176144875368
22 1.130705671503054
22 0.388449057390801
22 0.675746469302705
22 0.756582834195261
22 0.377109733931023
22 0.844995455223177
22 0.500327596663278
22 0.490018977743452
22 0.565886894219748
22 0.606674733624276
22 0.478160520245383
22 0.344399352521171
22 0.684384476933597
22 0.868843943823180
22 0.668306175728240
22 0.662501780676634
22 0.679982767007063
22 0.461076600631519
22 0.370813903328388
22 0.732945783290613
22 0.563119474598889
22 0.502347419531720
22 0.457112051668568
22 0.317887906403052
22 0.922235098905561
22 0.411772301302129
22 0.618238588084457
22 0.926164846428728
22 0.850473246596239
22 0.431943747351065
22 0.410979958918766
22 0.629646157163505
22 0.715642132803904
22 0.902483713594748
22 0.388650547066745
22 0.794975601210022
22 0.448513883996850
22 0.587096443408410
22 0.535442034284491
22 0.498826582886375
22 1.173740863908681
22 0.330625862657319
22 0.696765309631679
22 0.536403855848445
22 0.488113272526130
22 0.756520165388517
22 0.508315197089203
22 1.120006747782992
22 1.026802656744430
22 0.596286773005517
22 0.735657383411298
22 0.707134554639523
22 1.356448581709458
22 0.720440645812047
22 0.774468459689456
22 0.816447667264816
22 0.621508939259190
22 0.601093078431901
22 0.747923902693003
22 0.756695893154727
22 0.542974551232728
22 0.668622178102534
22 0.890234670887467
22 0.494225218836922
22 0.522460830796255
22 0.375665288102964
22 0.659670456269354
22 0.670985779897480
22 0.645049852951004
22 0.253831497177252
22 0.640408565283060
22 0.683654593701221
22 0.733610271805198
22 0.617425759214983
22 1.375995452133131
22 0.683008699721269
22 0.571959491987027
22 0.739958280044537
22 0.404940182410385
22 0.344839303254778
22 0.805841861641944
22 0.735092124653780
22 1.010697177859162
22 0.463736785842663
22 0.305640185688642
22 0.426721294114728
22 1.065315666646114
22 0.603044801038087
22 1.148025132168053
22 0.457456198368536
22 0.841699016510785
22 0.505956805404816
22 1.342029667327757
22 0.936569021017873
22 0.686526249353860
22 0.689323239714271
22 0.508315197089203
22 1.120006747782992
22 1.026802656744430
22 0.596286773005517
22 0.735657383411298
22 0.707134554639523
22 1.356448581709458
22 0.720440645812047
22 0.774468459689456
22 0.816447667264816
22 0.621508939259190
22 0.601093078431901
22 0.747923902693003
22 0.756695893154727
22 0.542974551232728
22 0.668622178102534
22 0.890234670887467
22 0.494225218836922
22 0.522460830796255
22 0.375665288102964
22 0.659670456269354
22 0.670985779897480
22 0.645049852951004
22 0.253831497177252
22 0.640408565283060
22 0.683654593701221
22 0.733610271805198
22 0.617425759214983
22 1.375995452133131
22 0.683008699721269
22 0.571959491987027
22 0.739958280044537
22 0.404940182410385
22 0.344839303254778
22 0.805841861641944
22 0.735092124653780
22 1.010697177859162
22 0.463736785842663
22 0.305640185688642
22 0.426721294114728
22 1.065315666646114
22 0.603044801038087
22 1.148025132168053
22 0.457456198368536
22 0.841699016510785
22 0.505956805404816
22 1.342029667327757
22 0.936569021017873
22 0.686526249353860
22 0.689323239714271
22 0.450984605258434
22 0.840433541758546
22 0.502397180446192
22 1.257446911251196
22 1.081169541296546
22 0.745296937454230
22 0.327701498673946
22 0.723362422429397
22 0.910433703433858
22 0.487034411626580
22 0.543401660466019
22 0.704357179697405
22 0.518654165503705
22 0.790768141717653
22 0.455498741681661
22 0.486486598898546
22 0.487011793143525
22 0.764665596363852
22 0.344506163394723
22 1.272526222928865
22 1.083417737769583
22 0.435318655697883
22 0.706470170945402
22 0.800690282483322
22 0.843929214823910
22 0.685820272903021
22 0.765305204553265
22 0.849191314639868
22 0.773125332447935
22 0.719375124395540
22 0.413654096354600
22 0.525295298734393
22 0.907747715520268
22 0.381925400751406
22 0.420385477696815
22 0.942893614663774
22 0.355898284181360
22 0.624040794293155
22 0.970003307763481
22 0.813684620470515
22 0.506595620456651
22 0.444645418093502
22 0.481828373713497
22 1.204285270076499
22 1.420135870580624
22 0.723394944212763
22 0.529733481220797
22 0.535281327919352
22 0.540595608862548
22 0.434379959613282
22 0.650243380026063
22 0.695800749831197
22 1.363819886995456
22 0.889723049006938
22 0.692777019044622
22 0.753946242078423
22 0.846205304050319
22 0.611465140375132
22 0.716368483336931
22 0.494462927880348
22 0.882103271075216
22 0.614408914963873
22 0.638006547731218
22 0.493444243456567
22 0.834153917897431
22 1.029415057034619
22 0.625134738207326
22 0.646414521283852
22 0.775451054250671
22 0.502439561752325
22 0.584004650604453
22 0.918089690221693
22 0.488466154342453
22 0.775318295144368
22 0.641029817538543
22 1.275203604894172
22 0.931350736273579
22 0.442889997485452
22 0.768501710058906
22 0.455044552895956
22 0.419699188914262
22 0.347476882655782
22 0.629515338868629
22 0.551929501598915
22 0.591099960921284
22 0.563301962309762
22 1.098263392765483
22 0.611881049398192
22 0.979831726079865
22 0.524646376305652
22 0.924913211039949
22 0.457356712853455
22 0.812028573424750
22 0.429981104880508
22 0.590240348532234
22 1.088085447932952
22 0.767982980193329
22 0.824060879160607
22 0.315395771266730
22 0.504747010623077
22 0.584839991785026
22 0.825073060402540
22 0.503852324622941
22 0.891420537580635
22 0.530181390104125
22 0.427679013173758
22 0.475749641998473
22 0.990318246842250
22 0.771379734416956
22 0.893411995283782
22 0.771796798631250
22 0.921439392805567
22 0.522013232116499
22 0.824621933773829
22 0.508150526918326
22 0.698859618584885
22 0.637738264894537
22 1.270742217994627
22 0.480196138509813
22 0.577186662659382
22 0.714417765221205
22 0.390740686355106
22 0.992726021252365
22 0.780676127139399
22 0.346956284890012
22 0.980393811257382
22 0.625309124259521
22 0.475526953383755
22 0.744914990675913
22 0.909708362375993
22 0.685931956721597
22 0.520562161567059
22 0.441983998410287
22 0.545521461696563
22 1.024206371160814
22 0.531355125773756
22 1.316314379930742
22 0.654342724762752
22 0.906259097765069
22 0.403964199057588
22 0.840486145374641
22 0.483906414548830
22 0.708124935034762
22 0.275089775136627
22 0.536166836897172
22 0.288312167960838
22 0.452022094570587
22 0.848066634788650
22 0.723877794445891
22 0.354676907588578
22 0.478152322650075
22 0.356903820747209
22 0.605191508232704
22 1.446171942737013
22 0.973346671384987
22 0.528195398464890
22 0.856414227657196
22 0.456269993438108
22 0.676956781443735
22 0.899915610372353
22 0.846035101919103
22 0.663915192749250
22 0.586961244844886
22 0.570284328105757
22 1.002990679612731
22 0.561569150648107
22 0.472298211351198
22 1.188425614115873
22 0.449093133307357
22 0.661971126252240
22 0.662176667942893
22 0.875867363644593
22 0.763647115519386
22 0.694223129406506
22 0.524649817783938
22 0.627721912289135
22 0.798929726279857
22 0.471331350811427
22 0.819189348995495
22 0.544849361434419
22 0.487948235352492
22 0.718868638957978
22 0.795765445768699
22 0.463225268832445
22 0.522057423623002
22 0.408752375311983
22 0.799558734960035
22 1.013235503402623
22 0.799540399681190
22 0.831046031459090
22 0.436034786009740
22 1.012340760452260
22 0.920118872359032
22 0.490612753399977
22 0.570041252209577
22 0.502379100687394
22 0.403400241013840
22 0.572785961572287
22 0.619854308239499
22 0.445913838095819
22 1.090268197235915
22 0.659953997604553
22 0.610380251389289
22 0.811110009931507
22 0.554143009951334
22 0.451670249646718
22 0.832249529812865
22 0.488115200576294
22 0.575907825133156
22 0.414958128190447
22 0.768843811848262
22 1.220638990634769
22 0.976029255527117
22 0.977574176422782
22 0.400157620246012
22 0.473828486740335
22 1.013591188259052
22 0.339643878228892
22 0.601118807927005
22 0.403739084249935
22 0.606727606815041
22 0.391183887797487
22 0.325658476146857
22 0.717713070405324
22 0.757853924217944
22 0.922765550982749
22 1.053104483617029
22 0.562528792064976
22 0.554688990984658
22 0.655294107600782
22 1.132665290931199
22 0.631771758835006
22 0.382189852563682
22 0.679648225704261
22 0.410233381253819
22 0.515815344261062
22 0.469077921982538
22 0.917234442835457
22 0.586201863082644
22 0.622116468462043
22 0.477132279349040
22 0.879531812927148
22 0.350043601499411
22 0.265767431198813
22 0.511826654989710
22 0.635813048659449
22 0.704786033156567
22 0.536733668187210
22 1.015758030261845
22 0.922883646820327
22 0.535896927820687
22 0.720157097776854
22 0.418059775991186
22 0.805947515294151
22 1.005285483719889
22 0.851328989705082
22 0.893997013255575
22 0.733243335473054
22 0.394368119248014
22 0.676287126190216
22 0.547785658696291
22 0.941199786870273
22 0.636420475327526
22 0.650652737914936
22 0.698167698409141
22 0.357575990245421
22 0.574992953592894
22 0.496276140741762
22 0.525449831521248
22 0.360971941140344
22 0.631746740891001
22 0.560585562470223
22 0.495465650878851
22 0.420455489695937
22 1.042606321279177
22 0.485135317465332
22 0.390735521840394
22 0.553048202216925
22 0.579898090600027
22 0.652301029320223
22 1.097403028266931
22 0.485661177386349
22 0.883418483789392
22 0.583265502668437
22 0.554898662111875
22 0.653204605362455
22 0.322467117091539
22 0.650168090611287
22 0.627266302519053
22 0.612203487037269
22 0.693456665301417
22 0.506236455430718
22 0.691858743851877
22 0.841773660700230
22 0.386536033474671
22 0.551752817561299
22 0.839737487922954
22 0.388928889094016
22 0.871954294860382
22 0.752934809358349
22 0.368632761621831
22 0.672660920258190
22 0.533735374043681
22 0.554089330210020
22 0.670316386938409
22 0.771717788738958
22 0.643460509942109
22 0.683468197510130
22 0.446932682407608
22 0.627268858456265
22 0.976753159181054
22 0.575467548809543
22 0.477767427298348
22 0.587112936144573
22 0.596727665081175
22 0.768844999487280
22 0.797314983827690
22 0.521868685176537
22 0.588277416212606
22 0.848629162438793
22 1.043853712669304
22 0.652621115266702
22 0.499485860511262
22 0.376677931585108
22 0.583900286152613
22 0.357302847340627
22 0.493212952979250
22 0.608058646060351
22 0.510220736913161
22 0.822277563148807
22 0.945129041816454
22 0.414647442761681
22 0.701038247317972
22 0.609579333364968
22 0.879709862935133
22 0.399595895262397
22 0.478693998868093
22 0.522695550526583
22 0.475588426514362
22 0.316856140424986
22 0.725213988777229
22 0.450959674940035
22 0.953452574301010
22 0.479192130107061
22 0.681983847781227
22 0.379357130675539
22 0.802458691475323
22 0.784164891840880
22 0.654688263072859
22 0.462792628307008
28 1.562147710256012
28 1.504770371844118
28 0.978299243602378
28 1.278186548084295
28 1.619070206478886
28 0.840105003481760
28 0.711660939690705
28 1.927417292579823
28 1.241956460823877
28 1.080104102554974
28 1.423725320954714
28 1.045523407789474
28 0.960802069435426
28 2.112616912674450
28 1.398000984887809
28 2.189345036173553
28 1.167936234876827
28 1.291619925342144
28 2.003659740463940
28 1.233392837710658
28 1.134495216394694
28 0.895813842901929
28 1.133689519168954
28 1.245768775315512
28 0.915582391145445
28 1.113208383128638
28 1.177227347714087
28 1.267145052904602
28 2.120064798247255
28 1.000286636763066
28 1.723993367075243
28 2.007310751370335
28 0.525293871300306
28 1.549713171418082
28 1.433957598277823
28 1.064598662648546
28 1.503829358464916
28 0.764561504078643
28 1.457156774680849
28 1.284430717256670
28 2.033909660958600
28 2.579355183801373
28 1.242912015673643
28 0.949063941445174
28 2.492644936749086
28 1.153191513799674
28 1.405403652799679
28 0.916821693854310
28 0.891550658139431
28 1.634545296749750
28 0.865434119744641
28 1.230101432261153
28 1.848736750907147
28 1.288137061239768
28 1.223919108225868
28 0.726374393690692
28 0.780554633088664
28 2.053258498381744
28 1.163878428974984
28 1.117071050480474
28 1.731078434253204
28 0.768007411044936
28 0.922110464430521
28 0.925915323720819
28 3.069807032828351
28 1.476926563769307
28 1.305460361234877
28 1.276223502109366
28 1.472122951727932
28 2.362269995922612
28 1.815749371442026
28 0.807313834072609
28 0.565600099255455
28 1.670925089637998
28 1.858511743676624
28 0.738287898891460
28 1.599619487318990
28 1.305792422092350
28 1.354146982792550
28 1.125814106534134
28 1.404978537258940
28 1.399622307609943
28 1.978091409354128
28 1.262899633639451
28 1.623436574677270
28 0.853910731237430
28 1.352857334597488
28 2.328469209025514
28 1.668728074129418
28 1.289637536580807
28 1.797253479415369
28 1.314990475318093
28 1.099864108031152
28 0.756982216061146
28 1.623272426919059
28 2.126056643929148
28 2.188640896572347
28 1.293566011973521
28 2.121421475405611
28 0.879303344644646
28 1.426609227559324
28 1.272788929713699
28 0.729632267439725
28 1.430404986088226
28 0.920074855247783
28 1.625108797181462
28 2.205700556303916
28 1.814735758015042
28 1.901157805855468
28 1.419655399777694
28 1.418157290264318
28 2.732586048167486
28 1.574447399434505
28 0.906698051722016
28 1.254464133429122
28 1.181321375798996
28 1.606894130105923
28 1.840157820612514
28 1.307305527254819
28 1.572106427934382
28 0.908089277326575
28 1.348634358890082
28 0.769168234209527
28 1.408783417972129
28 1.632043255863652
28 1.623037816136843
28 1.346533761203779
28 1.113206778488750
28 1.013530064381185
28 1.222658609517698
28 1.246121202648815
28 0.803136208297580
28 1.207494708114059
28 0.999170852394509
28 1.047978270325780
28 1.397711448946543
28 1.828313743857433
28 0.846660669300478
28 1.392233845323513
28 0.972308063782515
28 1.755889731651755
28 1.219748189875972
28 1.807923002657314
28 0.947584757951930
28 2.082882639888837
28 1.409911366779077
28 0.912988581888659
28 1.079035504131839
28 1.906856486387781
28 1.830683503094122
28 1.268752609983345
28 1.455200033560162
28 0.737067151788017
28 1.237711735145086
28 1.097507427397361
28 1.427298041757580
28 1.727929407728209
28 1.662254937317900
28 1.998711190331123
28 1.167241900762686
28 1.519222303496351
28 2.091990762893507
28 0.900569640223251
28 1.317468316892248
28 1.017499834454289
28 0.790597819118535
28 1.292071378837579
28 0.916134348335947
28 1.659498139721283
28 0.837908260090887
28 1.414348811802516
28 0.956362906783702
28 1.054003493897799
28 1.749618432319755
28 1.225450802404930
28 1.556494170890365
28 2.532070846606392
28 1.424786087480008
28 1.859525373513896
28 1.615915309646441
28 2.630918046060269
28 1.319636994029244
28 0.907254881607650
28 1.117060574516147
28 1.182751900643370
28 0.983869864459688
28 0.981438323839618
28 1.183981123566757
28 1.248425892856948
28 0.800041797692848
28 1.704051708400536
28 0.875132387290769
28 1.742337747271555
28 1.112263100772711
28 1.766890217333534
28 2.417594986530213
28 1.684643210535085
28 1.145047486460797
28 0.909402157554817
28 1.034946360888958
28 1.268752609983345
28 1.455200033560162
28 0.737067151788017
28 1.237711735145086
28 1.097507427397361
28 1.427298041757580
28 1.727929407728209
28 1.662254937317900
28 1.998711190331123
28 1.167241900762686
28 1.519222303496351
28 2.091990762893507
28 0.900569640223251
28 1.317468316892248
28 1.017499834454289
28 0.790597819118535
28 1.292071378837579
28 0.916134348335947
28 1.659498139721283
28 0.837908260090887
28 1.414348811802516
28 0.956362906783702
28 1.054003493897799
28 1.749618432319755
28 1.225450802404930
28 1.556494170890365
28 2.532070846606392
28 1.424786087480008
28 1.859525373513896
28 1.615915309646441
28 2.630918046060269
28 1.319636994029244
28 0.907254881607650
28 1.117060574516147
28 1.182751900643370
28 0.983869864459688
28 0.981438323839618
28 1.183981123566757
28 1.248425892856948
28 0.800041797692848
28 1.704051708400536
28 0.875132387290769
28 1.742337747271555
28 1.112263100772711
28 1.766890217333534
28 2.417594986530213
28 1.684643210535085
28 1.145047486460797
28 0.909402157554817
28 1.034946360888958
28 1.508582491269785
28 1.011646674009572
28 2.084335531887546
28 1.540405489632338
28 1.075787808064379
28 1.495881191290196
28 1.037951090709685
28 0.654093769432821
28 1.122857447581165
28 0.784759486363486
28 1.028634672778661
28 1.141437703938239
28 1.128895366678138
28 0.784494069957964
28 2.362154829676386
28 1.496122253500724
28 1.897684491754716
28 1.555383801275487
28 0.637296876074365
28 1.812603523709377
28 2.072374549231307
28 1.409465458580137
28 1.155393112103242
28 1.436101415014061
28 2.325583775629005
28 1.110603501309646
28 1.104893500645910
28 1.398637651381775
28 1.983398212491323
28 1.169254411473495
28 1.669239629379232
28 1.230807152924737
28 1.402018116284317
28 1.505429900697647
28 1.206700009280638
28 0.964898563134001
28 1.241356344684802
28 1.049569006473877
28 1.329193267015776
28 1.658909160807450
28 1.318770408788699
28 0.807240860941588
28 1.690457704311866
28 1.733628475760634
28 1.912708903161354
28 1.176656056327091
28 1.326728575352095
28 1.609150228138225
28 1.330267985164272
28 2.266691211206280
28 1.321496214328863
28 1.671996920476296
28 1.078393166157330
28 2.973144804119782
28 1.056213160368899
28 1.012782778686356
28 1.670881822322401
28 1.058315317605535
28 1.107511441019603
28 1.119824686096031
28 1.931996115487157
28 1.565494056420772
28 0.894429803471480
28 1.096543618254918
28 0.816064553870532
28 1.219776066333388
28 0.930324790239289
28 2.935190052462241
28 1.146332769253715
28 1.359403570788358
28 1.126474023830090
28 1.612988364000761
28 1.476095200221420
28 1.041946671939368
28 1.228356661981215
28 1.970072161147458
28 2.317104716745131
28 1.538908095589156
28 1.326254725478471
28 0.846510278243145
28 1.164441414228118
28 0.992570795356550
28 1.915454267194016
28 1.421485828456365
28 0.726478111887889
28 0.854145534645059
28 0.701215555973804
28 0.669879546017155
28 1.106989689517711
28 1.863875070760812
28 0.935118741900625
28 0.995126856132045
28 1.014775833129874
28 0.877003741746645
28 1.266758205724652
28 1.799638604696622
28 1.127507555808202
28 2.360531735155167
28 2.045863528616947
28 1.257245384107686
28 2.341897006515674
28 1.980148524796214
28 1.786875054160982
28 1.021924864933212
28 1.455898260902716
28 0.938099506330512
28 1.598679362743115
28 1.521845914448147
28 2.105160812935088
28 1.387004154946986
28 0.909337193732633
28 2.782935421864231
28 1.760547170419494
28 1.219038672980177
28 1.425267337951869
28 1.169416876675921
28 0.710344871576582
28 1.129745049547877
28 1.242063875985544
28 0.905256386520343
28 1.373094420495951
28 1.230584105094043
28 0.743744388350935
28 0.978099241730924
28 2.030091640364986
28 0.903390047396705
28 1.038173335521511
28 1.842193301203025
28 1.032422913995200
28 1.803781779780573
28 1.886079797086420
28 1.317875004209490
28 1.274423956721243
28 1.728323581221907
28 0.705245801556758
28 1.055377300556532
28 1.837169899697698
28 1.519044537758126
28 1.041440524782647
28 1.010175749724905
28 2.074205059314973
28 2.094362078649556
28 0.880415794267242
28 0.909706760260002
28 1.037456790781752
28 1.269266643967445
28 0.693494946329125
28 0.961392195772391
28 0.935167129152179
28 1.085080275729887
28 1.017828007336441
28 1.865937788353246
28 1.434152426084681
28 2.188006994584567
28 1.076827701185934
28 1.738292983789888
28 1.931400260666142
28 1.147479641916717
28 1.490514007384201
28 1.254157249604819
28 0.888812089801352
28 1.194385699250950
28 1.572594197028442
28 2.014821168567908
28 2.478971119622484
28 0.814367537916644
28 1.005941561206685
28 1.060428311512203
28 0.893378580091752
28 1.434138721580146
28 1.469903236468369
28 2.195659785137051
28 1.298394384182441
28 1.736519869230402
28 0.668614222819921
28 0.922922489563801
28 1.427218040112044
28 0.902064574813188
28 1.925395878957608
28 1.182788685351895
28 1.219971741498872
28 1.227581407348688
28 1.812388493491727
28 1.941657047564121
28 1.371210153609406
28 1.236594308074544
28 1.622666354086273
28 2.262258489223122
28 1.499193025002969
28 1.354532263967254
28 0.903405118234952
28 0.821518658086170
28 1.741989141924639
28 1.236707395166235
28 1.660695256883475
28 2.122464769698873
28 0.952215669424414
28 1.111741074621040
28 0.747076040731866
28 1.597126413338261
28 1.804547273520559
28 0.958393049725561
28 1.310629915522440
28 0.809097696312826
28 1.088263314812510
28 1.286457092021688
28 1.275455281499006
28 0.555131135780764
28 1.437504499228545
28 1.613304901061411
28 1.462060270340610
28 1.348083969406446
28 1.191677632828291
28 1.263241374306302
28 1.762921436282606
28 1.050033708097087
28 1.438657156283384
28 0.876548204897439
28 1.153317260322423
28 1.356128095304157
28 2.645808208876438
28 1.850535944525947
28 1.242787980441878
28 1.109946489082321
28 2.313407839379038
28 1.139281921102728
28 0.938075801200321
28 1.368367124299634
28 1.379564956075932
28 1.645846624451424
28 1.808962165452663
28 1.300873370374268
28 1.269618374286783
28 1.245649002731401
28 1.116460036649486
28 2.409108715826905
28 1.438150626915117
28 1.283204635666974
28 0.888952588457268
28 1.711549267808353
28 1.576969354325691
28 0.843136520004616
28 1.206496458375586
28 0.930951827582642
28 2.049850786189507
28 1.189353539567128
28 1.307535142043194
28 1.440055659777665
28 0.751390002096355
28 1.740647159134275
34 1.341987502883078
34 2.874079706838484
34 1.475990188429423
34 1.897369560251759
34 0.999161669777268
34 2.829439438167682
34 2.381370724546540
34 1.464940835956121
34 2.106549983755165
34 1.006299448484509
34 3.702123649728536
34 1.447849012289989
34 2.054805242066413
34 1.231332993779713
34 2.898952577743160
34 1.404346073637460
34 1.531805527065909
34 1.739851840905530
34 1.174707803839552
34 1.407316877884010
34 1.635810183652198
34 2.078348904502307
34 1.687353428259697
34 1.940180324671363
34 1.971468480771287
34 1.806405051211764
34 2.123458087233279
34 2.098698378182415
34 1.102943789130109
34 2.475448224435173
34 1.624296948119059
34 1.743216214277870
34 1.702565664759699
34 1.438144721355363
34 2.380937752200046
34 1.833670931848141
34 1.655259860861314
34 1.347296302116433
34 2.485077067801179
34 1.592766337323828
34 3.037230955618282
34 1.664788733056148
34 2.140401569502472
34 2.453710436798979
34 2.493237602646333
34 1.673817828932828
34 1.191545649527735
34 2.259582690820336
34 2.779896878932799
34 1.939166941620263
34 1.612728817350366
34 1.659108088990498
34 1.583448034926961
34 1.223994223853635
34 1.211649467681209
34 1.725015136002944
34 1.990034364651704
34 1.159715289819341
34 1.620343836009872
34 1.480064799375807
34 3.375417744373589
34 2.589932308172346
34 2.334980918083597
34 1.751574536279825
34 1.955829217950399
34 1.616988421672970
34 2.411801475880471
34 2.051088009237161
34 2.446091173246861
34 2.364611384262360
34 3.660073533649816
34 1.637041517591772
34 2.351392435588643
34 1.206832792476266
34 2.729044951612705
34 2.745785290203007
34 1.053950064102882
34 1.906199536182147
34 1.562937652337446
34 3.522180218012379
34 2.461804379763282
34 1.981874983374580
34 1.797581412171221
34 2.594702237624015
34 1.580306500287826
34 1.666330641876396
34 1.247355283483675
34 1.037200183771947
34 2.059030283964543
34 1.426049698334579
34 2.237974527609770
34 1.782600595491648
34 3.347847813553399
34 2.213820489254955
34 3.392897990447061
34 2.167707484100704
34 1.230571382302462
34 1.817575033886189
34 1.275513214056980
34 1.138654745970008
34 0.851926219376605
34 1.173777754015904
34 1.776219659727247
34 1.654520325358427
34 1.114181818501343
34 2.089110890190435
34 1.443682047610763
34 2.280106411254987
34 1.427710702160510
34 2.883718351099451
34 2.186074503244980
34 2.817307106568672
34 2.093929808825256
34 1.502348982204696
34 1.979185514535664
34 1.856637598763240
34 1.666194831429493
34 3.596218938810413
34 2.051776992467493
34 3.573251798003941
34 1.512953381110367
34 1.746426059903482
34 1.764466260083580
34 2.513650673832318
34 1.480489293885390
34 1.183449056992794
34 2.570988928829457
34 1.817281602028846
34 1.029161239897753
34 2.017496931056446
34 1.186321805171414
34 1.886001043920166
34 1.897226410101443
34 1.370639244695038
34 1.157553655199994
34 2.193909469489056
34 1.697192047757485
34 2.084354500698907
34 1.599178729931972
34 1.432457010211811
34 1.310405514062740
34 1.638870084544470
34 3.015693482205902
34 1.393761176347068
34 2.265724732543855
34 0.881540802000005
34 1.466451434984171
34 2.051805678265463
34 1.730400374785537
34 2.872784259729737
34 2.074019547323006
34 1.541285939544998
34 2.473154331535277
34 0.884545761775480
34 1.821455207038166
34 1.854221813519517
34 2.039631632322769
34 1.746588308559627
34 0.897921116378456
34 1.088587336009093
34 2.154853812861309
34 1.315670644912504
34 1.797378097650383
34 1.373413603117319
34 1.448732568310372
34 2.026521531555803
34 1.303455648140643
34 1.189247180227383
34 1.564938996856365
34 2.055823008761758
34 2.839973601693414
34 1.407312327684702
34 1.757614884187159
34 1.802672631455563
34 1.771503609822347
34 1.749137264667757
34 1.402394776364218
34 1.492399147226481
34 3.056616535683646
34 1.867861776672256
34 2.259282418723960
34 3.250877831649597
34 2.105420147631970
34 2.018172703656115
34 1.996909243771239
34 1.505367932378867
34 1.735024207954871
34 2.428381047435022
34 3.527721197651224
34 1.870432039509700
34 0.975285406882721
34 2.705223202135463
34 1.646988616472408
34 2.200255427394086
34 1.106772995105033
34 3.024341800384145
34 2.453427168865207
34 2.410092418680584
34 2.308289292436219
34 1.666899072879091
34 1.520558429687890
34 1.186118586479099
34 1.884585980536130
34 2.445167603100662
34 2.549998380560559
34 1.679127164154369
34 0.959532120885850
34 1.923408054691488
34 4.008070371709822
34 2.442816910630518
34 2.477622083974859
34 1.385116073001785
34 1.556973449539449
34 1.637532251949723
34 1.491534343753185
34 0.915139649359562
34 1.806655801494466
34 1.243374076117601
34 3.353489678535527
34 1.513398059932947
34 2.320809518045749
34 2.145032081785992
34 2.493707543174179
34 1.299811648657888
34 2.259947048005404
34 0.922742276289415
34 2.010366849465926
34 1.626839686093757
34 1.639366155321258
34 1.894075397352094
34 1.923531561262445
34 1.691923164066425
34 1.793573444627031
34 2.357308759294620
34 1.449440050764847
34 1.440310631648328
34 1.615237585614499
34 1.488465215882248
34 1.859937765186443
34 1.947191240394797
34 1.569955649961644
34 1.661008682445201
34 1.173740182336473
34 1.765818200553654
34 1.361388595341982
34 1.752783489478735
34 2.481374855458936
34 1.842912688762928
34 2.954482165224423
34 1.827040702473807
34 1.352294723586348
34 1.751585895046820
34 1.771322297126606
34 2.821395558865658
34 2.744638600860312
34 2.481927645320528
34 3.564422351215490
34 2.086126065718675
34 0.999357195440163
34 1.510155287841407
34 1.357258881876295
34 0.978610192116900
34 2.525146112255184
34 2.026469600510324
34 1.018463140567669
34 1.150073986966285
34 2.486245529584326
34 2.111522458314140
34 1.223164815185559
34 1.061868045064096
34 1.155922470192588
34 1.926478472061280
34 1.567577158463432
34 1.564217796232280
34 1.984224879261466
34 1.669469811073122
34 3.302090893216662
34 2.131213954868415
34 1.918475500539818
34 1.580255235482874
34 2.014633413537178
34 3.743289265730457
34 2.551312837275340
34 2.652392810964485
34 2.538781621881157
34 1.185855100245205
34 4.051921024914538
34 1.287290075110378
34 1.028629915731867
34 1.161332171218465
34 1.709651212672750
34 1.681194031283931
34 2.454401808590999
34 1.997941206902106
34 1.821789991574860
34 2.340846281718932
34 1.612051726524747
34 1.448682438271103
34 2.382043778284556
34 3.731826038337477
34 1.775214315923284
34 2.245573051825405
34 1.129166938234083
34 2.702310770817789
34 1.023202323011478
34 1.968947589066892
34 1.058919257804459
34 1.944493870799890
34 1.732147698020955
34 2.548620436419611
34 1.384198712442388
34 1.021049307996011
34 1.721793575988454
34 1.631266675452851
34 2.656438982223782
34 1.412448132406422
34 1.671532084445873
34 1.711232608364195
34 2.546711441353410
34 1.727656580611996
34 2.054610125424220
34 1.586762873770179
34 1.646523776730605
34 1.835712119257085
34 2.574786286969461
34 1.907598169948227
34 1.093031364874748
34 3.728095118485397
34 0.952462535349964
34 2.206298084520752
34 2.606962961000578
34 1.441821996264255
34 1.539769819299186
34 1.928168995029678
34 1.552121069994848
34 1.102643633011740
34 1.234018793185425
34 1.928998555940478
34 1.326479135814511
34 2.329916474116489
34 2.548404918046484
34 1.807365918134044
34 1.901137895030625
34 2.642369908119765
34 2.595779099226721
34 2.062279953509306
34 3.750497951426292
34 2.122351151365167
34 1.152905254440693
34 2.714370599927498
34 1.072688663830960
34 1.306274234097192
34 1.502615424454387
34 1.974778180310746
34 1.483156161779655
34 1.919616375660298
34 2.046031686914223
34 2.159944442986445
34 2.113591849060133
34 2.323196337913148
34 1.071189826489088
34 1.810116195670998
34 1.872959989537957
34 1.643543550895292
34 1.484982724834120
34 2.174024246676351
34 1.868609073335385
34 1.512619121870837
34 2.248453623868602
34 1.447824414652511
34 2.252279073896895
34 3.378018290250535
34 2.035609548732626
34 1.964800094214228
34 2.234033153093832
34 1.041064036933983
34 1.258799042230789
34 2.005827144471357
34 1.764440469771595
34 1.641018095507935
34 2.447441882823719
34 1.552858207353965
34 2.212785650696794
34 2.905225019297898
34 0.849539817921735
34 1.298554708058944
34 1.930283543070345
34 2.802588524778352
34 2.491380888527003
34 2.147318751211460
34 1.775805121580214
34 2.833783889834206
34 1.999476642025418
34 2.454006590910741
34 1.830989242409304
34 1.012241053364697
34 1.319786920228867
34 1.617410942867688
34 1.124776779815306
34 1.049362765666237
34 1.715584515328620
34 1.326562537012392
34 1.534527192132607
34 1.656072316884429
34 1.748688112716668
34 1.684366542054424
34 1.506568531403580
34 1.201557897613768
34 1.554535335471414
34 2.904555327580641
34 1.437193381662670
34 1.441879065108339
34 2.844912312840647
34 1.996073639561804
34 1.495832721655207
34 1.973639885756908
34 1.628255581160437
34 1.564324594153263
34 2.390802528601020
34 2.510826579153073
34 1.617605070178705
34 1.900540703809130
34 2.881351130372172
34 1.384747437580460
34 2.600312740925284
34 3.367451962285926
34 2.900423121265343
34 3.045012406592436
34 2.189051805150349
34 1.462255966920991
34 1.572719388847438
34 1.067009995298006
34 1.999256036273199
34 1.874240447350354
34 3.622824942334894
34 1.889119334067386
34 1.482931617019402
34 2.773142378436531
34 1.596257346700241
34 1.762684737813835
34 1.730845985455460
34 1.330209498877442
34 1.462937999184407
34 1.210623344012315
34 1.883815113166294
34 2.592521450244798
34 1.606153941923568
34 2.748784902578970
34 1.717249935682347
34 1.502783453022777
34 2.003444620582841
34 2.616263902400429
34 1.585533710818323
34 1.339008086738880
34 1.435079289772036
34 1.368046973963787
34 1.630654715558594
34 2.464626468583954
34 1.353337099349191
34 2.278483372828592
34 1.890506616332230
34 1.166677374025072
34 1.320416930156247
34 1.205617358513408
34 2.478271417709703
34 2.264345358402247
34 1.597936027521333
34 1.537294380137127
34 1.464221762929709
34 1.582404674491042
34 1.465918240400970
34 2.094337971838611
34 1.422319399749923
34 2.122742830579736
34 3.425215464608801
34 2.106171931910752
34 2.644516437192162
34 1.030468354546486
34 0.890393087763794
34 2.310630073548998
34 1.176345635716232
34 1.116242617514551
34 0.962171318600249
34 1.257832019548512
34 0.748314207662842
34 1.300422490380857
34 1.042011263071836
34 1.951152558802799
34 1.068557126917049
34 2.344156173018624
34 2.557165840380565
34 2.904062838481583
34 1.671529912484066
34 1.170581340646276
34 0.865437476223702
34 1.634430646829727
34 2.634049365944739
34 2.129441837308078
34 1.519845618858531
34 2.751527737957729
