10 0.050075219461621
10 0.049454944491806
10 0.073452313539364
10 0.053859692922257
10 0.049503372634689
10 0.033477673469094
10 0.041041116330083
10 0.085171484680380
10 0.044029321660251
10 0.024055480099726
10 0.031687304411313
10 0.132181384094650
10 0.064137208089518
10 0.040054008112862
10 0.093416479740071
10 0.064424354733359
10 0.093162101678900
10 0.100138820037405
10 0.067293820179654
10 0.086346093210111
10 0.075909539156793
10 0.050634836938254
10 0.051193177837670
10 0.057064568809344
10 0.125843409299417
10 0.093403824228404
10 0.199520299115729
10 0.148193560839361
10 0.061135543916556
10 0.059349559885360
10 0.262638722005822
10 0.090124878157431
10 0.046169834046145
10 0.056916169302726
10 0.080658475148065
10 0.048836800852267
10 0.049316013385579
10 0.040080242342660
10 0.088881637672188
10 0.066761260678949
10 0.029062732756504
10 0.157041401831088
10 0.897605063524496
10 0.071651388097417
10 0.221361025488665
10 0.035311945187735
10 0.043159355694261
10 0.047397164194043
10 0.067583113615507
10 0.047115270938133
10 0.065137167849515
10 0.137032800095362
10 0.062052886041901
10 0.041021806612270
10 0.026288770227404
10 0.103036731307823
10 0.102772073853184
10 0.053023896408197
10 0.053246875743666
10 0.047507672531602
10 0.074952303754309
10 0.060090324544547
10 0.049669377429232
10 0.249795143072161
10 0.082934816799102
10 0.073896465176932
10 0.050437456568538
10 0.058187774536308
10 0.122192219146521
10 0.047614008573301
10 0.065158038468236
10 0.041642172808479
10 0.042966863900961
10 0.057129044675012
10 0.067867875738745
10 0.076306740436935
10 0.063328031014966
10 0.067660451640488
10 0.097600971225680
10 0.104399302510008
10 0.046137581947842
10 0.063675885319843
10 0.052995155027603
10 0.049816566789634
10 0.028010826373777
10 0.032652656402963
10 0.060807720995524
10 0.082084706254130
10 0.065606563121879
10 0.079866736798595
10 0.038556394328637
10 0.157282842357114
10 0.056417347711360
10 0.044046910157173
10 0.044142204921113
10 0.119179201564534
10 0.065723519633901
10 0.037809297328962
10 0.082991598295839
10 0.051098724295883
10 0.145463324236268
10 0.041109118888872
10 0.042099289202081
10 0.071866120359259
10 0.072955051677638
10 0.060422333593890
10 0.099320783932858
10 0.115914070944475
10 0.041460411750873
10 0.043214801459886
10 0.035540761278575
10 0.042365189721354
10 0.099295675130720
10 0.057101082191529
10 0.030837827395279
10 0.202657851123197
10 0.214603517328284
10 0.142730006580667
10 0.024482689075706
10 0.047696568552223
10 0.200746914481273
10 0.095024136939028
10 0.054923979276734
10 0.196157196186653
10 0.084521287007449
10 0.057593211644344
10 0.070429999808914
10 0.077311318586092
10 0.057212868163993
10 0.062073369322374
10 0.066600463902528
10 0.110091659935965
10 0.034974028549112
10 0.104659959584945
10 0.061231157597747
10 0.082975286072030
10 0.025406780164166
10 0.071005182548197
10 0.122567944385623
10 0.091673774996452
10 0.060130717786415
10 0.055098118755351
10 0.096101800042280
10 0.285738265052177
10 0.072330265291217
10 0.077760353070298
10 0.050697671819179
10 0.071513076819273
10 0.369542777338874
10 0.042983912349210
10 0.276256708832149
10 0.082294726171814
10 0.105047370632951
10 0.039766999224861
10 0.172289747974164
10 0.042821702245744
10 0.069016496395910
10 0.032949436310434
10 0.070976675706411
10 0.036056498481383
10 0.119442924531779
10 0.053831027273270
10 0.065312141381246
10 0.050924371738819
10 0.112156506479249
10 0.733371488873471
10 0.094502019019882
10 0.132878706636348
10 0.051961101945947
10 0.054043853665032
10 0.986674011191642
10 0.061982273214484
10 0.125758228553017
10 0.060088943241575
10 0.098897671523983
10 0.070686765446016
10 0.072454811458873
10 0.073208541837499
10 0.057429369724605
10 0.070207114942708
10 0.048652708369442
10 0.075657739451955
10 0.087332801292233
10 0.044888130122327
10 0.067224729920816
10 0.053389429326065
10 0.080013715538207
10 0.034778552936229
10 0.122551991873093
10 0.042702705463290
10 0.263379543161441
10 0.100172620280775
10 0.053950565995727
10 0.098410914235013
10 0.132004615243660
10 0.065257287264452
10 0.335004318260624
10 0.234987084345941
10 0.145155783941357
10 0.088385677534516
10 0.037116438131067
10 0.088167477306699
10 0.124647060790711
10 0.064824732930922
10 0.169966076763088
10 0.080946958191801
10 0.063284679993474
10 0.036169688426892
10 0.072198167966748
10 0.511318569824523
10 0.107104022228765
10 0.158720920717515
10 0.071483267533663
10 0.042600826580643
10 0.106553269422571
10 0.090075818400704
10 0.066026306417564
10 0.104444782467427
10 0.065832711661042
10 0.072883735391913
10 0.075818670389603
10 0.196234965199021
10 0.063825537453125
10 0.045572239193538
10 0.076981606939835
10 0.063737093328498
10 0.044693308985417
10 0.034915789843237
10 0.143211474708357
10 0.099066312509700
10 0.572503127613831
10 0.091781189149597
10 0.041761379816996
10 0.037737771240830
10 0.261520513093327
10 0.094108593098782
10 0.845056160917436
10 0.059139713864173
10 0.100860614923627
10 0.049242571514982
10 0.105343070230819
10 0.089915345292891
10 0.029587074154494
10 0.078443383038543
10 0.152751914978082
10 0.110635254858061
10 0.074074408647326
10 0.101177568781447
10 0.118351586204899
10 0.047649837455661
10 0.039756830558185
10 0.164980048621754
10 0.078589511877983
10 0.082677374734780
10 0.045226427307199
10 0.065814391107986
10 0.136976282339831
10 0.070382134238505
10 0.070129196062088
10 0.120748564098088
10 0.038013056926174
10 0.075273319675498
10 0.074534499355762
10 0.060389851821065
10 0.075749215125504
10 0.068529490167209
10 0.058215747164745
10 0.107711435750140
10 0.009132474321927
10 0.043629616913504
10 0.047378301742723
10 0.100017039792603
10 0.185743497811431
10 0.056585415075816
10 0.106444049375808
10 0.067045651188219
10 0.099546937754648
10 0.026232627826389
10 0.141803828938642
10 0.202629299478120
10 0.055908519878458
10 0.052630438735394
10 0.120570280802702
10 0.083965971724937
10 0.042654925561759
10 0.062436724560394
10 0.416771764330523
10 0.079045878199809
10 0.055272679971692
10 0.042835850347395
10 0.037280737271052
10 0.137921475988724
10 0.050978583501136
10 0.904105466788502
10 0.044558382453253
10 0.077461510521518
10 0.077867514867343
10 0.066380017682125
10 0.049202945089408
10 0.083479569673270
10 0.043671816523733
10 0.068634553241215
10 0.090763856468731
10 0.063269122903321
10 0.070447644067768
10 0.167929158557865
10 0.045205455132451
10 0.173531643697700
10 0.068834721232749
10 0.135485752547337
10 1.196701888388901
10 0.067125140841848
10 0.064573910577942
10 0.031575588850696
10 0.144002496271876
10 0.069502410007815
10 0.035973115727902
10 0.064983728205439
10 0.094671543092095
10 0.123571989191550
10 0.073000521483625
10 0.072709026476129
10 0.086623797065663
10 0.077407257817327
10 0.093754475854547
10 0.041848685793970
10 0.062715811677488
10 0.129177650531489
10 0.091360146039668
10 0.062576954651065
10 0.068602617583539
10 0.111420703129419
10 0.064297930874769
10 0.056967728837547
10 0.074328011308555
10 0.034169562556981
10 0.084111968685713
10 0.038418978691221
10 0.338043456657250
10 0.113142359427786
10 0.036585223948266
10 0.083729404388567
10 0.074455077358422
10 0.045162309280945
10 0.041158492877327
10 0.133217832842996
10 0.085489043134663
10 0.062601550653834
10 0.431354416575886
10 0.080346298812295
10 0.044360845444714
10 0.025167708973195
10 0.048913745550475
10 0.055118465700421
10 0.102071101218598
10 0.099353544632416
10 0.053515540681103
10 0.066319920300987
10 0.142874506273796
10 0.063465275533019
10 0.062943963373079
10 0.123788831697146
10 0.113182300762478
10 0.099632729558832
10 0.097348836267139
10 0.078831845596930
10 0.101555260554621
10 0.067257967521431
10 0.072358536508047
10 0.056954324102205
10 0.087241285881596
10 0.231376002979563
10 0.055087219973116
10 0.134497590535509
10 0.176788841477692
10 0.049150327601407
10 0.029594912402166
10 0.044102966509569
10 0.283380388115040
10 0.067093994087529
10 0.065708320512424
10 0.049078993237743
10 0.417082754570481
10 0.089250763412647
10 0.306520683322710
10 0.086797150525255
10 0.325082813531171
10 0.063833083024739
10 0.107571722666873
10 0.077532766928962
10 0.034468192114701
10 0.099782367109233
10 0.093986556060011
10 0.076571086043423
10 0.093000604366408
10 0.084511707327432
10 0.152430534035396
10 0.065729751153340
10 0.023485806648534
10 0.049346461967066
10 0.105647926359035
10 0.169972540682839
10 0.080560400093879
10 0.046879309056555
10 0.332410175348784
10 0.077337632703708
10 0.048684245979736
10 0.048778569674830
10 0.313665832329161
10 0.051145324812036
10 0.040290136869848
10 0.059777065014938
10 0.104105567242196
10 0.048678867584276
10 0.048410335898184
10 0.054557611671989
10 0.070231784365535
10 0.301377046385683
10 0.119058099466660
10 0.051515200127015
10 0.073246117484304
10 0.063312501826113
10 0.073403872764870
10 0.147344248436861
10 0.040355820649833
10 0.042792542710087
10 0.115170682822423
10 0.058250505012894
10 0.041553384936998
10 0.094991173716952
10 0.200864668945594
10 0.029929506384248
10 0.060194060839717
10 0.100944131120793
10 0.075003857254740
10 0.033969027422863
10 0.056951316820035
10 1.309591375525498
10 0.158654836420456
10 0.057504332457334
10 0.082931847335018
10 0.088198934209044
16 0.460826160097415
16 0.363457163729824
16 0.325690048357963
16 0.138063478961526
16 0.294558009302528
16 0.235060423646970
16 0.550978797097291
16 0.477349640622066
16 0.318393630501244
16 0.164988317939131
16 0.760558068798766
16 0.485178065990731
16 0.387254197309654
16 0.216826317413059
16 0.453317290936960
16 0.791773551987490
16 0.391220071536514
16 0.777408469778163
16 0.326078352159016
16 0.518130145198605
16 0.386207117225235
16 0.344652333606528
16 0.272562027325529
16 0.324603279265910
16 0.517087108555032
16 0.971584948132008
16 0.535586088968733
16 0.500701239688785
16 0.943915661571849
16 0.203320580798648
16 0.570852969772373
16 0.650355089179155
16 0.156375595873507
16 0.357652076715344
16 0.499493830308619
16 0.372868831750657
16 0.551144769998158
16 0.150007719531381
16 0.574005404601126
16 0.666997919030387
16 0.567665655213373
16 0.245967567879290
16 0.223188171511737
16 0.414828598155567
16 0.520376416476465
16 0.181947596638420
16 0.518642893711011
16 0.536759674852136
16 0.490971703543023
16 0.288653377908251
16 0.765489583872348
16 0.528893608763845
16 0.565142956169157
16 0.273524123983277
16 0.727543395159034
16 0.303801597758826
16 0.355382525887805
16 0.277229571385705
16 0.208643089223631
16 0.415046321430050
16 0.830815857079523
16 0.349844511307904
16 0.160203495912988
16 0.237455621823226
16 0.191076984156982
16 0.336652262079506
16 0.920128836585209
16 0.165365417185766
16 0.391094743756661
16 0.379410976829692
16 0.534378613620198
16 0.489497500162586
16 0.240206889212940
16 0.212374685097615
16 0.260982035026280
16 0.332727678615630
16 0.301143310952682
16 0.254440036935491
16 0.273466410216526
16 0.160509276924876
16 0.467243088651280
16 0.279332517763871
16 0.405869611526233
16 0.288223185680395
16 0.283221613308540
16 0.398508623962782
16 0.163330391811670
16 0.500458783989732
16 0.384019268558511
16 0.434897286758165
16 0.569851567345763
16 0.534137038031617
16 0.351261663605706
16 0.405507731719460
16 0.562002134562215
16 0.190093656782437
16 0.399574057681343
16 0.376489343584027
16 0.313499060536683
16 0.696843753233002
16 0.387025274248868
16 0.344745904393894
16 0.268915403730251
16 0.406775715557068
16 0.709057591976128
16 0.540690528006903
16 0.409690570606313
16 0.416368807573831
16 0.241920578975780
16 0.234550338252483
16 0.282325008584522
16 0.256932260408201
16 0.243059840850792
16 0.382714818550028
16 4.861429912611921
16 0.343369757521492
16 0.164191696295152
16 0.343035747308052
16 0.389968314292829
16 0.197663675437012
16 0.556917723462568
16 0.490000404674928
16 0.273356602538906
16 0.295348990143555
16 0.268250156787825
16 0.290222129869565
16 0.232782954948739
16 0.207365967118689
16 0.861569688208007
16 0.406685502530952
16 0.268617409905267
16 0.402089868177418
16 0.414078822032999
16 0.193307773335077
16 0.516548486422288
16 0.271980218397179
16 0.322434588522977
16 0.209116055229477
16 0.200053862773688
16 0.333700849890528
16 0.211983361564053
16 0.776088586074878
16 0.323493053269289
16 0.430595617304496
16 0.248949486713807
16 0.674291722378883
16 0.502992146945706
16 0.195732332260693
16 0.733098553505705
16 1.739513405893971
16 0.334201725013082
16 0.193971953838902
16 1.227027668018861
16 2.070095745281408
16 0.704430039758882
16 0.810693514091278
16 0.458930535550786
16 0.274194497200899
16 0.194325490869660
16 0.420840425501262
16 2.964460439562093
16 0.202795656117670
16 0.209246166805495
16 0.279046205576124
16 0.738004388349508
16 0.719293833506518
16 0.826061313864946
16 0.531280826348445
16 0.878158898695241
16 0.703767806476657
16 0.320563659640291
16 0.321184457690125
16 0.368685171965284
16 0.286147155614803
16 0.329531646810490
16 0.206049163242216
16 0.760716245717672
16 0.267115545300822
16 0.262667511415093
16 0.520852947200103
16 0.157998050575473
16 0.547111059994256
16 0.347863511066723
16 0.181260782952823
16 0.960460799736732
16 0.385959172445548
16 0.211983361564053
16 0.776088586074878
16 0.323493053269289
16 0.430595617304496
16 0.248949486713807
16 0.674291722378883
16 0.502992146945706
16 0.195732332260693
16 0.733098553505705
16 1.739513405893971
16 0.334201725013082
16 1.057179245539341
16 0.193971953838902
16 1.227027668018861
16 2.070095745281408
16 0.704430039758882
16 0.810693514091278
16 1.562193418446916
16 0.458930535550786
16 0.274194497200899
16 0.194325490869660
16 0.420840425501262
16 2.964460439562093
16 0.202795656117670
16 0.209246166805495
16 0.279046205576124
16 0.738004388349508
16 0.719293833506518
16 0.826061313864946
16 0.531280826348445
16 0.878158898695241
16 0.703767806476657
16 0.320563659640291
16 0.321184457690125
16 0.368685171965284
16 0.286147155614803
16 0.329531646810490
16 1.290127282430507
16 0.206049163242216
16 2.272247396307085
16 0.760716245717672
16 0.267115545300822
16 0.262667511415093
16 0.520852947200103
16 0.157998050575473
16 0.547111059994256
16 0.347863511066723
16 0.181260782952823
16 0.960460799736732
16 0.385959172445548
16 1.164154285836179
16 0.252430698453841
16 0.546378156749377
16 0.335022447154265
16 0.719593474784686
16 0.568248067498748
16 0.331205055313955
16 0.199069247934861
16 0.286751564399610
16 0.253267780066467
16 0.135554368938628
16 0.376582824628827
16 0.511738452015440
16 0.306488460933781
16 0.532947966313828
16 0.674544486498705
16 0.598228536453997
16 0.333105162374358
16 0.297136077419476
16 0.215231542752003
16 0.402327687145915
16 0.820310933729547
16 0.227439861986479
16 0.531634330270205
16 0.305402359172509
16 0.306564100660450
16 0.321169542026026
16 0.127919387222689
16 0.738072308746635
16 0.247280969802787
16 0.715933279517049
16 0.191829058319462
16 2.488726176794541
16 0.244452948171274
16 0.405546088219668
16 0.499338833010338
16 0.426632733023339
16 0.704468686734287
16 1.793642963313600
16 0.657205129032908
16 0.369127403799663
16 1.132079865742579
16 0.332597290695727
16 0.220907167195760
16 0.287508990478546
16 0.557402485910461
16 0.299419559408324
16 0.328496624353003
16 0.308760986989301
16 0.651292861894241
16 0.339804925441563
16 0.284319394712077
16 0.304950180673976
16 0.672736241169068
16 0.279920810670441
16 0.727004844925299
16 0.916516568488480
16 0.624051747838951
16 0.552036258018316
16 0.486234317598991
16 0.398250626723953
16 0.204131731230357
16 0.275201372490926
16 0.282676936558347
16 1.405133330999920
16 0.346028356069049
16 1.131610439446244
16 0.403235039466123
16 0.366583970806452
16 0.349837709497348
16 0.712769873795565
16 0.321978259961051
16 9.658415262211633
16 0.315487172987343
16 0.303223726723304
16 0.803699456043198
16 0.408514931240319
16 0.417384637054749
16 0.255559417971735
16 0.340781945955104
16 0.530024443314949
16 0.405000471031394
16 0.233855047794915
16 0.125705813872175
16 0.945379019310504
16 0.286731313720658
16 0.472677264249289
16 0.169409719321186
16 0.331196933927646
16 0.192428351881234
16 0.431078804744589
16 0.416020585780633
16 0.276842659340861
16 0.528297154106418
16 0.412138840806632
16 0.235859866436604
16 0.354810267008128
16 0.502404574465495
16 1.065660671778965
16 0.287555291611175
16 0.339804925441563
16 0.284319394712077
16 0.304950180673976
16 0.672736241169068
16 0.279920810670441
16 0.727004844925299
16 0.916516568488480
16 0.624051747838951
16 0.552036258018316
16 0.486234317598991
16 0.398250626723953
16 0.204131731230357
16 0.275201372490926
16 0.282676936558347
16 1.405133330999920
16 0.346028356069049
16 1.131610439446244
16 0.403235039466123
16 0.366583970806452
16 0.349837709497348
16 0.712769873795565
16 0.321978259961051
16 9.658415262211633
16 0.315487172987343
16 0.303223726723304
16 0.803699456043198
16 0.408514931240319
16 0.417384637054749
16 0.255559417971735
16 0.340781945955104
16 0.530024443314949
16 0.405000471031394
16 0.233855047794915
16 0.125705813872175
16 0.945379019310504
16 0.286731313720658
16 0.472677264249289
16 0.169409719321186
16 0.331196933927646
16 0.192428351881234
16 0.431078804744589
16 0.416020585780633
16 0.276842659340861
16 0.528297154106418
16 0.412138840806632
16 0.235859866436604
16 0.354810267008128
16 0.502404574465495
16 1.065660671778965
16 0.287555291611175
16 0.180013137483389
16 0.240989070484490
16 0.225461405018605
16 0.840029712385870
16 4.674169516894300
16 2.333762994929367
16 0.282751844684416
16 0.175190985062708
16 0.245300602538964
16 3.991627045023084
16 0.133373754776811
16 0.387590757947319
16 0.809973982184217
16 0.344358762407897
16 0.211284143208131
16 0.485728841769252
16 0.396161227356964
16 0.249846184563325
16 0.215797686524016
16 5.588937944086172
16 0.318247747575502
16 0.482377976537276
16 0.407682576812626
16 0.425081466655596
16 0.504172045467305
16 0.585423977174096
16 0.374491621370826
16 0.188949675402319
16 0.278508183859751
16 0.189746203884746
16 0.355023557969957
16 0.687824119919090
16 0.584028630699295
16 0.313213133989249
16 0.310529591221522
16 0.168375980765948
16 0.601046765049906
16 0.517068218735761
16 0.321220982640258
16 0.766789546738446
16 0.191381743592770
16 0.283496032900247
16 1.140656024370243
16 0.480941817880297
16 0.244648783846636
16 9.731657596798552
16 0.597305627509257
16 0.226062814724557
16 0.734192601702176
16 0.420295995833854
22 0.609415760555565
22 0.788161854185320
22 1.311850453273715
22 1.661303552616280
22 2.015637652232332
22 0.596974581191522
22 9.879315311329425
22 0.704262525007838
22 0.733432765493849
22 1.255060382203792
22 0.666428078033891
22 0.861101590471549
22 1.222304040138456
22 1.120634569039058
22 1.236954499739944
22 1.331360436052792
22 1.418359114064325
22 1.202415756992577
22 0.816483567711871
22 0.489126973273637
22 2.105982534877346
22 0.859703789547157
22 0.717837446875808
22 1.607586377830204
22 4.845957550833628
22 1.043862731338087
22 0.837665579276779
22 0.940659366049053
22 1.074051345249454
22 1.635041370935455
22 1.373421670612498
22 1.030213634671450
22 1.544683397300317
22 0.760279745671329
22 9.613848515329538
22 0.742076712624227
22 0.762879521745097
22 0.641355214255959
22 0.997357157927167
22 0.814517053779632
22 2.876108787879830
22 0.682926755944941
22 0.867869915038155
22 1.119609941969415
22 1.392367540036234
22 1.671958336215000
22 0.583716787539789
22 1.586600503775064
22 0.841695544781702
22 0.731142142434726
22 0.609415760555565
22 0.788161854185320
22 1.311850453273715
22 1.661303552616280
22 2.015637652232332
22 0.596974581191522
22 9.879315311329425
22 0.704262525007838
22 0.733432765493849
22 1.255060382203792
22 0.666428078033891
22 0.861101590471549
22 1.222304040138456
22 1.120634569039058
22 1.236954499739944
22 1.331360436052792
22 1.418359114064325
22 1.202415756992577
22 0.816483567711871
22 0.489126973273637
22 2.105982534877346
22 0.859703789547157
22 0.717837446875808
22 1.607586377830204
22 4.845957550833628
22 1.043862731338087
22 0.837665579276779
22 0.940659366049053
22 1.074051345249454
22 1.635041370935455
22 1.373421670612498
22 1.030213634671450
22 1.544683397300317
22 0.760279745671329
22 9.613848515329538
22 0.742076712624227
22 0.762879521745097
22 0.641355214255959
22 0.997357157927167
22 0.814517053779632
22 2.876108787879830
22 0.682926755944941
22 0.867869915038155
22 1.119609941969415
22 1.392367540036234
22 1.671958336215000
22 0.583716787539789
22 1.586600503775064
22 0.841695544781702
22 0.731142142434726
22 1.637056605929649
22 5.067413090091988
22 1.041220940238423
22 1.237872760769545
22 0.909726794665664
22 0.626383500465230
22 1.711937037755384
22 3.504598710265372
22 1.471128523516569
22 1.090758356722397
22 1.140165318970221
22 0.690059049759739
22 0.867566042220825
22 9.693091704685928
22 1.290775523984093
22 1.221013944730774
22 1.076485603734271
22 0.936275155885308
22 0.762983785579609
22 0.818175888514345
22 1.130115201576261
22 0.969062962800039
22 0.722143247474542
22 1.260715843862317
22 1.258301213919747
22 0.738332099165192
22 0.510580103601082
22 0.887900171124015
22 9.271080819248773
22 0.955775130525130
22 1.610628775219128
22 0.779036649775173
22 2.820329484280470
22 0.933210525095877
22 0.779122058595015
22 0.786227284354847
22 0.962707123840782
22 1.296193671626674
22 3.244248216811396
22 1.171708028671062
22 1.118592718840427
22 9.692875903991101
22 1.520614128669190
22 1.531480539257751
22 1.052809882287029
22 1.162443491644938
22 0.571680336133066
22 2.033555585943482
22 1.031380451771194
22 0.730692462893183
22 0.857543216350255
22 1.646063015896258
22 0.591741455900933
22 0.515923476550961
22 0.820931888082404
22 0.972190693260998
22 1.850990617839135
22 1.868807525039447
22 1.051010857645575
22 0.694040419869899
22 1.039010125179606
22 0.729516955302369
22 0.730395758260997
22 1.865228199716444
22 0.759366415521761
22 2.138945114199636
22 0.960191722764248
22 8.242111203450115
22 1.454862993183639
22 2.447906426775164
22 0.845960031896992
22 1.920461660010231
22 0.735146336720211
22 0.945560753293440
22 1.544962275574302
22 2.367608903080954
22 0.720032529305609
22 1.164834106825557
22 6.635414292432886
22 1.475796029866557
22 0.738980765115617
22 0.863985836842186
22 2.756959796671103
22 1.173280673589963
22 0.837871061988931
22 0.912304533312325
22 2.392988323201877
22 0.966131009246433
22 0.983751335185771
22 1.661393195237940
22 1.763827637770117
22 0.925438565886445
22 2.487630764720973
22 0.523587391516600
22 1.502904181367287
22 1.882829872751758
22 0.835836102344252
22 0.692214140392388
22 0.855887637678812
22 0.667220800237500
22 1.020781272954291
22 0.703009664453055
22 9.654288861292486
22 1.568416097120042
22 1.120122751950778
22 0.895015928754448
22 0.838925531757151
22 1.363413564239120
22 0.976952570789846
22 2.424974962454796
22 0.833710118465619
22 0.658424028344896
22 7.867525314317549
22 0.929769803315089
22 2.022976398646796
22 7.294770722304018
22 5.462873303206934
22 0.501065887392649
22 0.665248919823891
22 1.344839577662750
22 0.691376682242290
22 8.654410633583462
22 0.542687371887719
22 2.423951497898203
22 1.345142087258296
22 0.780587603972802
22 1.157880424274549
22 0.882119130069202
22 1.350329528171128
22 6.793596583974540
22 0.536519439684324
22 6.202708561189448
22 0.796711482105219
22 2.771430354158884
22 9.678915580660046
22 0.638035973978877
22 0.610248130323834
22 1.080027408367466
22 0.807347503570489
22 0.812401838219683
22 0.869629543653096
22 0.754603293326608
22 1.488919612101340
22 1.968808534134559
22 1.135481174427913
22 1.220208848661314
22 1.934784958468928
22 2.758400162848863
22 0.663922828072861
22 1.163793110542330
22 1.581852505461216
22 1.944722927874583
22 0.670995742173655
22 0.859732000023657
22 1.038402487858142
22 6.313761977820415
22 0.699486563023755
22 1.054376589163325
22 4.500249064424468
22 0.844157148255888
22 1.331209565367374
22 0.507958228650484
22 5.915130865088260
22 1.554251334952474
22 1.577450200268984
22 0.435473802754091
22 0.579517378859316
22 5.290607498978734
22 0.823151667647326
22 0.951022519298891
22 0.769900138780413
22 0.434555304306205
22 1.135368112563580
22 0.999983350519648
22 1.445054227192351
22 1.101282375407648
22 1.188479628919660
22 1.280007535652675
22 1.451142953556133
22 2.735922852278239
22 0.594425455929723
22 0.907379688419829
22 0.926158224703132
22 1.316320123574536
22 0.926256440869190
22 2.141306551708465
22 0.981306943424395
22 2.319344031073574
22 1.701450643449398
22 0.682789628489222
22 1.011095663925291
22 0.952371355972041
22 0.580044739430172
22 1.409051410634852
22 1.123944947294201
22 1.115679413558868
22 1.070100268139418
22 0.647874668478766
22 0.667864229233348
22 1.006357883362562
22 0.704081520004532
22 1.491878160749153
22 1.818093251401197
22 1.081277182435762
22 1.142456086350573
22 1.723751243936869
22 0.815757416932192
22 0.534649407038114
22 2.410093738793615
22 0.940095557172041
22 9.483855288858267
22 1.411499702400987
22 2.287508821175925
22 2.631115024553942
22 0.667824990496395
22 1.173222467773017
22 0.790854484951053
22 1.128128612779093
22 0.782549057146309
22 0.768975566781891
22 1.862689613438596
22 2.558197144284426
22 0.497069200461150
22 1.698961618523309
22 0.743538136236543
22 1.011278405831993
22 1.471834108197629
22 0.630033018824016
22 1.127296813843182
22 1.218171958431497
22 1.471124278090629
22 0.933566786972266
22 0.846546846580138
22 1.199222275778629
22 1.228170315563501
22 2.411133707076721
22 1.776003976567664
22 1.506402409835694
22 0.833352959208875
22 1.545042433907434
22 1.246575782197154
22 9.543211200037229
22 0.987984995173808
22 1.228540773303795
22 4.880619854879802
22 0.779249364225769
22 0.815518209886625
22 1.106226776969132
22 0.568376440299735
22 6.623300711010866
22 1.496466030778606
22 8.218386272507537
22 1.904231536436087
22 0.791965466972273
22 0.840129463577547
22 0.790104450683631
22 1.880440469689029
22 1.036765037550188
22 2.957951762979415
22 0.822991901249744
22 1.120541435355980
22 1.588527193916171
22 0.865075440374796
22 1.340114195125460
22 1.221488609176457
22 1.415086483636554
22 0.873645788688882
22 1.330687700371900
22 0.991770982335319
22 0.477560549613932
22 1.306172661065111
22 1.414881673606523
22 1.971228426896333
22 1.230883611415416
22 1.122196993725268
22 0.549538389590809
22 0.350011106292022
22 1.227349937188327
22 1.581993007298282
22 0.696941196288477
22 1.420028672815778
22 0.839557544710579
22 9.830593036597904
22 1.119524377770690
22 8.367829136397930
22 1.116559381162681
22 0.673396008631129
22 0.670565547752061
22 0.326215668859879
22 1.788778913353691
22 2.084202173797232
22 0.654251653383651
22 1.640152564362258
22 0.368615359311526
22 0.915611204598895
22 1.098887831666509
22 1.017494984680510
22 1.501059792453150
22 0.758635383704014
22 0.517051564122523
22 0.704765137505969
22 0.865157009801931
22 0.839946742782394
22 0.650438577002196
22 3.132354839414362
22 1.029208255656978
22 1.829484269526963
22 0.829089825436345
22 1.370837189665231
22 2.806591548384784
22 0.761487099200923
22 1.485377765704307
22 1.013709018589877
22 3.699848086814377
22 0.926863774880770
22 0.744143055133549
22 1.252543598243260
22 0.710622131712235
22 0.349465707293932
22 0.625294941232616
22 1.212551270666060
22 0.786695267613703
22 0.971676794192034
22 1.607022205771620
22 1.470189416856216
22 0.848682385940085
22 2.821749945449342
22 1.319927961771446
22 1.208285508412428
22 0.629177832837121
22 0.758847835998949
22 0.839585703898162
22 1.154041832277688
22 0.570478322544473
22 1.149476052948770
22 1.668236612687803
22 1.389220444926935
22 1.299570113447454
22 3.145126645185726
22 1.109894993742213
22 0.655747537347689
22 0.627422740397463
22 1.243360635174989
22 0.795562779789896
22 1.854134941121882
22 1.235944314859192
22 1.276662700636883
22 0.593342652669464
22 0.998964415741606
22 0.658113543092623
28 3.204212543878711
28 2.128815870797598
28 1.376790252915074
28 1.737801601318608
28 2.389010970638454
28 3.098963310130160
28 1.567260338751283
28 1.452812207730473
28 1.412906020214755
28 2.631342136292903
28 1.099009976604751
28 4.130860636414783
28 2.386256142077591
28 1.566962857986295
28 1.505972860953718
28 2.048501592646044
28 6.323439096397243
28 3.801877227321281
28 2.692984923083602
28 3.724591790513333
28 1.839746541850440
28 4.103286518890138
28 2.105526326839841
28 1.544203396220798
28 1.692816593151347
28 1.640362673794925
28 1.951212201663353
28 3.910935343209082
28 2.702588359164107
28 6.576280701937890
28 7.144483228412481
28 9.578963578514365
28 2.396940034611971
28 1.672769455118071
28 1.461257818515930
28 2.140144023281033
28 3.765487204367304
28 3.881067359530546
28 1.742829975183814
28 2.375380329614300
28 1.458576091646365
28 3.948880442395992
28 1.119508310418029
28 9.855070471319131
28 1.484464609816729
28 2.422057148433630
28 2.481125886510421
28 7.909752327015463
28 3.167057142351317
28 1.856454849884993
28 1.440500602161152
28 0.947302161639005
28 8.040220711960195
28 2.218975527850253
28 4.180782325203637
28 1.329479600979723
28 6.018458557354547
28 2.308837862270276
28 1.096769456307809
28 1.580566782179979
28 3.767863780851926
28 1.562255096534881
28 1.516842977572779
28 2.384255151175557
28 1.872123028451930
28 1.889309453440581
28 2.092010221761223
28 1.816819132261805
28 3.601203464277578
28 3.098684482373544
28 3.441961209849357
28 2.044593672985388
28 2.548905140696103
28 4.244646109562380
28 2.152839092854545
28 1.182188476125408
28 1.885796632977477
28 4.125207372723289
28 2.560116658772375
28 4.787635311539690
28 2.398881785134516
28 9.738146757397113
28 2.705214809984629
28 9.623045322755011
28 2.421956980929803
28 2.155271041343443
28 1.577695082407646
28 1.459608723568350
28 3.670659808097671
28 3.583374241563759
28 2.130570770453780
28 3.149938051387900
28 1.451707131184548
28 3.284215775341483
28 6.163512278092360
28 1.984147214846540
28 2.943707048787785
28 4.069416416103671
28 2.469145950889967
28 1.362839963962966
28 1.450257223992963
28 8.776898943471295
28 3.347781423277968
28 2.087671897617971
28 3.008639379322402
28 2.254805905551019
28 1.416327549493223
28 1.692432227541271
28 3.707180399985370
28 1.160303405223596
28 1.035275646360187
28 3.483375515740189
28 5.234076449567977
28 3.816809844496777
28 0.957576884359272
28 2.021944488577004
28 1.297539795395910
28 2.257188127058241
28 3.976380712395278
28 2.297432547741161
28 1.813055473680042
28 1.593751424333141
28 1.513607442603873
28 2.878818101449037
28 1.685119263756424
28 2.217158197019169
28 1.859327988627943
28 4.314309884637766
28 9.511103806335553
28 0.924631576467926
28 2.792020403735643
28 2.991711263133531
28 1.012043910600769
28 2.890254029768953
28 7.772009828017820
28 2.815737949755228
28 9.842320276761440
28 1.843876452013416
28 1.182780706230413
28 1.604185562642106
28 2.374854136181938
28 2.106253498048330
28 3.617825118562508
28 2.367558127927937
28 2.167043792198305
28 2.122692499548394
28 1.210921623337398
28 2.813681729542542
28 3.556276317206276
28 1.332540725085273
28 1.916407618988091
28 1.633850981694431
28 2.164200104052735
28 1.891093795846709
28 3.936412876385674
28 1.866243675311093
28 1.515200193647539
28 3.527104325675577
28 1.757746763295671
28 3.059365267188536
28 3.719104405686083
28 2.245380157435767
28 1.880022438577654
28 1.124253881951158
28 3.551349185764820
28 2.837625245530489
28 2.747182667817371
28 3.682858257849926
28 2.525954184498429
28 4.823740276623284
28 2.168860070592764
28 2.290228671757145
28 2.072743594178610
28 0.913911386558619
28 2.182802518409329
28 1.622803133679722
28 9.825778944157161
28 2.571948159061034
28 2.860688495734403
28 9.760173671478601
28 2.051899450581831
28 1.854848246688428
28 9.606764226194247
28 2.985308230801166
28 1.874842787274760
28 0.938894139257599
28 1.832651080175729
28 1.849198031154414
28 1.409376639787568
28 4.577524844326948
28 2.814179345569528
28 2.396038426995512
28 3.013541663558859
28 3.143127005934379
28 1.848935828183637
28 2.306556271650001
28 2.061608357015763
28 4.248479199527833
28 2.787172094958538
28 9.553553052014632
28 1.916407618988091
28 1.633850981694431
28 2.164200104052735
28 1.891093795846709
28 3.936412876385674
28 1.866243675311093
28 1.515200193647539
28 3.527104325675577
28 1.757746763295671
28 3.059365267188536
28 3.719104405686083
28 2.245380157435767
28 1.880022438577654
28 1.124253881951158
28 3.551349185764820
28 2.837625245530489
28 2.747182667817371
28 3.682858257849926
28 2.525954184498429
28 4.823740276623284
28 2.168860070592764
28 2.290228671757145
28 2.072743594178610
28 0.913911386558619
28 2.182802518409329
28 1.622803133679722
28 9.825778944157161
28 2.571948159061034
28 2.860688495734403
28 9.760173671478601
28 2.051899450581831
28 1.854848246688428
28 9.606764226194247
28 2.985308230801166
28 1.874842787274760
28 0.938894139257599
28 1.832651080175729
28 1.849198031154414
28 1.409376639787568
28 4.577524844326948
28 2.814179345569528
28 2.396038426995512
28 3.013541663558859
28 3.143127005934379
28 1.848935828183637
28 2.306556271650001
28 2.061608357015763
28 4.248479199527833
28 2.787172094958538
28 9.553553052014632
28 3.912569974206496
28 3.872140793596902
28 1.234127107116811
28 2.627587989938503
28 2.597194173393437
28 1.426403941326511
28 1.434137319883771
28 2.356198896892645
28 1.170723252154665
28 2.614654748342690
28 3.315242920564216
28 1.883742410390207
28 2.069953210919068
28 1.434264875064803
28 9.503501426243080
28 2.310829924168736
28 1.251879313241317
28 3.216430413883551
28 2.083113662725487
28 1.094498960735221
28 1.697030507095978
28 2.017385861065194
28 2.468840990572748
28 3.098578963226788
28 1.984409637070875
28 3.268057487272144
28 1.387107719701757
28 2.304216552216608
28 2.498838794097876
28 0.812562734466112
28 2.493200738773957
28 1.987945169019003
28 1.343099598691405
28 4.886536854865676
28 3.249473407705876
28 1.776750467705761
28 6.172993592451054
28 2.482345226348309
28 2.068488052528553
28 1.944235175544285
28 2.180816913058685
28 7.101271869926477
28 3.297978016157976
28 2.137776342280831
28 1.761182343692711
28 1.434074250319220
28 5.254230254619926
28 2.417914322378657
28 1.340184736708071
28 5.862920367248242
28 2.405817692077775
28 1.748269960802418
28 0.903670521146302
28 1.290530191786351
28 2.052715836361672
28 1.137193701233389
28 1.366347686992708
28 1.955668759323146
28 1.289052746920133
28 1.997959905202849
28 2.298213003569114
28 2.381522185870688
28 3.671706657554414
28 1.931531689724024
28 2.133141742334392
28 1.765485473270320
28 4.570966130853463
28 1.538117634803535
28 1.436057927046565
28 1.320704398150927
28 1.586602488378706
28 2.152211188674112
28 1.891740296451678
28 1.649487082609690
28 3.835783831412891
28 4.769479451261001
28 9.361254991302566
28 2.387167743809344
28 2.436474250324617
28 2.622908025830548
28 1.859599255537860
28 1.677927501340481
28 0.939246746058164
28 2.118375463544391
28 5.013579722112026
28 5.329935393574928
28 5.231890936252525
28 1.794140484491358
28 1.246267450338249
28 3.181837278372112
28 6.677439309915396
28 1.996926250389690
28 2.680466135499203
28 4.119232052135398
28 2.409193892857426
28 2.324020174374088
28 1.265103185136740
28 1.439625621161379
28 1.233605444010113
28 2.830534207403860
28 2.688966177894971
28 2.519548455337663
28 1.383347365912165
28 1.022768396180392
28 4.247009704295401
28 2.233871254110821
28 3.645726007490442
28 3.626187360679703
28 1.225839046321508
28 2.829831879219696
28 3.001617120976913
28 3.949750460906783
28 1.508406837772882
28 1.792494321709008
28 7.177685683149566
28 1.295938765986834
28 2.102958020959020
28 6.710638328397463
28 1.762586731298012
28 3.889073658891637
28 1.627933596322449
28 4.302445858386248
28 3.681886930160061
28 9.898574245698498
28 9.793474649835714
28 1.949010802351553
28 1.802666590884159
28 1.743176483281218
28 1.780039508526712
28 1.220262368078941
28 1.445887100771839
28 3.377049418458326
28 2.129281877548475
28 4.910184278499599
28 1.185431119127694
28 0.899316303154050
28 2.195930411906312
28 1.311800207757813
28 9.803936027203223
28 2.000023068299009
28 9.737787215753395
28 0.893057236128016
28 2.818289076103652
28 4.953034509135117
28 1.792166741553010
28 1.602495294310072
28 1.545404510209556
28 6.200514621955547
28 0.969439283908486
28 6.437067696814191
28 4.152494994250143
28 3.341207281853184
28 3.827886480919871
28 1.610699521215626
28 2.710842326670442
28 2.196462717577873
28 4.184095645377224
28 3.904685969453448
28 9.823143855000687
28 1.184238199125539
28 3.130414594815148
28 1.926985048105546
28 1.856898061171447
28 2.558700199014285
28 1.613654782155181
28 2.191742949723279
28 2.603881755188425
28 4.084977918094303
28 3.600465100558407
28 3.694983551858772
28 1.670289347712480
28 9.853748115068722
28 2.006686240692630
28 1.889681669912558
28 0.732325062125350
28 2.183258680985836
28 5.490500745241034
28 2.093024375934412
28 1.980694862231306
28 1.981236253872763
28 1.522390611268992
28 1.537785988709194
28 1.436810577530202
28 9.606719795129111
28 1.481663195275681
28 1.878188117755228
28 4.043210440254521
28 5.326385224777121
28 1.792065281266594
28 1.792954324925553
28 9.091178562158717
28 3.549548739652381
28 1.722350003515258
28 1.251713932206521
28 6.761849106307023
28 1.985251589717585
28 4.512329765641494
28 2.077625534302021
28 9.819298990782592
28 0.705559972698118
28 2.402489650940417
28 1.295694276566645
28 3.925484119955374
28 2.133197831734407
28 3.281469302349118
28 1.544645240255318
28 1.644986489283512
28 1.044880671722490
28 1.669099146491076
28 1.374745668587755
28 3.963303330132725
28 1.442749533422076
28 2.681851382124202
28 1.766641480657810
28 1.767496298126072
28 4.830128173645774
28 3.227586024144429
28 2.996345347074563
28 9.902403534114971
28 8.442923701338888
28 3.161138665827574
28 4.782393746515019
28 4.233342788284499
28 8.475267259061056
28 3.166341931327425
28 9.337964371334728
28 2.368383036948368
28 5.353018189372177
28 2.919293174114823
28 1.536371477698981
28 1.298271343841459
28 1.815263618437591
28 3.954998000269585
28 1.438267945551301
28 1.772177988855455
28 5.263887520635203
28 2.903377074151587
28 9.713590615263104
28 1.565900189607344
28 1.804552084453211
28 3.454758025768125
28 1.324873463388009
28 1.352248912330229
28 1.722628447868217
28 2.893116149022326
28 1.530945580184671
28 1.366307227643127
28 3.676091839823228
28 1.230440483338667
28 2.270071592768548
34 2.000781632121793
34 2.100818770643977
34 5.868563620005241
34 1.774250333849020
34 3.572123997275900
34 4.070976287648916
34 9.315128958863500
34 5.181564846405358
34 3.459585081175891
34 3.775870810232191
34 3.925381436524577
34 5.745128302078161
34 2.999694056082324
34 9.362301033439785
34 4.397323935753343
34 2.792994611586812
34 3.273761993074013
34 2.970580426373244
34 9.769598450856638
34 4.813567317888252
34 2.989459048454399
34 3.253224864287612
34 3.098264304073318
34 3.767239671104537
34 2.861213144481782
34 2.983747370053127
34 4.314349747082816
34 2.262412306298226
34 1.613518413648831
34 6.620534094210690
34 2.949187994424534
34 9.212026982586458
34 3.228823809272024
34 2.742725725984513
34 4.362591993228977
34 3.275781883113308
34 9.711572565455104
34 2.088865479419881
34 5.548540655269227
34 2.734700779771914
34 2.455261807979495
34 9.783956909739302
34 2.493550594717930
34 7.816553806043270
34 2.716622001292564
34 4.413810053410454
34 4.846344684472252
34 5.186454819134801
34 9.885895651972072
34 2.745541030736678
34 3.238434423958779
34 9.687079574518940
34 3.658572876235492
34 6.001015752049014
34 7.139600666191200
34 9.346056416392933
34 3.646312794863491
34 3.967566750451376
34 2.132039224539233
34 3.998281468794374
34 2.134124260979443
34 1.526434027453976
34 8.119096814073693
34 3.905592012842231
34 3.532895563135069
34 3.011405347721207
34 2.645490051171010
34 8.030630029144426
34 6.768561907308695
34 6.758317088201155
34 2.833644873321331
34 7.379636002931220
34 9.793854541257824
34 5.651799063551242
34 2.621976878624575
34 2.882225990123859
34 9.486323290640087
34 4.136047098190808
34 2.577498291606377
34 1.899967538217922
34 3.550513068881329
34 4.371247586864945
34 2.974576293277205
34 3.813359023782592
34 3.894833472192015
34 2.744833095893354
34 5.136918891976094
34 4.124601261950293
34 7.357822390582601
34 1.971991182914381
34 2.897695780211411
34 5.019529349979029
34 1.849464666303099
34 1.598731708560911
34 5.331066481598746
34 3.044079770528501
34 2.671271819418584
34 2.597807772316360
34 4.324564847626869
34 2.758171776139128
34 3.301887751747647
34 3.239234248234330
34 4.176201054539822
34 8.689766637087025
34 4.452086028427856
34 5.137236673531038
34 4.923096310901899
34 4.624892161210067
34 5.600136907576393
34 6.441085407907639
34 3.962486313322079
34 9.807041873471761
34 6.188157180204493
34 3.228193927673968
34 3.218502101673206
34 6.621951402469028
34 9.785176762501129
34 3.962581772449648
34 1.425861797685178
34 5.502653662743193
34 3.425612625259517
34 2.280308205913748
34 9.632030252242618
34 3.997157910435135
34 6.357176204101172
34 8.401085640429578
34 4.947741544129223
34 6.052775396949430
34 7.170651717399237
34 1.640187044287900
34 2.460378993190105
34 3.952232037879741
34 4.230716473991197
34 9.531972355296215
34 5.251936953108545
34 2.802603553500964
34 2.198508182323974
34 4.091958865174708
34 4.913245251422181
34 3.488639132786660
34 7.775112925645553
34 5.097195062390956
34 4.908727941127887
34 2.050445362022959
34 5.181299739851148
34 9.751332436957288
34 3.994194293469938
34 4.608702399296302
34 5.802124328616551
34 2.958881338330726
34 3.301887751747647
34 3.239234248234330
34 4.176201054539822
34 8.689766637087025
34 4.452086028427856
34 5.137236673531038
34 4.923096310901899
34 4.624892161210067
34 5.600136907576393
34 6.441085407907639
34 3.962486313322079
34 9.807041873471761
34 6.188157180204493
34 3.228193927673968
34 3.218502101673206
34 6.621951402469028
34 9.785176762501129
34 3.962581772449648
34 1.425861797685178
34 5.502653662743193
34 3.425612625259517
34 2.280308205913748
34 9.632030252242618
34 3.997157910435135
34 6.357176204101172
34 8.401085640429578
34 4.947741544129223
34 6.052775396949430
34 7.170651717399237
34 1.640187044287900
34 2.460378993190105
34 3.952232037879741
34 4.230716473991197
34 9.531972355296215
34 5.251936953108545
34 2.802603553500964
34 2.198508182323974
34 4.091958865174708
34 4.913245251422181
34 3.488639132786660
34 7.775112925645553
34 5.097195062390956
34 4.908727941127887
34 2.050445362022959
34 5.181299739851148
34 9.751332436957288
34 3.994194293469938
34 4.608702399296302
34 5.802124328616551
34 2.958881338330726
34 2.624511608877831
34 4.433737806789551
34 5.167979822992231
34 3.655981055620843
34 2.094847154902650
34 2.933842100199072
34 3.856157240852721
34 8.198847007371032
34 2.562762188487490
34 2.257469541694519
34 8.209415125992944
34 4.336959215825143
34 6.319803022203285
34 2.826383655001526
34 4.706787980446798
34 2.653249244537554
34 5.259108180395933
34 1.976752921547714
34 3.820541011980444
34 9.763564599909301
34 6.399544534932084
34 2.897928232269338
34 3.035294124246355
34 7.851371672459181
34 3.907450437645640
34 7.332861809691506
34 3.180258681831089
34 4.729028210264628
34 2.562345106008004
34 2.560857304438639
34 3.685420556236859
34 1.701223707622597
34 8.709190554503605
34 2.751289307832236
34 7.453409432130368
34 4.895530008912827
34 4.878934727748315
34 3.416851979177229
34 4.395914563757537
34 5.226211939566102
34 2.844390328467122
34 2.134871844828711
34 5.279420817038488
34 3.679319578945129
34 9.666174579216491
34 9.564580165874311
34 9.872469778503412
34 2.184464537136601
34 2.482749609268666
34 9.729867238193254
34 7.722855448233351
34 2.149886193249707
34 2.341264376851242
34 4.359747241257257
34 5.060503279376388
34 1.870956282963392
34 4.358555797602535
34 2.551999396214067
34 6.186129274939953
34 2.542493897481523
34 1.634558454332094
34 4.133291816391978
34 6.007381091152395
34 4.482726990585132
34 3.974966477620946
34 3.163033724920494
34 8.966891941207425
34 5.242012749848805
34 2.941657231914019
34 2.353614536864039
34 3.649964575265058
34 4.328217135245557
34 5.762678851901711
34 5.220093201296946
34 4.577921247177748
34 4.372947844185510
34 4.755897173836688
34 1.820969887275059
34 1.748757125244957
34 9.725572886332738
34 7.903957378372068
34 7.821062093516264
34 2.088362314200479
34 4.169405283918056
34 6.162774186609974
34 2.889104531946893
34 6.638782953035880
34 3.339763344800120
34 5.594014286607426
34 1.879672811188070
34 1.980923465506741
34 9.526161417786405
34 2.542229725486489
34 5.105295391799258
34 5.377303679616130
34 2.625096137960029
34 9.563422857548407
34 9.034960217967384
34 8.249461850240301
34 2.489280618725969
34 3.399751906071063
34 4.427320812774889
34 2.275515488737191
34 2.866911112774253
34 3.699520075184131
34 3.597801227491726
34 6.597016420938044
34 4.967924432881273
34 3.579093813708995
34 2.830912185388455
34 3.560246559756536
34 3.987431653524032
34 4.128050353948980
34 3.209597715270052
34 5.118701532099633
34 6.423453946098426
34 8.701289564272141
34 9.804778286497921
34 4.725847062983901
34 4.070613456768774
34 6.402060953929381
34 1.314533579042877
34 2.347685155938926
34 2.172778155643931
34 2.343873772472226
34 3.721720146812603
34 1.634291498747047
34 2.587326663520177
34 5.702675398413993
34 2.143042600070930
34 2.820137446322194
34 1.982244693074982
34 2.276953851714839
34 7.067893380691620
34 4.370444704236841
34 1.662869024256109
34 5.993542022104129
34 4.110520060493922
34 2.167266815880504
34 4.308822970904743
34 4.824784297640651
34 3.466083602460582
34 8.146918663569842
34 2.842441158697668
34 3.862586562862381
34 3.530903124642907
34 3.554536575678657
34 3.405782675122141
34 3.004725548933301
34 3.733969398517497
34 5.262961243645109
34 1.634057160203191
34 6.912805067123410
34 4.682476880928784
34 6.692833104257427
34 3.187194606325172
34 2.785634977414676
34 4.162737348437142
34 3.510575571680833
34 2.701571878639998
34 1.910069348438557
34 2.555407678955459
34 9.395969350562341
34 3.969786452074821
34 4.704175159437565
34 7.567641188413660
34 3.961342140304200
34 2.716761169260625
34 2.418491116517253
34 4.150423697912405
34 3.936095242416619
34 3.097659367229566
34 6.853344819667744
34 4.553038284887499
34 3.654588555373324
34 1.767764430090620
34 6.657548194049704
34 3.401595609438827
34 3.298512903883118
34 7.591424219522461
34 3.545551729818309
34 5.989897755130251
34 3.800645551306236
34 3.909164156980624
34 7.008517689553166
34 6.724447057029350
34 9.588169914663613
34 6.619364290668041
34 2.517775008584736
34 2.321499009912712
34 3.303538385756521
34 1.769785264220090
34 2.172080663733968
34 5.490722287686485
34 5.407100997949542
34 3.881227579515571
34 9.675186375349162
34 4.685084043124614
34 4.135998326170791
34 3.816893241190860
34 6.653497136529168
34 4.841443689688512
34 3.397668145608071
34 9.301695343480933
34 4.040773731957239
34 3.619316149927955
34 6.807106150798057
34 6.188149331110057
34 2.212991432778336
34 3.258697387804591
34 3.822670565733747
34 2.652337299415881
34 5.173898666726476
34 7.956468394120320
34 2.489383638752122
34 9.712361714904084
34 4.332423216592700
34 4.653248151947141
34 5.138718562251088
34 4.161123293660118
34 5.665997482097651
34 1.852563853958372
34 1.761316123976644
34 7.902662284673116
34 3.010782728992440
34 3.072062100425267
34 3.599166113071741
34 2.886084951107063
34 4.208555262500330
34 3.469239269189794
34 2.649576867343651
34 2.830168037768657
34 2.881536186868805
34 2.313148718335449
34 9.698543045714391
34 2.748410433804573
34 2.014311791851980
34 3.141883069254716
34 7.028555949765238
34 3.286194008059445
34 4.768952246115282
34 3.156893299463741
34 7.299579759828431
34 6.067036130453524
34 6.973987039137401
34 1.845133352406596
34 2.763740557117704
34 4.411064234229761
34 3.839567782201185
34 3.361856584617588
