10 0.050047823781171
10 0.021854042989445
10 0.035379249969281
10 0.033118262815692
10 0.019913448925124
10 0.028482284108651
10 0.023714014143035
10 0.033855145786321
10 0.027016455451308
10 0.031334088470291
10 0.030594289639257
10 0.038473150127968
10 0.043356821477504
10 0.024993083475771
10 0.035710502674372
10 0.028419257875525
10 0.029344646608638
10 0.033247659376055
10 0.015915291147929
10 0.034429520550399
10 0.030249421367695
10 0.036029279005492
10 0.038869015308557
10 0.030363743112740
10 0.028720050138524
10 0.027546021356200
10 0.037842486736828
10 0.031664257516864
10 0.023480672002298
10 0.034908682469398
10 0.019912630375307
10 0.042784806542254
10 0.022786113040321
10 0.022515019849646
10 0.029473962045823
10 0.030038114055106
10 0.043479291082369
10 0.020828189952308
10 0.027371058273612
10 0.034403209268838
10 0.029599047918219
10 0.042944478047692
10 0.031417527995441
10 0.022033213475391
10 0.031318364532533
10 0.034793287326277
10 0.030202733865744
10 0.031564723509772
10 0.011531269334082
10 0.029835180158657
10 0.025681523925516
10 0.027447225524340
10 0.028169414204775
10 0.034463635803985
10 0.018379533654419
10 0.016367922491989
10 0.036056302822025
10 0.014888557929774
10 0.022220980146101
10 0.034757598688808
10 0.025555122000051
10 0.042091084651547
10 0.028589481371635
10 0.029164076321545
10 0.016939305158440
10 0.023111176942115
10 0.032258609812843
10 0.042312556638783
10 0.023800342312136
10 0.020666495093382
10 0.009237408298628
10 0.048004425161299
10 0.027362411755907
10 0.018030091796427
10 0.023224982053229
10 0.028806821698845
10 0.023321303663498
10 0.023525758598961
10 0.020303893207322
10 0.017837736721023
10 0.010571083508507
10 0.023116701303535
10 0.026206864229408
10 0.030761574974988
10 0.023678305583644
10 0.028112008889802
10 0.029840345281503
10 0.021227546562343
10 0.027182880398940
10 0.019476206363242
10 0.034567417407661
10 0.030180786486998
10 0.023542021892671
10 0.020330173253445
10 0.028835938660138
10 0.020908025970559
10 0.023103762850853
10 0.040860523888584
10 0.025634640907335
10 0.037176972142783
10 0.020326271408573
10 0.016311815683753
10 0.027353653054412
10 0.026826481355494
10 0.039025785937583
10 0.028649073737549
10 0.016430455567051
10 0.024539319862266
10 0.040603057818337
10 0.025571297197476
10 0.023146039995723
10 0.031631499563267
10 0.032964065738748
10 0.027748914609798
10 0.022578768661664
10 0.027202492032520
10 0.016362990174915
10 0.038505543140052
10 0.024426409224754
10 0.052238806024720
10 0.046999438386838
10 0.039144580087713
10 0.023750118635255
10 0.020071878673493
10 0.043613321208735
10 0.027719888702363
10 0.022435722507244
10 0.022872823780107
10 0.029039859117779
10 0.038547269424185
10 0.038167670623293
10 0.015532147658881
10 0.033478487642519
10 0.026172292339626
10 0.029130799259477
10 0.048235332556218
10 0.027905576419371
10 0.029648581691491
10 0.024877895021081
10 0.026555095065596
10 0.029735320655666
10 0.027144504607016
10 0.028682236692062
10 0.031448317610018
10 0.030427023636131
10 0.027332418026865
10 0.035483052520067
10 0.045024168569237
10 0.024188408844408
10 0.021320132211800
10 0.025687202933579
10 0.004614177171300
10 0.027674223771236
10 0.028259584226009
10 0.030676225527625
10 0.015812805128501
10 0.021037904166500
10 0.031778056450354
10 1000000000000000019884624838656.000000000000000
10 0.018739238723649
10 0.031841093552480
10 0.023467608047727
10 0.034010004843308
10 0.021963204953789
10 0.020245362314514
10 0.012791254027459
10 0.023960575082160
10 0.031593008817999
10 0.024485042766967
10 0.020743659515329
10 0.013875966627901
10 0.027778556870992
10 0.015917102176246
10 0.026558285034172
10 0.043093900037986
10 0.020082982027096
10 0.036126480127037
10 0.027629698732512
10 0.033740572338059
10 0.033575851897434
10 0.029347718022736
10 0.023299198072295
10 0.024514849324930
10 0.019220854731433
10 0.028247102007564
10 0.021967388145312
10 0.022022189678478
10 0.042134521708360
10 0.040100378242037
10 0.022778309738183
10 0.020779296127360
10 0.026085406831407
10 0.026018643917934
10 0.025543783223942
10 0.036083910724245
10 0.033911496563128
10 0.028184595312352
10 0.022109162551625
10 0.031799570662429
10 0.021714119578868
10 0.006616779910116
10 0.012698039381935
10 0.024280855296341
10 0.026657779614791
10 0.029351304837415
10 0.029307364966993
10 0.035555466634648
10 0.022605967537143
10 0.035832628631028
10 0.047575951113902
10 0.016987141057236
10 0.038552329813004
10 0.041589041607631
10 0.022035933075688
10 0.028438968800462
10 0.031917791246109
10 0.041876483206488
10 1000000000000000019884624838656.000000000000000
10 0.014141293632514
10 0.037980999836359
10 0.034665643253935
10 0.024959537729081
10 0.015562913591547
10 0.027443585913097
10 0.034517788478698
10 0.024217546726754
10 0.032686374557840
10 0.018609816204708
10 0.017504884705213
10 0.039937984744804
10 0.019767583130744
10 0.015489151780546
10 0.009594525381688
10 0.034894803676830
10 0.022810534159885
10 0.020399395893477
10 0.032489369262808
10 0.037128206220795
10 0.026133869309136
10 0.029499119436949
10 0.024189431578328
10 0.037586316809164
10 0.023897912978756
10 0.049164283283639
10 0.027700466760050
10 0.027991798631850
10 0.046649656451879
10 0.021958267349188
10 0.037349637393427
10 0.037004397663670
10 0.017186046317724
10 0.026454927327537
10 0.032624246400749
10 0.029635630104631
10 0.027667413000151
10 0.024840379200088
10 0.031685973574152
10 0.022303839293752
10 0.020959731787921
10 0.023816394131349
10 0.016914060076734
10 0.030047608280579
10 0.022807928348827
10 0.032368791809738
10 0.030565702560385
10 0.023886753307819
10 0.012202826108530
10 0.022571629644738
10 0.016867150302519
10 0.027408294604481
10 0.036580199570510
10 0.039366150006806
10 0.032405642247960
10 0.023074215403477
10 0.029449525083463
10 0.025382789994443
10 0.027645907648760
10 0.019696146769654
10 0.017542313161818
10 0.025391388584574
10 0.040770118993329
10 0.016734169982231
10 0.037844914208526
10 0.031711265541093
10 0.026952302295039
10 0.022741620475559
10 0.025131470165418
10 0.023242378904007
10 0.035573496407273
10 0.035220088658710
10 0.031159755488686
16 0.118674700268996
16 0.115732437871675
16 0.072281490409127
16 0.169366650082620
16 0.115353106622637
16 0.205982890866939
16 0.178890178016170
16 0.117336252765458
16 0.154624372755463
16 0.114642189347158
16 0.106053153517434
16 0.107563805569543
16 0.208872495420262
16 0.153898199964517
16 0.071674439976552
16 0.211669079889161
16 0.151747123744737
16 0.165069814476619
16 0.209404184015528
16 0.247822111299308
16 0.204166312928802
16 0.137419134576445
16 0.198953345047358
16 0.165296946710633
16 0.217426577656212
16 0.120805071165303
16 0.124339444760198
16 0.137466759056388
16 0.167565302460297
16 0.097925193136813
16 0.136550348474529
16 0.146202190421833
16 0.067688643292937
16 0.162472624504177
16 0.200033796319825
16 0.067214636459518
16 0.109113258325126
16 0.161322536703659
16 0.127102642666665
16 0.101435307680545
16 0.103524354831919
16 0.145172787630724
16 0.153843732478217
16 0.100086398658287
16 0.123973529936245
16 0.082294892034788
16 0.128909787555800
16 0.120737874201533
16 0.284745471015355
16 0.108497473807743
16 0.096116991314659
16 0.103898630605967
16 0.116072782971375
16 0.163247996506138
16 0.137590247744008
16 0.148285450993062
16 0.111062074647753
16 0.109304846499789
16 0.150582976729779
16 0.125313398149228
16 0.103728932333324
16 0.181618625894877
16 0.095455814343037
16 0.193621407818648
16 0.106970734575682
16 0.217058875012066
16 0.122468999661727
16 0.113479875486018
16 0.121826607011503
16 0.066719103969028
16 0.188955312955500
16 0.139890331313797
16 0.085345507063861
16 0.184372733608183
16 0.095677610010547
16 0.146601119075704
16 0.103769360146990
16 0.150467131304810
16 0.072706718025798
16 0.082279393729936
16 0.178582288703214
16 0.145434901319214
16 0.103394621773804
16 0.141685918109786
16 0.185132700548002
16 0.147205728511219
16 0.071261767369569
16 0.132132279160389
16 0.197708742635275
16 0.079161757550723
16 0.117930146412641
16 0.119996326729574
16 0.145669636962181
16 0.146307029887581
16 0.100038636075659
16 0.127039355572284
16 0.108128557686617
16 0.176344639390019
16 0.078003951238863
16 0.105310294226957
16 0.200253045773455
16 0.122223097445453
16 0.120741776271368
16 0.161516098286124
16 0.125163741605829
16 0.099236276545048
16 0.131736585637442
16 0.118340693906006
16 0.139428989489551
16 0.135013635443388
16 0.162843209792238
16 0.187005200157460
16 0.194412890565020
16 0.101528181467687
16 0.168232149689165
16 0.187819922257305
16 0.159733590347124
16 0.151230524400576
16 0.153851327880920
16 0.134302076447233
16 0.070347462792861
16 0.177179435106494
16 0.092069959884997
16 0.247518383923547
16 0.125422574951298
16 0.168722661033732
16 0.125534248531303
16 0.246328263596485
16 0.118171950083664
16 0.156229497046146
16 0.185923290537438
16 0.094963044811027
16 0.162021365201700
16 0.155368634795829
16 0.138821137609265
16 0.165457085515888
16 0.151994617836200
16 0.122560691619914
16 0.099107105216246
16 0.176987443691526
16 0.069681086144255
16 0.183656977012255
16 0.185272647369556
16 0.187427621665689
16 0.121899222872928
16 0.160157763491455
16 0.104390759534984
16 0.152822162154541
16 0.181420464690083
16 0.070445438570929
16 0.126958073650887
16 0.104782070513952
16 0.129746032374856
16 0.116682731562810
16 0.100544903619801
16 0.163691172360688
16 0.081719684437441
16 0.125367717447292
16 0.159728383121462
16 0.088460446669826
16 0.067507740121225
16 0.144241083156805
16 0.164008030332514
16 0.099123921389413
16 0.138097620419819
16 0.112697710156989
16 0.141950003225489
16 0.154167003787475
16 0.138887885146922
16 0.194849007129744
16 0.124469128851876
16 0.108101002541519
16 0.124592744157751
16 0.098794319806761
16 0.101697207356263
16 0.151202327989557
16 0.104003356086552
16 0.126343791607500
16 0.187926413585103
16 0.237130002034042
16 0.184438616955266
16 0.248723174152081
16 0.073527415930929
16 0.191432549495475
16 0.089580605815724
16 0.187241743317550
16 0.176404603536420
16 0.097434876962256
16 0.080084952037906
16 0.168486842404606
16 0.166508515520262
16 0.205115562709398
16 0.111698231032181
16 0.180763839378209
16 0.082715200505707
16 0.229292791143123
16 0.139726341115856
16 0.157293643241478
16 0.151987936625951
16 0.191766763317706
16 0.096116991314659
16 0.103898630605967
16 0.116072782971375
16 0.163247996506138
16 0.137590247744008
16 0.148285450993062
16 0.111062074647753
16 0.109304846499789
16 0.150582976729779
16 0.125313398149228
16 0.103728932333324
16 0.181618625894877
16 0.095455814343037
16 0.193621407818648
16 0.106970734575682
16 0.217058875012066
16 0.122468999661727
16 0.113479875486018
16 0.121826607011503
16 0.066719103969028
16 0.188955312955500
16 0.139890331313797
16 0.085345507063861
16 0.184372733608183
16 0.095677610010547
16 0.146601119075704
16 0.103769360146990
16 0.150467131304810
16 0.072706718025798
16 0.082279393729936
16 0.178582288703214
16 0.145434901319214
16 0.103394621773804
16 0.141685918109786
16 0.185132700548002
16 0.147205728511219
16 0.071261767369569
16 0.132132279160389
16 0.197708742635275
16 0.079161757550723
16 0.117930146412641
16 0.119996326729574
16 0.145669636962181
16 0.146307029887581
16 0.100038636075659
16 0.127039355572284
16 0.108128557686617
16 0.176344639390019
16 0.078003951238863
16 0.105310294226957
16 0.161468954739539
16 0.146744561759719
16 0.130151507578866
16 0.087238467162336
16 0.136913478021578
16 0.277307384443032
16 0.121272241031473
16 0.166975560892316
16 0.113308400016189
16 0.121494895696393
16 0.122362167390317
16 0.188466284960674
16 0.135461944145263
16 0.152882985259925
16 0.159055431891812
16 0.139796107032544
16 0.129428152081622
16 0.097867863703330
16 0.120276615089520
16 0.216388936661135
16 0.165571619745525
16 0.096067140351209
16 0.219158756716700
16 0.099834586288273
16 0.118258959613159
16 0.093055147811433
16 0.137662748054543
16 0.094926277655564
16 0.101221740411309
16 0.169741946004756
16 0.158729528892946
16 0.086891450212868
16 0.077474598919530
16 0.124181718061605
16 0.125525422997350
16 0.082186795908430
16 0.133580599708174
16 0.212705826196149
16 0.125433200974532
16 0.084039050956020
16 0.177827667730456
16 0.150032879692865
16 0.124843841008519
16 0.233070760666427
16 0.125696975756258
16 0.118187341396034
16 0.294113098476562
16 0.084386805515615
16 0.151652877759651
16 0.217667552929169
16 0.136976237912793
16 0.103384991945821
16 0.178308915955419
16 0.131806407581047
16 0.137987548784873
16 0.157634522198155
16 0.134794846594015
16 0.224606768846106
16 0.076151319650378
16 0.089622343700360
16 0.123082270888330
16 0.087865909309395
16 0.124205722051815
16 0.173684793740352
16 0.117624562114474
16 0.186037982075257
16 0.131364063679420
16 0.189548052273921
16 0.102851390146277
16 0.075464940272898
16 0.078945382430616
16 0.131289510234343
16 0.157650505870127
16 0.142905204398025
16 0.127853127095733
16 0.086514001004371
16 0.186834817646940
16 0.089049461905969
16 0.168541834224095
16 0.184578747614995
16 0.139343797288413
16 0.135916506275994
16 0.157590356176580
16 0.103033375820652
16 0.129895492475010
16 0.191799601773001
16 0.243547917668470
16 0.129236139077777
16 0.150459000109616
16 0.179409413722184
16 0.093027357362081
16 0.160245563911206
16 0.115313168551689
16 0.126605059072271
16 0.099015519183857
16 0.164481458153142
16 0.132865116437319
16 0.085017603413650
16 0.232539371764910
16 0.086267461358782
16 0.156468799710143
16 0.116395508727631
16 0.146170035913565
16 0.202192829600047
16 0.138502416639642
16 0.166169826411275
16 0.153634066150165
16 0.121198478012157
16 0.220109919538791
16 0.085105354103922
16 0.111721374420078
16 0.149515986146127
16 0.180545738806398
16 0.093504389708015
16 0.145594223091548
16 0.120723194106152
16 0.110625822882729
16 0.164352386184409
16 0.215144495550444
16 0.149735457494725
16 0.203820401626385
16 0.176957610776961
16 0.201782609631921
16 0.148906102294968
16 0.217028787605479
16 0.087156450206373
16 0.118190960124565
16 0.140054533760538
16 0.166734392692883
16 0.081764531125344
16 0.140636286840085
16 0.089516004693634
16 0.102417825497304
16 0.154987438348577
16 0.106951307818265
16 0.110771913120317
16 0.193175420432014
16 0.125145562382931
16 0.070773785498979
16 0.055391729098229
16 0.155900761517735
16 0.146310332979390
16 0.119922146300213
16 0.178947492073024
16 0.112494516427774
16 0.148166386629728
16 0.138172726557581
16 0.134484397110231
16 0.204506073691316
16 0.229493063402862
16 0.224203465780088
16 0.146429487622982
16 0.075190226243543
16 0.105118481103343
16 0.110826293039886
16 0.158771109750850
16 0.138364137176649
16 0.168424912835389
16 0.158432958794055
16 0.185573847223315
16 0.174684808434893
16 0.179900203256103
16 0.294040879429623
16 0.079146424693508
16 0.140307562285682
16 0.161991194953345
16 0.194980104007900
16 0.080730076721399
16 0.176797294347634
16 0.103149481836640
16 0.217636690043881
16 0.126202092847937
16 0.232188245223823
16 0.129762203673484
16 0.095697098851382
16 0.198288971291199
16 0.097141578167173
16 0.106000692147185
16 0.247370532773250
16 0.131650028180321
16 0.169996713360023
16 0.177067994419422
16 0.121241950116974
16 0.213697576235528
16 0.102455134787043
16 0.122888307408540
16 0.104897506571041
16 0.343771635027236
16 0.119449632748779
16 0.219599150083052
16 0.091105467565438
16 0.095705353086736
16 0.163050336542632
16 0.102524703041316
16 0.198819852076960
16 0.082099412633813
16 0.229032679836578
16 0.118694893612759
16 0.158563601520859
16 0.134143398132113
16 0.113158940059264
16 0.111121883584306
16 0.104568930612308
16 0.166118939457720
16 0.206134434381115
16 0.112370201858973
16 0.144487820043024
16 0.120727065262964
16 0.118641467019764
16 0.145009948909616
16 0.144223080665137
16 0.143409489613175
16 0.126449798531325
16 0.106475998387011
16 0.116612347070050
16 0.095510865599933
16 0.158173999661733
16 0.100345010461794
16 0.120877059356407
16 0.227824514394376
16 0.103936768296659
16 0.094802979147470
16 0.095715381349484
16 0.214652703104744
16 0.118396488212404
16 0.130284951041351
16 0.108304388215079
16 0.157503976596030
16 0.252034190809518
16 0.097433311063789
16 0.165867661114512
16 0.105236776347065
16 0.071278324612560
16 0.119940432845473
16 0.168941355898363
16 0.130409037243565
16 0.071666064318848
16 0.089614901362167
16 0.146456641573101
16 0.094963296092397
16 0.112427181498512
16 0.262616293409588
16 0.152998078815776
16 0.110375842253648
16 0.109624493913766
16 0.095972472167078
16 0.101279315557027
16 0.177277256766184
16 0.189807917211153
16 0.102051908518155
22 0.725140843517683
22 0.448032592876556
22 0.280625702239946
22 0.596404396361830
22 0.461579006586010
22 0.485276495040705
22 0.297470449247633
22 0.352348773898565
22 0.457920805671933
22 0.320166988374491
22 0.739763714752855
22 0.495872536035415
22 0.464272998277394
22 0.651382765011828
22 0.348529241284351
22 0.215309136710202
22 0.589251352953083
22 0.510054906097178
22 0.486276131036422
22 0.457753280080530
22 0.412036158985432
22 0.222882675210068
22 0.385875105515128
22 0.234574236071861
22 0.660767651786020
22 0.368193596598072
22 0.484913721790219
22 0.530586887480003
22 0.398779292528438
22 0.360168477437941
22 0.535666582280179
22 0.633232766685413
22 0.487963522080766
22 0.306042539029943
22 0.723406667762101
22 0.472002978606370
22 0.276804128519132
22 0.536373466186179
22 0.383352867653667
22 0.273212400661739
22 0.359649327621261
22 0.529823319549486
22 0.489602910843803
22 0.377331058375425
22 0.665559182694165
22 0.370524053808076
22 0.771247331271710
22 0.740860921867304
22 0.509244423026594
22 0.658138375409621
22 0.478724525009340
22 0.604988007554193
22 0.324896250681393
22 0.907336587070890
22 0.797897042716595
22 0.521370554948338
22 0.411368801136110
22 0.736625802786420
22 0.321532335434926
22 0.737771401175117
22 0.409325013789053
22 0.371401323677164
22 0.578599208316396
22 0.553548261846778
22 0.304644355481088
22 0.373015169152732
22 0.312756571629400
22 0.326525682076610
22 0.558640785488215
22 0.495646634053482
22 0.634174788582067
22 1.073705962787108
22 0.502870573171536
22 0.783269903315288
22 0.537226376058033
22 0.395577443553779
22 0.500200329806782
22 0.218307838785182
22 0.275419025948382
22 0.238594811383884
22 0.690184514618622
22 0.538376166795405
22 0.298346204069232
22 0.567939981872275
22 0.698186225271000
22 0.408452742296753
22 0.385469492166720
22 0.768405450642129
22 0.563362821321919
22 0.748760262345527
22 0.357930501633876
22 0.479769999123602
22 0.291393478702500
22 0.862045332708173
22 0.560440291439992
22 0.522012662434524
22 0.897251495239155
22 0.294640038302134
22 1.009385988346537
22 0.402679814544838
22 0.725140843517683
22 0.448032592876556
22 0.280625702239946
22 0.596404396361830
22 0.461579006586010
22 0.485276495040705
22 0.297470449247633
22 0.352348773898565
22 0.457920805671933
22 0.320166988374491
22 0.739763714752855
22 0.495872536035415
22 0.464272998277394
22 0.651382765011828
22 0.348529241284351
22 0.215309136710202
22 0.589251352953083
22 0.510054906097178
22 0.486276131036422
22 0.457753280080530
22 0.412036158985432
22 0.222882675210068
22 0.385875105515128
22 0.234574236071861
22 0.660767651786020
22 0.368193596598072
22 0.484913721790219
22 0.530586887480003
22 0.398779292528438
22 0.360168477437941
22 0.535666582280179
22 0.633232766685413
22 0.487963522080766
22 0.306042539029943
22 0.723406667762101
22 0.472002978606370
22 0.276804128519132
22 0.536373466186179
22 0.383352867653667
22 0.273212400661739
22 0.359649327621261
22 0.529823319549486
22 0.489602910843803
22 0.377331058375425
22 0.665559182694165
22 0.370524053808076
22 0.771247331271710
22 0.740860921867304
22 0.509244423026594
22 0.658138375409621
22 0.725140843517683
22 0.448032592876556
22 0.280625702239946
22 0.596404396361830
22 0.461579006586010
22 0.485276495040705
22 0.297470449247633
22 0.352348773898565
22 0.457920805671933
22 0.320166988374491
22 0.739763714752855
22 0.495872536035415
22 0.464272998277394
22 0.651382765011828
22 0.348529241284351
22 0.215309136710202
22 0.589251352953083
22 0.510054906097178
22 0.486276131036422
22 0.457753280080530
22 0.412036158985432
22 0.222882675210068
22 0.385875105515128
22 0.234574236071861
22 0.660767651786020
22 0.368193596598072
22 0.484913721790219
22 0.530586887480003
22 0.398779292528438
22 0.360168477437941
22 0.535666582280179
22 0.633232766685413
22 0.487963522080766
22 0.306042539029943
22 0.723406667762101
22 0.472002978606370
22 0.276804128519132
22 0.536373466186179
22 0.383352867653667
22 0.273212400661739
22 0.359649327621261
22 0.529823319549486
22 0.489602910843803
22 0.377331058375425
22 0.665559182694165
22 0.370524053808076
22 0.771247331271710
22 0.740860921867304
22 0.509244423026594
22 0.658138375409621
22 0.817453780624530
22 0.461660823942521
22 0.341146908938105
22 0.754833538818986
22 0.298212972608556
22 0.697934174961149
22 0.370866186799076
22 0.443594271497444
22 0.426938600768407
22 0.276463826994625
22 0.571134205788886
22 0.390211122479702
22 0.211749396724562
22 0.720400755298001
22 0.720180578568593
22 0.384733145032971
22 0.333490949993561
22 0.447629755996675
22 0.464891413001330
22 0.882449011867434
22 0.527451909727209
22 1.007157793447368
22 0.414730823100782
22 0.784438116945715
22 0.818101829220070
22 0.545340529214773
22 0.291035320593746
22 0.338914246757819
22 0.261976672867974
22 0.417715158571380
22 0.367849036635629
22 0.534746849095376
22 0.246842375805220
22 0.728446022637704
22 0.489247000446137
22 0.313739386186283
22 0.377775096077593
22 0.719296827511409
22 0.387295266490788
22 0.610321516404630
22 0.656299290779621
22 0.384943206526674
22 0.243839671454261
22 0.558168067416122
22 0.481475997743710
22 0.270716291555713
22 0.597660339718278
22 0.379673476632348
22 0.240466053435934
22 0.450011204477337
22 0.817453780624530
22 0.461660823942521
22 0.341146908938105
22 0.754833538818986
22 0.298212972608556
22 0.697934174961149
22 0.370866186799076
22 0.443594271497444
22 0.426938600768407
22 0.276463826994625
22 0.571134205788886
22 0.390211122479702
22 0.211749396724562
22 0.720400755298001
22 0.720180578568593
22 0.384733145032971
22 0.333490949993561
22 0.447629755996675
22 0.464891413001330
22 0.882449011867434
22 0.527451909727209
22 1.007157793447368
22 0.414730823100782
22 0.784438116945715
22 0.818101829220070
22 0.545340529214773
22 0.291035320593746
22 0.338914246757819
22 0.261976672867974
22 0.417715158571380
22 0.367849036635629
22 0.534746849095376
22 0.246842375805220
22 0.728446022637704
22 0.489247000446137
22 0.313739386186283
22 0.377775096077593
22 0.719296827511409
22 0.387295266490788
22 0.610321516404630
22 0.656299290779621
22 0.384943206526674
22 0.243839671454261
22 0.558168067416122
22 0.481475997743710
22 0.270716291555713
22 0.597660339718278
22 0.379673476632348
22 0.240466053435934
22 0.450011204477337
22 0.851052304896220
22 0.735947319488761
22 0.290795813654284
22 0.427014439101399
22 0.517803120955160
22 0.595379283818560
22 0.373410896837099
22 0.515142301207783
22 0.357429266138582
22 0.464584405272960
22 0.611654013925019
22 0.319121614884290
22 0.280890026876338
22 0.920672621594669
22 0.608913776926467
22 0.410369348426753
22 0.392227586428262
22 0.504286516080870
22 0.241144048720362
22 0.399219393136299
22 0.710138443425826
22 0.588372262373135
22 0.835429991296833
22 0.433494201209427
22 0.544500952806684
22 0.522871065306895
22 0.368916325382226
22 0.660225058119337
22 0.390726902806887
22 0.542142364130644
22 0.375055988493627
22 0.343549312269214
22 0.329360303315930
22 0.491170052665630
22 0.260903290355395
22 0.344257478847265
22 0.693144093427032
22 0.632619481025391
22 1.007812818283556
22 0.553285348218417
22 0.576605412588925
22 0.799080879935544
22 0.397862744022969
22 0.374281789820822
22 0.403544941130466
22 0.342086704175872
22 0.505560042229844
22 0.669233116093730
22 0.406598374450145
22 0.609047540576015
22 0.348835239321454
22 0.374187849856558
22 0.495706086847469
22 0.470489229052009
22 0.633359191874751
22 0.526735159278169
22 0.740255325998587
22 0.239796742774030
22 0.447756798451454
22 0.351067191809372
22 0.718329852042530
22 0.355034751427051
22 0.451676973120342
22 0.524188416524231
22 0.569298822076242
22 0.548051151163000
22 0.709661289757289
22 0.562452248229788
22 0.376640064728765
22 0.906750597889578
22 0.562793494604772
22 0.536606929460296
22 0.629085465027933
22 0.417816871988797
22 0.270125923182674
22 0.372494331406038
22 0.276315856619921
22 0.404353626240143
22 0.466003164574682
22 0.567477309154883
22 0.374608779680466
22 0.402415782764291
22 0.751105790161065
22 0.790587252227719
22 0.602814178297375
22 0.355084782906502
22 0.456011815202618
22 0.541131587014522
22 0.600830427846903
22 0.758539056530436
22 0.715569575944396
22 0.440351203010916
22 0.243203713331660
22 0.622806718612932
22 0.994800628601495
22 0.758858395357125
22 0.291561254145842
22 0.876090602350236
22 0.283861969983951
22 0.598188681207787
22 0.349547400256998
22 0.340815858601039
22 0.690254651244365
22 0.408457678821415
22 0.565563248668562
22 0.327894357023591
22 0.474611989365226
22 0.408673686785539
22 0.402252870940147
22 0.658734348876517
22 0.745861543707226
22 0.475317858077379
22 0.540623470862604
22 0.543238532273824
22 0.773559470076994
22 0.776305104520430
22 0.453615066911632
22 0.478998844556045
22 0.403902132996849
22 0.458105888176821
22 0.514692103371622
22 0.412084678213503
22 0.446489723892304
22 0.468360416122426
22 0.465710348544047
22 0.480765748290362
22 0.398301066445232
22 0.312742493577940
22 0.592673195180389
22 0.626794591360565
22 0.310430934772421
22 0.698518430801062
22 0.393007235311617
22 0.423444112744774
22 0.366092101948349
22 0.744394116161161
22 0.771194108596834
22 0.326269061854568
22 0.420074268230956
22 0.608785433666073
22 0.629375881215411
22 0.655805376185941
22 0.419222232047439
22 0.586397960754658
22 0.634969546209898
22 0.484627083674479
22 0.531746209015807
22 0.557814831986027
22 0.392531763330312
22 0.713616476853549
22 0.489206046298026
22 0.577851380986907
22 0.428076886086988
22 0.354472319024864
22 1.239812855817823
22 0.373258822938937
22 0.577002969591331
22 0.715762002011852
22 0.467256002407088
22 0.888570037988448
22 0.645706141638298
22 0.267641512186124
22 0.510872303394113
22 0.740121778390174
22 0.602382336679151
22 0.560138657102622
22 0.484929656969453
22 0.252160766864803
22 0.533278981546516
22 0.571255864592638
22 0.354055600261203
22 0.621943747128715
22 0.334222515177718
22 0.519705473386863
22 0.484961532268435
22 0.656098695775912
22 0.619208309125957
22 0.530442689400132
22 0.419515567757065
22 0.407485260621999
22 0.420204254879406
22 0.503249545032246
22 0.454362110844550
22 0.288419079890356
22 0.451911747251637
22 0.455166386302246
22 0.525111735347169
22 0.274761615583039
22 0.408967564023612
22 0.670030551988861
22 0.364538522555024
22 0.434700464249558
22 0.497057445428777
22 0.404120624188951
22 0.749078362132103
22 0.677111758354676
22 0.549573663749343
22 0.346223402371233
22 0.296569886184885
22 0.524713364650515
28 1.222581495010933
28 0.949733675691044
28 1.293291965071965
28 1.277861219868004
28 0.547714077348036
28 1.042674118969131
28 0.886288646202106
28 1.439106674748402
28 0.858877177996229
28 0.627279744364100
28 1.008812794153582
28 0.562112014888347
28 0.789912400246393
28 1.334481805096046
28 1.256823363764937
28 0.527675045319521
28 0.590262685083940
28 0.932726309337794
28 0.813395141169686
28 0.849031697142207
28 0.643931712037499
28 1.310063770040217
28 0.668327349110776
28 1.171742543762951
28 0.650482242322999
28 0.680224764549575
28 1.117985027159544
28 1.118326528855867
28 1.043649905492437
28 1.002081591927912
28 0.606540990680667
28 0.695868167684466
28 1.089524932714574
28 0.988501989379746
28 0.654921238694127
28 1.151564525762063
28 0.650358690773247
28 0.723735535286727
28 0.753727967216077
28 0.830283284758513
28 0.579411100096027
28 1.324279853701645
28 0.891178723135569
28 1.310518959521008
28 1.538335868552266
28 0.973723139845919
28 1.284375801123183
28 0.803823505273170
28 0.467388636878562
28 0.988272986594756
28 0.505335877446791
28 1.146786777876607
28 0.780487199338004
28 1.235397129017067
28 0.667163552102704
28 1.097115872450728
28 1.215069961710252
28 1.824803879478845
28 0.613073319320749
28 0.952402494774682
28 0.875059386235109
28 0.903612379696388
28 0.890776814536008
28 0.577372773417443
28 0.784251245434920
28 0.865512314113959
28 1.384140949032983
28 1.018698653151638
28 0.807122159155684
28 1.053421990993229
28 0.789385479619254
28 0.826608153451525
28 0.516811438082650
28 2.189301811954804
28 0.633635317058534
28 0.963516563164935
28 0.786226048195108
28 0.432859541220412
28 1.133553083112996
28 0.885021766595901
28 1.094669617209812
28 0.946909254131117
28 0.633569250263009
28 1.193733565578055
28 0.976656662707918
28 1.269122954826940
28 1.128290776062046
28 1.119189375184199
28 0.873426183955895
28 1.113946354339086
28 0.977248363437529
28 1.233696047215457
28 0.518263020570958
28 1.218551888212464
28 0.612978377081884
28 1.039400779972868
28 1.136106321875115
28 0.507017942901134
28 1.556494781525292
28 0.914716794607927
28 1.258028113728661
28 0.643231399898664
28 1.079657260606526
28 0.672623685508709
28 1.321507421422575
28 1.009813777486460
28 0.460056665630283
28 1.231511205317518
28 0.814434579749445
28 0.454328468349598
28 0.635940048655595
28 1.161376163036086
28 0.791282261712694
28 0.597133555205929
28 0.795211466751124
28 1.521498454484038
28 0.664001001101370
28 1.110164045631787
28 0.691339156027989
28 1.132386407137902
28 0.992961122748116
28 0.738818274113997
28 1.298343358985471
28 0.579502944242061
28 1.066936251372690
28 1.038495470526660
28 0.446770343022834
28 0.581603743814475
28 0.443086066341388
28 1.128112786143290
28 0.695290871714374
28 1.249623171942782
28 0.695006356366249
28 0.598230376210003
28 0.594818547180443
28 1.057665450255586
28 0.917410820279005
28 0.715354567680607
28 1.431711798443149
28 0.848949537302166
28 0.868099875372782
28 0.825903914034821
28 1.531347958393166
28 0.931756798608502
28 0.605360559520510
28 0.724507584365133
28 0.588136413426036
28 0.495067089942835
28 0.796973758600265
28 1.031010490289700
28 1.460403272236228
28 0.528649597728766
28 1.228875852770500
28 0.950089512976966
28 0.529234830845487
28 0.574591965030048
28 0.933646047290333
28 1.066482824418761
28 0.901220045852669
28 0.668647359892654
28 0.953562984011596
28 0.817800191627707
28 0.569632916641233
28 1.030127707835064
28 0.464609060083685
28 1.171438332833542
28 0.860975713174720
28 0.763400851408915
28 0.614168351021018
28 1.067268623523496
28 0.594009932658802
28 1.197531168763848
28 0.476912414664836
28 0.357974637891372
28 0.639796701060709
28 0.797786341343947
28 1.530476898666183
28 0.630844586606878
28 0.486512919699797
28 0.657453917956178
28 0.675680216800745
28 0.641749331998632
28 0.695749185518127
28 0.871481153620763
28 0.653162445408242
28 0.504271363632047
28 0.719132756654790
28 1.302501336161438
28 0.783036601084140
28 1.155061324594665
28 1.251807149667544
28 0.960480369831722
28 0.841031320336633
28 0.525100432689587
28 1.061296632163732
28 1.072533706192782
28 1.056901337579797
28 1.387069488538685
28 0.785793211229114
28 0.858780190312094
28 0.565572535994382
28 1.173887869870595
28 0.922607141662056
28 0.447277335232772
28 0.644357431147522
28 0.751129564777713
28 0.370123206530418
28 1.758377381408716
28 0.917078626847083
28 0.496680101790536
28 0.634288171488377
28 1.202844210249357
28 0.912945259247233
28 0.549653884701343
28 0.554142628372930
28 0.666070663274827
28 0.809212439897054
28 0.951540730149916
28 1.258604895004288
28 0.433253611535459
28 0.577034679795110
28 0.787090950852821
28 0.521533399657264
28 0.840953352406263
28 0.709384558108624
28 1.173060632004065
28 0.792084009234598
28 1.258795587182947
28 0.676141793983930
28 1.264469659018413
28 0.720282493469513
28 0.690722791912518
28 0.782235304721991
28 0.824862617226779
28 0.681874946174445
28 0.403651147029445
28 0.944129328439170
28 1.130413379395540
28 0.637723051083234
28 0.546801051712209
28 0.597263234794644
28 0.766966086672968
28 0.636968698114052
28 0.661307892327915
28 0.557103870611432
28 1.015712828304823
28 0.753048557472512
28 0.525358781125175
28 0.459830364653601
28 0.729776405105831
28 0.824281148683362
28 0.721818954248321
28 0.710675579239632
28 1.009610064508299
28 0.681719236494987
28 0.619702299687328
28 0.667870159510533
28 0.542367165352287
28 0.505796103731794
28 0.426479216382436
28 1.895448469655299
28 1.605534761428613
28 1.253044017617738
28 0.563299843602040
28 0.476933441161091
28 0.653976651407387
28 0.716757640981089
28 0.512717214122745
28 0.619409718276954
28 0.916660224275333
28 0.759136171478892
28 1.211304417555712
28 0.686501972839109
28 0.750805079798743
28 0.596290556974790
28 1.403840027816531
28 1.150854384815726
28 1.185654862944553
28 1.022892165249067
28 0.843135597514762
28 0.693188590386582
28 0.707834164427724
28 0.750742119490856
28 0.759813566066756
28 0.561229994552126
28 0.643240205421698
28 0.789866173341571
28 0.836452669608761
28 1.193039433650675
28 0.920329928237495
28 0.445206121991442
28 0.798882963839352
28 1.506010329186452
28 1.215062440854205
28 0.535165498746828
28 0.565782378601599
28 0.476504165538457
28 0.696245773086716
28 1.118962567044631
28 0.572897640423482
28 0.456408968511787
28 0.849450126088890
28 0.664852089323397
28 0.813475373532790
28 0.833976412478707
28 0.713593913729921
28 0.531271646225994
28 2.006929062605579
28 1.012911994158299
28 0.951368858888517
28 1.239350472756785
28 0.795059044591598
28 0.560041239854896
28 0.790616439976041
28 1.442529276582436
28 0.611777999530995
28 1.015281273570022
28 1.363413297049150
28 0.385187628213774
28 0.733324314273802
28 1.587336229027898
28 1.132064287522651
28 1.206302463570003
28 0.541797446427537
28 1.309831188839818
28 0.804376317464382
28 0.947499759752890
28 0.877981255404518
28 1.110690828520537
28 1.073841773304220
28 0.620676721293563
28 0.761076706972495
28 0.742160142561894
28 1.185473980737748
28 0.842052745052425
28 0.654386661721198
28 0.683894652522861
28 0.836992452944513
28 0.691468546718296
28 0.837020564589975
28 1.010600809176744
28 0.445696729845196
28 1.447392369317693
28 1.153724840698354
28 0.974060874361801
28 0.562608225629859
28 0.889572527927074
28 0.890175011011436
28 0.505883812890561
28 0.943158569309821
28 0.650454541112629
28 0.616595552856617
28 0.628243498998992
28 0.852525568725127
28 0.582202929478159
28 0.687795191913038
28 0.789676592364597
28 0.781642176975785
28 0.431972624664064
28 0.753852036184750
28 1.261915082587927
28 0.606981626132173
28 1.685792603109214
28 1.497675929357126
28 1.710143805792603
28 0.939083702844859
28 0.797081042352427
28 0.701797824634812
28 0.823255540260221
28 0.935034838782293
28 0.874465937912101
28 0.800931685969909
28 1.129187330221813
28 0.735272699322681
28 0.881967561405993
28 0.606815203015146
28 0.875541768735020
28 0.585456931867537
28 0.632182863599319
28 0.827404707477708
28 0.635549153407635
28 0.754759625317021
28 0.879162035344729
28 0.649012787355631
28 1.200647408734456
28 1.367623986625909
28 1.015522510974578
28 0.946202087589621
28 0.772493003049957
28 0.874101844162407
28 0.668115560539446
28 0.907653051661089
28 1.217241356605062
28 0.631533966776398
28 0.663070373413559
28 0.915980847358970
28 0.684324207264405
28 0.673738506499318
28 1.109245840938402
28 0.680989837034796
28 0.614640949503968
28 0.806074353049905
28 0.674943435478876
28 0.766963078814888
28 0.651214897667534
28 1.079599365637064
28 0.821229549058467
28 1.032540378164861
28 1.037460341166548
28 0.282173485562487
28 0.828377834974291
28 0.891916614154128
28 0.522481318592506
28 0.713314973716590
28 0.653781221173097
28 0.712882916301250
28 1.195929915101100
28 0.634888437397831
28 0.476733176433891
28 0.747035056661645
28 0.786330100311922
28 0.665706778434815
28 0.800074240121819
28 0.554312463116061
28 0.619980458460894
28 0.731768690150384
28 0.613229314180712
28 1.035385231171287
28 1.193971365350555
28 0.976844983478617
28 1.251017558458303
28 0.568231296742230
28 0.640522130486072
28 0.849658610453454
28 0.827982959305011
28 0.761904932948541
28 0.550610274838998
28 0.853452255224943
28 1.419009292629168
28 0.957869352178898
28 0.531241436263233
28 1.698708733564891
28 1.133591197914169
28 1.119932133469096
28 1.166819172169225
28 0.921850289370285
28 0.474086792986045
28 1.934232205630244
28 1.925746559543072
28 0.437718566894796
28 0.614640949503968
28 0.806074353049905
28 0.674943435478876
28 0.766963078814888
28 0.651214897667534
28 1.079599365637064
28 0.821229549058467
28 1.032540378164861
28 1.037460341166548
28 0.282173485562487
28 0.828377834974291
28 0.891916614154128
28 0.522481318592506
28 0.713314973716590
28 0.653781221173097
28 0.712882916301250
28 1.195929915101100
28 0.634888437397831
28 0.476733176433891
28 0.747035056661645
28 0.786330100311922
28 0.665706778434815
28 0.800074240121819
28 0.554312463116061
28 0.619980458460894
28 0.731768690150384
28 0.613229314180712
28 1.035385231171287
28 1.193971365350555
28 0.976844983478617
28 1.251017558458303
28 0.568231296742230
28 0.640522130486072
28 0.849658610453454
28 0.827982959305011
28 0.761904932948541
28 0.550610274838998
28 0.853452255224943
28 1.419009292629168
28 0.957869352178898
28 0.531241436263233
28 1.698708733564891
28 1.133591197914169
28 1.119932133469096
28 1.166819172169225
28 0.921850289370285
28 0.474086792986045
28 1.934232205630244
28 1.925746559543072
28 0.437718566894796
34 1.197425155103586
34 1.013893284494064
34 0.943357036737545
34 0.711836080647299
34 0.896128266793123
34 1.199577494341836
34 1.212332660633360
34 0.746629002752981
34 1.208909256548500
34 1.016903778058616
34 1.774626332109763
34 1.618558673889362
34 0.646027951500643
34 1.215279081518440
34 2.435846550208707
34 1.305661686256493
34 1.358636021320923
34 0.752961362698583
34 1.018697793625239
34 0.873781266514321
34 1.156753807173529
34 1.596654682177147
34 0.575801631812658
34 1.405203599173213
34 1.752609063887929
34 1.021487283756861
34 1.766084468395662
34 0.923824409817247
34 0.504024282908253
34 1.733494729314344
34 1.341283664151799
34 1.300183601569512
34 0.663479497196515
34 0.665126797802355
34 1.324294747760834
34 1.435511432676138
34 1.018379980428481
34 1.017150801049086
34 1.029218737111134
34 1.632797575383499
34 1.720546644316217
34 1.600631208000864
34 0.703927730266555
34 1.259385778807825
34 0.880754285643145
34 1.068188820801407
34 1.788031856156865
34 1.537578379903377
34 1.061360106212424
34 1.433771775884627
34 1.772934625608115
34 1.037222444876912
34 0.786541119825666
34 1.223738802823453
34 1.134780237203892
34 0.681852116444137
34 1.228399951217178
34 1.137499158386757
34 0.805172910537254
34 0.935518126833373
34 0.995807242258949
34 0.895415581137439
34 1.736350139501027
34 1.187200938500407
34 1.245973455727383
34 1.044952153828382
34 1.699466403370287
34 1.440366689941290
34 1.199436687824104
34 0.780696067899291
34 1.226412755311810
34 0.871366611714785
34 1.020793320603301
34 1.469852974533453
34 0.740390957738958
34 1.589551694897954
34 0.732092802136297
34 1.738287890368211
34 1.896696288126610
34 1.278935926889485
34 0.940223405512410
34 1.208701698050056
34 2.436860816385318
34 1.144283820454070
34 0.711510983464757
34 2.085927780371192
34 1.709141192909141
34 0.835393257685855
34 1.290552262175458
34 1.572187191951670
34 1.463920841059430
34 0.743522992070475
34 1.029828043528506
34 0.935525914991276
34 1.569287763473328
34 0.642509672551015
34 0.602836306305483
34 0.931949348428139
34 0.562062049472871
34 1.155456508341523
34 0.749326676552222
34 0.993475482728332
34 0.913493043071894
34 0.610964177038644
34 0.816875614586741
34 1.758066447541693
34 0.847303255918305
34 0.953373709466466
34 1.255943129219657
34 0.828703477259373
34 1.390249739646372
34 1.315226274870899
34 0.846974641504088
34 1.391149317267771
34 1.192388273099907
34 2.115679199645388
34 1.125256066881326
34 1.569290061059631
34 0.687404024661656
34 0.892199415752096
34 1.232173316209648
34 1.376628347156887
34 0.610958108736057
34 1.079409533030129
34 1.061254628303714
34 1.570241859191527
34 0.896121752984428
34 0.670020778660686
34 1.117582954610326
34 2.057772556470358
34 0.979504665419557
34 0.886792190736446
34 0.933775018043756
34 1.267656855856805
34 0.919340552820195
34 1.190941261614299
34 1.306932696725120
34 1.163923743843412
34 0.800190280120382
34 0.731057018045076
34 0.710484195517783
34 0.846675499044844
34 1.281017408438911
34 1.320011889470710
34 0.969494277752374
34 0.876087594252222
34 1.435504245962441
34 1.602866917427715
34 0.589189446958498
34 1.053047843752924
34 1.223805086286592
34 0.734566357466494
34 1.398034751597690
34 1.883243000279722
34 1.281287399527725
34 1.533229775260001
34 2.478421637470766
34 1.463330359195532
34 0.823502689060641
34 1.836661241825336
34 1.328936962520825
34 0.655937582654480
34 1.544764880570579
34 1.424985329276041
34 0.816747558630633
34 0.676170929399006
34 0.921283042222995
34 0.921567376624362
34 1.210350150948341
34 1.383098471976668
34 1.244873237310254
34 1.640622507156408
34 1.069851848704491
34 2.743036483360666
34 1.420340835736263
34 1.011349513735473
34 1.082566217625249
34 2.555982144611805
34 1.410557576950291
34 0.852680188526641
34 1.217094789440028
34 1.109344646025830
34 0.721621809648875
34 1.526177291707977
34 1.217918077624827
34 1.577720136692390
34 1.181267847375862
34 1.288331896124026
34 1.633869239127792
34 0.607551211801954
34 1.810004016966809
34 1.471392375367071
34 0.755442384507607
34 1.206981207512421
34 1.185400193596432
34 1.000047863943419
34 1.243781277478424
34 1.440704477022752
34 1.208539853799661
34 1.186901820580790
34 1.041573785861480
34 1.034983432134404
34 1.217821832456919
34 1.459431424810845
34 1.411988215345686
34 1.472903002753006
34 0.961443049624781
34 0.677888014505892
34 1.089535837704955
34 1.197424715868083
34 1.522837102211333
34 1.090859819562430
34 0.900593420446743
34 0.816930352385194
34 1.169067953673737
34 1.384289961103222
34 0.416100210241438
34 1.228847792522000
34 1.012541361069945
34 1.194754974279501
34 0.879375886056369
34 1.817505653905696
34 1.348282926366730
34 0.720558125612803
34 0.695192572131172
34 0.898915199669552
34 1.418994714716971
34 1.098703450134230
34 1.830170216663991
34 1.155752955562874
34 0.994138081273692
34 0.951368158744378
34 1.285305927847865
34 0.705512002440721
34 1.622741122906283
34 0.910852611257880
34 1.116057956515430
34 1.272566040237395
34 1.557641448616295
34 1.699351837468726
34 1.025601969810131
34 1.006966355941890
34 1.528826833985760
34 1.175128501282681
34 1.486611730615598
34 2.061290793298002
34 1.305252229740248
34 1.163734856143205
34 1.744597400033955
34 1.185786297807162
34 1.162846784306702
34 1.920948819156318
34 0.957024859284180
34 1.413072075847278
34 1.184977620855952
34 1.091127200832547
34 1.724486553017635
34 1.981159428035301
34 1.420294599572658
34 1.019066697090055
34 1.298259099455496
34 1.171177186235048
34 1.273810004319205
34 1.222401849367707
34 1.025436126548627
34 0.985152033422253
34 0.714993254313219
34 1.004026605546385
34 1.174150223748929
34 0.943741936649716
34 0.714143036897055
34 0.849002903586977
34 1.961889974724565
34 0.641758693493171
34 0.927151599562689
34 0.648619585557478
34 1.897389535869333
34 1.583302871511843
34 1.798387225442994
34 1.643363900309685
34 0.767236576583714
34 1.038361249264302
34 0.907832981436724
34 1.237901636371729
34 1.180694164226452
34 1.062720142466892
34 1.894737192445157
34 0.986936065820280
34 1.305049891566670
34 1.161626577248853
34 1.647489500324319
34 1.954815792024267
34 0.826843736931476
34 1.078972513376264
34 1.125569273858894
34 0.454095883578492
34 1.109218198602477
34 1.730733403202098
34 1.619899703169323
34 0.577242843963178
34 0.775756461529861
34 0.893438430110991
34 1.281054365974318
34 1.123650090215651
34 1.514780788922752
34 1.580442346470097
34 2.172208343019044
34 1.605780656915413
34 1.899816376273202
34 1.081268409988890
34 1.532170974837016
34 0.550463744583713
34 1.033147455118013
34 1.258094315093824
34 1.282507332023966
34 1.007705885510022
34 0.834992728934934
34 0.829910500555305
34 0.532421594933356
34 1.098738420648401
34 1.007418133136326
34 0.866385351902317
34 0.777824660197364
34 1.017945584781085
34 0.828231003551733
34 0.905033653608966
34 2.757153357433347
34 1.395972406440494
34 1.225308580035396
34 0.974129686991971
34 1.129451125746786
34 1.508707741438583
34 1.641748114345003
34 1.309033906956185
34 1.124877090571016
34 0.955645184503751
34 0.811789506968721
34 2.333646282161524
34 0.721728337817983
34 1.941728306883184
34 0.911367107465824
34 1.056208881137667
34 0.877529815207087
34 1.825183164996553
34 1.719156247381383
34 0.536681919688553
34 0.972575451028989
34 1.152313755906055
34 0.913986666924760
34 0.646442384342918
34 0.775756461529861
34 0.893438430110991
34 1.281054365974318
34 1.123650090215651
34 1.514780788922752
34 1.580442346470097
34 2.172208343019044
34 1.605780656915413
34 1.899816376273202
34 1.081268409988890
34 1.532170974837016
34 0.550463744583713
34 1.033147455118013
34 1.258094315093824
34 1.282507332023966
34 1.007705885510022
34 0.834992728934934
34 0.829910500555305
34 0.532421594933356
34 1.098738420648401
34 1.007418133136326
34 0.866385351902317
34 0.777824660197364
34 1.017945584781085
34 0.828231003551733
34 0.905033653608966
34 2.757153357433347
34 1.395972406440494
34 1.225308580035396
34 0.974129686991971
34 1.129451125746786
34 1.508707741438583
34 1.641748114345003
34 1.309033906956185
34 1.124877090571016
34 0.955645184503751
34 0.811789506968721
34 2.333646282161524
34 0.721728337817983
34 1.941728306883184
34 0.911367107465824
34 1.056208881137667
34 0.877529815207087
34 1.825183164996553
34 1.719156247381383
34 0.536681919688553
34 0.972575451028989
34 1.152313755906055
34 0.913986666924760
34 0.646442384342918
34 0.794245577431152
34 1.118230514639056
34 3.111753688457817
34 1.517169867091454
34 1.245525167684050
34 0.875860991006963
34 1.485783599265852
34 0.973893831711349
34 1.931773581797493
34 1.316823456979451
34 1.492160382884775
34 0.868309581176168
34 1.802588144887179
34 1.261932329832416
34 1.848841874009998
34 1.180391538708490
34 1.068524458577961
34 1.434834885286818
34 0.851478541296233
34 1.100552687676985
34 1.758404197993270
34 1.028039483069672
34 1.592348696196148
34 0.927777965778577
34 0.979684757240765
34 1.090429063232172
34 1.097046257180279
34 1.112217555073881
34 0.704894741539854
34 1.621589967602209
34 1.338758295705885
34 1.920140326913634
34 1.173704836766471
34 1.346812488613005
34 1.304628247280990
34 1.015397840564104
34 0.934506453571800
34 0.831561981110132
34 1.558013042650532
34 0.793697297866626
34 0.866549662488085
34 0.857011081716676
34 1.223039844196701
34 1.321834197601176
34 1.241738207908796
34 0.964986289967136
34 1.077201251476980
34 1.126433997172168
34 0.844459311942945
34 0.726267328014445
34 0.794245577431152
34 1.118230514639056
34 3.111753688457817
34 1.517169867091454
34 1.245525167684050
34 0.875860991006963
34 1.485783599265852
34 0.973893831711349
34 1.931773581797493
34 1.316823456979451
34 1.492160382884775
34 0.868309581176168
34 1.802588144887179
34 1.261932329832416
34 1.848841874009998
34 1.180391538708490
34 1.068524458577961
34 1.434834885286818
34 0.851478541296233
34 1.100552687676985
34 1.758404197993270
34 1.028039483069672
34 1.592348696196148
34 0.927777965778577
34 0.979684757240765
34 1.090429063232172
34 1.097046257180279
34 1.112217555073881
34 0.704894741539854
34 1.621589967602209
34 1.338758295705885
34 1.920140326913634
34 1.173704836766471
34 1.346812488613005
34 1.304628247280990
34 1.015397840564104
34 0.934506453571800
34 0.831561981110132
34 1.558013042650532
34 0.793697297866626
34 0.866549662488085
34 0.857011081716676
34 1.223039844196701
34 1.321834197601176
34 1.241738207908796
34 0.964986289967136
34 1.077201251476980
34 1.126433997172168
34 0.844459311942945
34 0.726267328014445
