10 0.058263276928911
10 0.029173471942081
10 0.069952882338294
10 0.056427752739920
10 0.056405909182112
10 0.037520089832475
10 0.023140673620075
10 0.025560152552618
10 0.031490865933922
10 0.061758203404051
10 0.068952757105678
10 0.032626010898754
10 0.073262899235419
10 0.037370304495318
10 0.053740736130057
10 0.065871646006292
10 0.028889385725314
10 0.039750068490078
10 0.031624176001023
10 0.057456698238281
10 0.055795150074702
10 0.038121416318245
10 0.038425447313914
10 0.057750434636507
10 0.037736210245887
10 0.056021095695939
10 0.052249694544705
10 0.021445373826770
10 0.039444273046512
10 0.044362780026442
10 0.047494380390393
10 0.049316898761145
10 0.048034992996909
10 0.031130500956801
10 0.037551887352230
10 0.052357373962136
10 0.048320054906491
10 0.034042222107046
10 0.022148252241370
10 0.069384580826148
10 0.036398118872695
10 0.051322433618770
10 0.065437840071620
10 0.040115716299865
10 0.037949610058127
10 0.062590763797990
10 0.027012603812802
10 0.036180542834191
10 0.029537729591159
10 0.047279518048500
10 0.036340560004937
10 0.053382949474258
10 0.032036098001230
10 0.038399386739998
10 0.055491631681409
10 0.039336691787549
10 0.042321244148859
10 0.032353130731922
10 0.026165158748625
10 0.032479682211389
10 0.061085770032961
10 0.059589500546519
10 0.024514700553248
10 0.049071912767338
10 0.039296159010920
10 0.047428779040120
10 0.062356349653598
10 0.050734294750299
10 0.080200239679241
10 0.019252733994971
10 0.046867511652205
10 0.049465487392412
10 0.019514270852836
10 0.058474343776139
10 0.105890608327075
10 0.071285847557925
10 0.025342668521001
10 0.053357628662986
10 0.049214798039594
10 0.040555363437209
10 0.043178073807108
10 0.052479618859734
10 0.022941449339664
10 0.054667350832050
10 0.035941348016721
10 0.052857527498564
10 0.031108234170019
10 0.033190453485891
10 0.064166773173870
10 0.034425360613073
10 0.039309838576158
10 0.020270066133080
10 0.044945745583870
10 0.049467389492770
10 0.043920371318616
10 0.061206229425919
10 0.029644725658820
10 0.026783388599897
10 0.033998250010983
10 0.070890259868968
10 0.032444325370859
10 0.058321980893695
10 0.033823513124172
10 0.029682937629383
10 0.033388769120738
10 0.062083402227527
10 0.040053068488217
10 0.033092802604585
10 0.043992040375899
10 0.050202079683072
10 0.034302412344393
10 0.041384818156579
10 0.041222100638987
10 0.034681936345751
10 0.033009143898788
10 0.071932760856924
10 0.037736423694799
10 0.040931815215838
10 0.071606164196004
10 0.050943801002157
10 0.036760349166544
10 0.039702245628814
10 0.017770634978652
10 0.040589056414698
10 0.043397083673200
10 0.068872755758961
10 0.057881560915495
10 0.034798151976914
10 0.049693688291005
10 0.040392726285294
10 0.048925133357899
10 0.017609945872930
10 0.028698750670759
10 0.027986065382337
10 0.024409467395602
10 0.029065203821749
10 0.077408753321467
10 0.073245281788354
10 0.042330188707864
10 0.028897040199378
10 0.059101312601361
10 0.035874944120645
10 0.037102766749903
10 0.026134486118654
10 0.046112982118397
10 0.031195955598606
10 0.051397723295348
10 0.074396218153712
10 0.039485239748657
10 0.032515610044361
10 0.039569182866821
10 0.060059813260922
10 0.030592284710971
10 0.035586467809472
10 0.046204379879254
10 0.033969576387366
10 0.020534556413670
10 0.035173398154165
10 0.043877253302745
10 0.021447599132591
10 0.041777729456347
10 0.040629568308747
10 0.027145287773575
10 0.046003148142149
10 0.041752331151024
10 0.050576208998169
10 0.034330110162950
10 0.085254126576338
10 0.030184986192577
10 0.044061290647491
10 0.062615791928551
10 0.041076241174841
10 0.070352186753318
10 0.035293215097720
10 0.040672332156100
10 0.033024482167246
10 0.018033791980646
10 0.062277594296265
10 0.061855921931093
10 0.049263140025934
10 0.084306336846240
10 0.028215832757399
10 0.038392474558466
10 0.049320219444957
10 0.050358279418237
10 0.034389991038842
10 0.028389433471464
10 0.031629002643011
10 0.024759181893421
10 0.020533123679337
10 0.023305401935121
10 0.063213218261301
10 0.048311469819118
10 0.054537302799775
10 0.049303952475787
10 0.023210315746600
10 0.024822544746706
10 0.032918877789427
10 0.033374662336974
10 0.060743266576480
10 0.031331546273083
10 0.061696849285854
10 0.041190478721864
10 0.047205468750887
10 0.049721724090140
10 0.057876064976292
10 0.051093291903567
10 0.031908667181465
10 0.031829856948864
10 0.046870366296106
10 0.061943522493793
10 0.003381468825735
10 0.033810844193188
10 0.044654719910744
10 0.032716523462047
10 0.055421015412049
10 0.036559254234145
10 0.043883145951430
10 0.069655213343768
10 0.059352555146213
10 0.054006647733337
10 0.035364135419204
10 0.025842517329836
10 0.020747505016791
10 0.036476629182149
10 0.067234799306494
10 0.034150709260724
10 0.036139055418898
10 0.046107855388348
10 0.043991371399994
10 0.045771733652929
10 0.033470093307844
10 0.055994087315983
10 0.052916890935689
10 0.026703151974240
10 0.061520994136126
10 0.084714514415198
10 0.042688165411547
10 0.063157212529286
10 0.029391899633292
10 0.040077337082688
10 0.033581216453292
10 0.032480993708572
10 0.036947157050345
10 0.032458017478840
10 0.064812583764686
10 0.046687920406676
10 0.029800875669275
10 0.058324540171140
10 0.041428256891758
10 0.039145348778463
10 0.052116461763935
10 0.034331018306102
10 0.036948572599827
10 0.037300826964368
10 0.075524268225644
10 0.053199306646870
10 0.052065665549964
10 0.052345953301420
10 0.049034149934178
10 0.025221876261103
10 0.029617274303854
10 0.079162905832234
10 0.048579294248131
10 0.058616288421684
10 0.054723325793865
10 0.062245401197941
10 0.028653976607804
10 0.022356410720598
10 0.035919376281064
10 0.028232124544023
10 0.054452812938035
10 0.044943165850741
10 0.042597321588328
10 0.065963307067034
10 0.046055873467546
10 0.037981825735222
10 0.047412994545254
10 0.034424345389196
10 0.043733782759722
10 0.039805285886567
10 0.035994539886238
10 0.030620950656823
10 0.037739718441594
10 0.061861962597910
10 0.039203304521964
10 0.037671216043561
10 0.030260115867237
10 0.047505622339213
10 0.031796189039211
10 0.040097780297169
10 0.033419219035687
10 0.046430631089260
10 0.016652447864659
10 0.099028630444231
10 0.058505811622953
10 0.040907131826790
10 0.072471706250401
10 0.022497424139022
10 0.065147459311954
10 0.051039000697563
10 0.029214240759159
10 0.041984327957168
10 0.072771942983078
10 0.043785591695117
10 0.037738077072476
10 0.029557129998751
10 0.069995522064888
10 0.044318060208158
10 0.036216889723196
10 0.057417829867747
10 0.041633587151381
10 0.019864095768055
10 0.038097038378834
10 0.039624509236084
10 0.062082929814040
10 0.040756570384920
10 0.054930909773105
10 0.041992520277970
10 0.043546294490653
10 0.042327689272764
10 0.059401290375423
10 0.090075379996267
10 0.050936220692908
10 0.046920832934942
10 0.038794355895812
10 0.033664294137681
10 0.064080326908255
10 0.034613831154253
10 0.034585574784828
10 0.045197106843258
10 0.051462669203069
10 0.054491745523532
10 0.068774525539528
10 0.049173013291000
10 0.044376995789846
10 0.062783533462665
10 0.047986860180519
10 0.034176081277703
10 0.038941909071774
10 0.019092503284296
10 0.031170857630993
10 0.032416585806514
10 0.074836228635622
10 0.020997620404464
10 0.035604170064255
10 0.049917748090798
10 0.043049186511374
10 0.043715380460300
10 0.038279725652670
10 0.046298513461766
10 0.045797057721986
10 0.043991368036506
10 0.063196651153145
10 0.079107826249092
10 0.038433533050322
10 0.039657101125931
10 0.026799921088312
10 0.039745035249763
10 0.027842576615384
10 0.046404194885876
10 0.042380138138792
10 0.053278144330712
10 0.040636554368002
10 0.041558814842815
10 0.034754794457601
10 0.031793235492446
10 0.053373091596729
10 0.033238353300144
10 0.023233934891094
10 0.090496768738870
10 0.046039430829787
10 0.034281991757962
10 0.055378548143224
10 0.038395989336039
10 0.031745014985054
10 0.043038380492105
10 0.032844343870570
10 0.056300539907951
10 0.026274215688074
10 0.023671194536794
10 0.034546507383173
10 0.041770353960649
10 0.028894349766148
10 0.031083485960703
10 0.043170452145294
10 0.035960859213430
10 0.039390530220357
10 0.020792376434838
10 0.062013069431133
10 0.034112075077553
10 0.034731059338687
10 0.013213374761426
10 0.041501558723256
10 0.046022568214021
10 0.033773684720897
10 0.021910846325665
10 0.055400302731345
10 0.045362326014739
10 0.051537226178704
10 0.038442639812978
10 0.049234332130975
10 0.025807139793611
10 0.032094923305322
10 0.024516565182183
10 0.039764816153821
10 0.035375768423730
10 0.035328446114775
10 0.050887128923956
10 0.028392880314889
10 0.043218094433000
10 0.037620125496633
10 0.067140944010167
10 0.041641965913176
10 0.035118169712172
10 0.063041231711592
10 0.077257135531290
10 0.031889528638199
10 0.077808178886159
10 0.026681454748495
10 0.044298189006253
10 0.056206573789187
10 0.041627413591497
10 0.049144385999352
10 0.049392472094851
10 0.071601736829441
10 0.035585985558202
10 0.040895187049590
10 0.021485793598562
10 0.056596339518928
10 0.042091894761679
10 0.040439911001728
10 0.072059045037379
10 0.044735360399328
10 0.028205296589693
10 0.038676592122441
10 0.023499747698326
10 0.055688925031345
10 0.064243346766243
10 0.050431283382337
10 0.021435322644385
10 0.047576787914020
10 0.052688241626874
10 0.038480425007358
10 0.043614533360111
10 0.042591025670117
10 0.064911430167767
10 0.062747877136780
10 0.050029086060468
10 0.045412552311227
10 0.056633166197035
10 0.027615617340719
10 0.022873679894372
10 0.067590073851405
10 0.032982415525078
10 0.021667894468937
10 0.021818107189471
10 0.040290747080794
10 0.044007349885297
10 0.027249135221775
10 0.030085400241436
10 0.050403365608641
10 0.055192004709959
10 0.039468389655816
10 0.029644534313865
10 0.019350735995872
10 0.042192573524131
10 0.053805894831187
10 0.072142082905592
10 0.025038065842047
10 0.061987524422730
10 0.052032319150184
10 0.029414165641480
10 0.056784022038718
10 0.030773659784385
10 0.043267313809163
10 0.025014153027183
10 0.071917867001974
10 0.077998213445721
10 0.059995119765392
10 0.067148279631196
10 0.047968569407806
10 0.050576373022289
10 0.065648441974238
16 0.306770622666767
16 0.439809997470222
16 0.172099726117761
16 0.192056730182802
16 0.222385211296182
16 0.336906967782642
16 0.430158956874598
16 0.322086624971809
16 0.250849767058932
16 0.178906591718831
16 0.271585125372714
16 0.208788856095929
16 0.412151109615659
16 0.202141438332544
16 0.160035204264783
16 0.105121669314012
16 0.184518676775557
16 0.175548179464815
16 0.348231572177671
16 0.462157398097526
16 0.278237707383213
16 0.233188008057385
16 0.196483129265613
16 0.166992914796608
16 0.389825620546024
16 0.314813500405486
16 0.154051902658131
16 0.197089886904144
16 0.112599099138646
16 0.160513955513386
16 0.186768573369474
16 0.135679662082056
16 0.387641285376176
16 0.260044468348211
16 0.268393321082014
16 0.232090616498017
16 0.167880051402657
16 0.355773348365257
16 0.198801897527254
16 0.187588011674166
16 0.257010589349813
16 0.299559353070594
16 0.156223895824703
16 0.226718531833177
16 0.202567662842746
16 0.321921580032902
16 0.272190113473908
16 0.276664283737479
16 0.221292315101660
16 0.282750900588293
16 0.293238639492596
16 0.169106865048860
16 0.302749831804409
16 0.358284514263636
16 0.370567962886314
16 0.227200109457479
16 0.353079158704740
16 0.173365934333833
16 0.321983959463188
16 0.162113777759481
16 0.153594564498131
16 0.177152023051325
16 0.175988964401493
16 0.231041658753162
16 0.192509224042583
16 0.288797175881308
16 0.137376321441982
16 0.226743041187339
16 0.220485818727229
16 0.170812031054016
16 0.437455810798646
16 0.174285086533759
16 0.238577458975571
16 0.160463972948389
16 0.210390080329342
16 0.150270647488782
16 0.295096118905912
16 0.260727055860746
16 0.175024673326405
16 0.151802348967829
16 0.227897364130886
16 0.169903605549513
16 0.244452353192120
16 0.164073739759948
16 0.182956524743005
16 0.120012512578759
16 0.222855900946041
16 0.159180866837318
16 0.211676974799631
16 0.146882001759885
16 0.201102258990562
16 0.183089877504973
16 0.140308601571411
16 0.292376626497393
16 0.153186820065689
16 0.295836685190726
16 0.202370686214847
16 0.165917793881250
16 0.327825877542629
16 0.170453387097236
16 0.181653023967027
16 0.321095018895833
16 0.277308954395228
16 0.247070143652986
16 0.278830453118584
16 0.248622127136917
16 0.283546929802886
16 0.261230096705320
16 0.290968608545104
16 0.291789014769164
16 0.157498193660573
16 0.278908532162269
16 0.135047668252923
16 0.313755059084353
16 0.228887969943896
16 0.301017653469782
16 0.174846547288060
16 0.414605434233165
16 0.274615916012828
16 0.202155012484129
16 0.404563459893182
16 0.279465060571901
16 0.216229570186994
16 0.235470603614586
16 0.257411106234970
16 0.218820824454490
16 0.165094486065565
16 0.246539906502284
16 0.217983444923618
16 0.275955464724999
16 0.159261371827511
16 0.198282435203850
16 0.122433428279133
16 0.241951995850768
16 0.318852652925172
16 0.261838061302254
16 0.173492010713209
16 0.286227093783442
16 0.211296536201455
16 0.264220996703680
16 0.304833885057559
16 0.228113469642552
16 0.230251557430344
16 0.190802083016902
16 0.313971701794497
16 0.237352678884398
16 0.248695979914332
16 0.200947695471396
16 0.231904165945649
16 0.188307313852522
16 0.308211345433179
16 0.182564409859524
16 0.287359462189139
16 0.392768618798815
16 0.242508324464435
16 0.182640312312818
16 0.282005546880711
16 0.120023989676377
16 0.257469685691977
16 0.141266776163521
16 0.300524876896424
16 0.289368086647324
16 0.490721091612743
16 0.141674624768549
16 0.155985226791193
16 0.179373364724926
16 0.238042553646476
16 0.297932146169847
16 0.180485483233682
16 0.221553001250474
16 0.224086786811242
16 0.429996591748789
16 0.502247733771841
16 0.142981024578829
16 0.289417808394907
16 0.258259190711051
16 0.122866960187764
16 0.101553106516785
16 0.219952785085204
16 0.335700329853024
16 0.265946297517433
16 0.328040589432754
16 0.145190612266510
16 0.226624772438008
16 0.299288010931892
16 0.308317983999227
16 0.196233559372481
16 0.176067904243050
16 0.186014854442440
16 0.259625046183794
16 0.274728245893925
16 0.225832719617209
16 0.113124287937699
16 0.305734644918199
16 0.268988327942075
16 0.211548066321062
16 0.167363899775410
16 0.239201358547378
16 0.222630962793628
16 0.218826372151359
16 0.243601123926829
16 0.152601247667141
16 0.270609699085005
16 0.183467831544967
16 0.302718778703260
16 0.494619154620364
16 0.293046016705392
16 0.270720618012889
16 0.223650137735941
16 0.175498465201062
16 0.220431110281682
16 0.286545043251040
16 0.320016103748809
16 0.240607139930081
16 0.175844706481275
16 0.251935468799705
16 0.204143648317468
16 0.155542446059759
16 0.320019751010603
16 0.335078319259698
16 0.142437225171996
16 0.238806015940548
16 0.244193073909029
16 0.283550749186301
16 0.333640305216491
16 0.378063146496633
16 0.242293286555438
16 0.187782410356715
16 0.186287446085411
16 0.158840419008256
16 0.322253574780055
16 0.170818465050812
16 0.335228237831005
16 0.303552017565646
16 0.173906899655369
16 0.143679608222803
16 0.200007920827418
16 0.211230948288235
16 0.236202600962032
16 0.216842295961855
16 0.124020255323127
16 0.205131960746884
16 0.311946614618182
16 0.426965334775594
16 0.249317228213489
16 0.456563928576260
16 0.186033603128666
16 0.156547151575823
16 0.108773097458994
16 0.194961004319964
16 0.202117672809289
16 0.204768919021385
16 0.263468186694605
16 0.291563359073588
16 0.141183515431868
16 0.153026014904988
16 0.154227579437151
16 0.301097991965485
16 0.153992323975788
16 0.183760953654653
16 0.318450940362022
16 0.195742086220021
16 0.155172094674097
16 0.295096293472501
16 0.135859676157779
16 0.247111665082786
16 0.418325769045620
16 0.413058011394178
16 0.186477236492319
16 0.169035841346640
16 0.176719302271672
16 0.178806724273110
16 0.382304037951958
16 0.224327722516016
16 0.176912089140118
16 0.149959553164054
16 0.265152092540694
16 0.164942499252833
16 0.167232923594974
16 0.291453535694030
16 0.122858957057161
16 0.198489604381111
16 0.232465934070009
16 0.165424862658829
16 0.256210048967363
16 0.181941453037465
16 0.181427883972550
16 0.140237154015365
16 0.223368314524072
16 0.217821818814696
16 0.152134941819955
16 0.214032992906469
16 0.255496821456576
16 0.281634789987139
16 0.309059744657963
16 0.232902499538615
16 0.360522283293103
16 0.264544931774576
16 0.156826242848408
16 0.174423584249102
16 0.274301868921420
16 0.273381932072847
16 0.316188589441148
16 0.216420613306489
16 0.193784642969816
16 0.350853835181626
16 0.159657326957923
16 0.223880718626342
16 0.218205065458386
16 0.272190688836136
16 0.213701180510981
16 0.277094705540537
16 0.184898898215812
16 0.305824240224994
16 0.179108252566090
16 0.173571676391675
16 0.129936134658577
16 0.189591736634614
16 0.339649650201554
16 0.272987853554127
16 0.150378573836179
16 0.385249934970549
16 0.169514750245000
16 0.199461119217289
16 0.243380173066438
16 0.209975014350397
16 0.181871276524461
16 0.147966816297195
16 0.350428198270294
16 0.231159340145985
16 0.249266735478517
16 0.240357001531250
16 0.314872980914982
16 0.208160178634633
16 0.313203628507669
16 0.368924047071412
16 0.214350330054795
16 0.197123278652177
16 0.237395269602490
16 0.238887542714881
16 0.239842302851371
16 0.204706288272957
16 0.203653989479728
16 0.255332137176787
16 0.157034348454891
16 0.312300354234290
16 0.477381121781640
16 0.203793184212501
16 0.192653973553439
16 0.336986557307339
16 0.212695295957215
16 0.523721394668009
16 0.165980736878053
16 0.359815795402938
16 0.339938174519978
16 0.347231571239260
16 0.113327975594491
16 0.156340681810355
16 0.415020967583724
16 0.266502544759974
16 0.170131707110806
16 0.241624095607883
16 0.405971452155923
16 0.138393928022825
16 0.170280487807327
16 0.304056088402076
16 0.256541837516162
16 0.138626717882940
16 0.135644023283079
16 0.436349898377583
16 0.208247530860576
16 0.175554192901953
16 0.317533592463633
16 0.186285867288634
16 0.234252854247884
16 0.147923544406439
16 0.387845600564656
16 0.136714047924834
16 0.273112780370853
16 0.411439045218607
16 0.133071228965222
16 0.300325896702248
16 0.257559328499551
16 0.360657516400552
16 0.212336941525023
16 0.254992479777933
16 0.453708614339484
16 0.303658229764985
16 0.339775079510815
16 0.167131419946456
16 0.420304322134128
16 0.201292466310431
16 0.200859284922482
16 0.155177528806541
16 0.263615306684368
16 0.303910323883027
16 0.197329522214001
16 0.230075952554525
16 0.224956766689691
16 0.182488693589359
16 0.178232263663779
16 0.160710672309647
16 0.237160493494790
16 0.356328092463261
16 0.197228260046116
16 0.231349578019982
16 0.468643176365242
16 0.097232695443831
16 0.287024926611842
16 0.366755351907819
16 0.306973350255585
16 0.193070645361173
16 0.211895015152692
16 0.316416498421978
16 0.224455834786138
16 0.108479263732234
16 0.150203710289226
16 0.281839540608943
16 0.223654129478830
16 0.180313488184263
16 0.159773574059050
16 0.226406609205887
16 0.104074091191661
16 0.140041774741625
16 0.206957392288572
16 0.296482131021381
16 0.276287588114982
16 0.370216196873256
16 0.182567087038695
16 0.213315897053128
16 0.116650026157989
16 0.331217209129600
16 0.369803094627323
16 0.288699714999818
16 0.248198064956769
16 0.215226984622341
16 0.338407632364526
16 0.161870372042502
16 0.139676673719629
16 0.173736448274410
16 0.176027109081848
16 0.276734810220949
16 0.273274713714514
16 0.372188789204354
16 0.219718636648439
16 0.284827468746535
16 0.165237951478727
16 0.163574074645566
16 0.467550560817402
16 0.218152497935919
16 0.383733254774893
16 0.328363386672724
16 0.160969098367938
16 0.500981963864854
16 0.263468482538677
16 0.246081514195881
16 0.119047289490276
16 0.185866430277249
16 0.181094480097165
16 0.258035928406451
16 0.178896544511302
16 0.133269027835481
16 0.123355290717163
16 0.261083542306545
16 0.180294379084692
16 0.349707737638703
16 0.243726193718827
16 0.248934943778880
16 0.208425728626483
16 0.150215219525118
16 0.202461211909251
16 0.253112655577249
16 0.195794914200004
16 0.227804161122531
16 0.198023872500368
16 0.175460995505131
16 0.171700095512428
16 0.249850470226031
16 0.227605986174348
16 0.139611492606782
16 0.192851534433433
16 0.250680053727946
16 0.164546364133590
16 0.256461131275637
16 0.273291472931232
16 0.467194283329372
16 0.269043819695975
16 0.224389777866746
16 0.166124241577866
16 0.341674764973924
16 0.208722273977751
16 0.241352546587943
16 0.345361385100095
16 0.370665566285128
16 0.251122942510085
16 0.349470765513995
16 0.206056600759451
16 0.269591244502280
16 0.146627075265148
16 0.196469225006128
22 0.759795569480731
22 0.884729308082193
22 0.736196605590425
22 0.388152842954143
22 0.879966486856465
22 0.651795676638325
22 0.510437782899549
22 0.623010360313283
22 0.876885855412309
22 0.820725660165213
22 0.734968585851744
22 0.993791081072736
22 0.664748072430115
22 0.458645388670583
22 0.870127959842329
22 0.953346326065539
22 0.784945501637994
22 0.541345304183056
22 0.639641823904751
22 0.996955056939753
22 0.707454064677874
22 0.489230590830444
22 0.699474806214097
22 0.614136825704144
22 0.821629652280490
22 0.624950199048652
22 0.769574555089019
22 0.739640432332956
22 0.563784085863880
22 0.955175996004098
22 0.999194903524975
22 0.670085105033719
22 0.344664529265620
22 0.330358978616131
22 0.518812120403355
22 0.812623953970381
22 0.328131064091386
22 0.715730476797330
22 0.500359861869249
22 1.137782164694566
22 0.523459180453063
22 0.380192489197381
22 0.334761365814238
22 0.830765635145516
22 0.503198483418492
22 0.451845613795529
22 0.440316281173679
22 1.313435945814699
22 0.574061268631496
22 0.796286237537030
22 0.959208320837749
22 0.937984949253012
22 0.804362716325429
22 1.068804913040847
22 0.886319505049788
22 0.804802733933078
22 0.373343847844537
22 0.490376276134148
22 0.536408131207018
22 0.575803807680497
22 0.472864820016928
22 0.938989194559688
22 0.836318173045483
22 0.652505547205766
22 0.475749251788059
22 0.371250939797881
22 0.652075262334588
22 0.439702615346660
22 0.326309050841819
22 0.512107814087884
22 0.443348822965686
22 0.454741469002463
22 0.714959004372647
22 1.068608336762813
22 0.972821681725448
22 0.417934939662685
22 0.491444538185527
22 0.706714132069903
22 0.680442048810608
22 0.721169156558923
22 1.009846904491535
22 1.061296118569474
22 0.436704767961701
22 0.582111772576329
22 1.031002258911679
22 0.502497074266596
22 0.791437032423073
22 0.615371628518909
22 0.589567694386553
22 0.415246688223618
22 0.708402849411863
22 0.490869426696329
22 1.181920774756597
22 0.736361823814338
22 0.789069112244405
22 0.498486605487892
22 0.760747387992192
22 0.663242719055512
22 0.398849787088314
22 0.583442341450713
22 0.827678253368283
22 0.692140830857435
22 0.608930928519648
22 0.403912740311749
22 0.862297014351875
22 0.473808082529378
22 0.497685659269250
22 0.421299562692382
22 0.331848982184834
22 0.303994690889485
22 0.815939203891563
22 0.678131826921101
22 0.630113938449831
22 0.549130149540511
22 1.086336859482499
22 0.547063429844267
22 0.506029656894595
22 0.625937967290790
22 0.611883050525922
22 0.684241354731836
22 0.569108750574619
22 0.494000847437358
22 0.320503353932776
22 0.689966664291253
22 0.605772519214353
22 0.732265956768224
22 0.657968192895722
22 0.887863791820156
22 0.545436033381540
22 0.683103563811498
22 0.320856858666464
22 0.476977479620839
22 0.514559610378343
22 0.454186752939960
22 0.891949205992875
22 0.517648469771125
22 0.545704807093975
22 0.385136331798788
22 0.456479856504040
22 0.827062204145951
22 1.033487901022269
22 0.694838984866249
22 0.538063069537171
22 1.248820861589010
22 0.544022472410910
22 0.415151632862036
22 0.467757840495896
22 0.545176567779214
22 0.546378220569327
22 0.712749218276305
22 0.287553695800434
22 0.774937088935354
22 0.626862278268333
22 0.592983857979622
22 0.272037503429195
22 0.429971451173590
22 0.925766701025294
22 0.851180375088338
22 0.615742941699333
22 0.853135809155845
22 0.427518766427796
22 0.445780828035325
22 0.433635916547692
22 0.452124054181841
22 0.641353630235995
22 0.392004140334693
22 0.526851587843186
22 0.535938287018471
22 0.369370780852397
22 0.469471070317787
22 0.711059609417313
22 0.680034861911349
22 0.672172532430698
22 0.381999812725480
22 0.567569735656027
22 0.791852503789229
22 0.351294731957560
22 0.356796107970621
22 0.660233129645510
22 0.877885981130736
22 0.479228584844051
22 1.099495707201920
22 0.639055291556152
22 0.616860346950952
22 1.097915643198510
22 0.832366602792145
22 0.760898871154840
22 0.461149394656884
22 0.651856487932839
22 0.802918665830934
22 0.490750024892916
22 0.584867284087883
22 0.549803840936786
22 0.744293464670628
22 0.566449602737390
22 0.474339743082752
22 0.768192022627005
22 0.342483696830753
22 0.569131282286313
22 0.719809293408754
22 0.648704956688070
22 0.498257468333177
22 0.708738062244431
22 0.512424783550200
22 0.526485595472129
22 1.251770805162034
22 0.582446790690001
22 0.825404166324746
22 0.597224029753719
22 0.348847676475578
22 0.808847145823093
22 0.454313572964676
22 0.696592539949006
22 0.534624513392104
22 0.624007691617511
22 0.618446678414041
22 0.862731794378348
22 0.544291416629873
22 0.677411474273407
22 0.972132652470910
22 0.441036664131240
22 0.490385719633275
22 0.529949669184338
22 0.415813753353654
22 0.897180189415691
22 0.807425332559803
22 0.870271745547645
22 0.592087605574402
22 0.499202105670103
22 0.506596304447942
22 0.418136802269940
22 1.316641759873820
22 0.587406283217213
22 0.593116090530053
22 0.771958185396022
22 0.752945775415896
22 0.404537533573069
22 0.336103346835514
22 0.835513687448421
22 0.476090660438383
22 0.716311136124651
22 0.452858678098921
22 0.746649439552159
22 0.714527466337942
22 0.475853995896284
22 0.468456354283774
22 0.488490691409029
22 0.801300510437816
22 0.375971201804815
22 0.729948849166949
22 0.535436548867134
22 1.352201675487612
22 0.472294250329090
22 0.486773303400613
22 0.415189115031306
22 0.694335353509611
22 0.709949220869064
22 0.437078682540708
22 0.471257203957199
22 0.963474619106012
22 0.731593758166319
22 0.571605519900398
22 0.383045909222893
22 0.592650161661051
22 0.425160880959287
22 0.421712772464591
22 0.476247578718874
22 0.639491703826307
22 0.438964477129433
22 0.320992934985190
22 0.388200130921113
22 0.770065851895136
22 0.449345563502422
22 0.461596578380385
22 0.458852577716867
22 0.713829413260841
22 0.545050146249496
22 0.717201580175446
22 0.891938504645928
22 0.857911090894348
22 0.652584476283154
22 0.713291555514340
22 0.869175750480083
22 0.529617030710146
22 0.977846096965088
22 0.991172884767051
22 0.472007555557889
22 0.664867011355599
22 0.561648093946674
22 0.438233983299634
22 1.027546938760366
22 0.724417420930707
22 0.498122007704951
22 0.783025803453658
22 0.544650635755039
22 1.072219100818419
22 0.904679044929397
22 0.615141929446248
22 0.429751623356694
22 0.752539965555337
22 0.790564721385844
22 1.086865327039532
22 0.725784233475144
22 0.941349207753615
22 0.542756971024538
22 0.357676470212990
22 0.662658300680860
22 0.402791462213089
22 0.446351353826544
22 0.481519674205349
22 0.486797610163078
22 0.859609711494718
22 0.464428150773235
22 0.941085379414849
22 0.600998212281438
22 0.632055581249620
22 1.305588633102875
22 0.597340933629216
22 0.930377981584324
22 0.782979725186547
22 0.798509134624897
22 0.859373924036203
22 0.948570203042388
22 0.583498495151984
22 0.819592996160197
22 0.692258266498554
22 0.420804248033778
22 0.573273529075677
22 0.481300486220845
22 0.865861336333916
22 0.577964992750021
22 0.623861121317387
22 0.966727650878592
22 0.507428129265619
22 0.832408037822905
22 0.623525441767399
22 1.187978425351893
22 0.579712326581887
22 0.594519325534043
22 0.875674903534276
22 0.531076125798363
22 0.873234234044535
22 0.762546555840591
22 1.427579815920545
22 0.602616035659418
22 0.741065109910899
22 0.553259393064887
22 0.402486083741504
22 0.374594690135066
22 0.733814857717109
22 0.815255209391010
22 0.637548258684106
22 0.479692791587264
22 0.599728185752637
22 0.683085896197004
22 0.639384142203139
22 0.672280204381821
22 0.592237765929246
22 0.518971549207516
22 0.514862792710176
22 0.796586109202103
22 0.714134527836080
22 0.556235311519481
22 0.898705108580485
22 0.762972918582902
22 0.410174678989645
22 0.709806845490384
22 0.336407495968014
22 1.084319461537227
22 0.699584914801999
22 0.891768899396953
22 0.740190846198644
22 0.481723685153212
22 0.813152326625304
22 0.748119201592115
22 0.453723627456226
22 0.419212644764950
22 0.639595125144915
22 0.303257920193926
22 0.551417060067768
22 0.303459166259331
22 0.610698403713347
22 0.461667783586375
22 0.297724448970130
22 1.092014827570909
22 0.470820848306154
22 0.466217598452544
22 0.544184871880567
22 0.663875719413975
22 0.423509188886558
22 0.527737688779329
22 0.436022190208668
22 0.276399838844041
22 0.627841349281771
22 0.569391357533710
22 0.684888323993230
22 0.562704677781121
22 0.860862298130858
22 0.340262559526330
22 0.400434751097454
22 1.114762931586360
22 0.633234454351802
22 0.749882326016071
22 1.118379860812939
22 0.774164384291374
22 0.752391491836937
22 0.978219956482496
22 0.908711639569423
22 0.801556537869644
22 0.731442708533903
22 0.407457491852164
22 0.858193335113684
22 0.545730809294171
22 0.634789311640801
22 0.423953249413451
22 0.979712374238710
22 0.555378856156640
22 0.466425876637875
22 0.538846536834147
22 1.072597813791597
22 0.509905986417839
22 0.455654818704490
22 1.036338579853439
22 1.109697279157747
22 0.394153567660089
22 0.354537815640806
22 0.650309837236616
22 0.971279521277554
22 0.808142277142447
22 0.670283517110568
22 0.589473540666347
22 0.598064994995357
22 0.737472776856677
22 0.324195733054840
22 0.590238259235129
22 0.455551729891523
22 0.710545015205392
22 0.913101245456629
22 0.608832836130442
22 0.726500866142579
22 0.626477825567738
22 0.524453492794911
22 1.069918214675782
22 0.762444920298010
22 0.899567603403309
22 0.585637434707451
22 0.660938196226253
22 0.739192775289574
22 0.317389559695165
22 0.908634282437166
22 0.790564721385844
22 1.086865327039532
22 0.725784233475144
22 0.941349207753615
22 0.542756971024538
22 0.357676470212990
22 0.662658300680860
22 0.402791462213089
22 0.446351353826544
22 0.481519674205349
22 0.486797610163078
22 0.859609711494718
22 0.464428150773235
22 0.941085379414849
22 0.600998212281438
22 0.632055581249620
22 1.305588633102875
22 0.597340933629216
22 0.930377981584324
22 0.782979725186547
22 0.798509134624897
22 0.859373924036203
22 0.948570203042388
22 0.583498495151984
22 0.819592996160197
22 0.692258266498554
22 0.420804248033778
22 0.573273529075677
22 0.481300486220845
22 0.865861336333916
22 0.577964992750021
22 0.623861121317387
22 0.966727650878592
22 0.507428129265619
22 0.832408037822905
22 0.623525441767399
22 1.187978425351893
22 0.579712326581887
22 0.594519325534043
22 0.875674903534276
22 0.531076125798363
22 0.873234234044535
22 0.762546555840591
22 1.427579815920545
22 0.602616035659418
22 0.741065109910899
22 0.553259393064887
22 0.402486083741504
22 0.374594690135066
22 0.733814857717109
28 0.729565565768061
28 1.475192579580614
28 1.450484571704563
28 0.792147368038916
28 0.785105310857140
28 1.100984341064621
28 2.765401388464164
28 1.725918800819569
28 2.310063617105536
28 0.824079901635139
28 1.344715541647803
28 1.448844451367473
28 1.141022831477181
28 1.696353033757391
28 0.582306366395419
28 2.584621437911243
28 1.460581824002539
28 1.051084319859571
28 1.166741164807087
28 1.229259774559731
28 0.768068541184861
28 0.974630832233436
28 1.284293225107128
28 1.299661856587853
28 1.138464729950406
28 1.726567460988561
28 1.389020753227680
28 1.061712044416228
28 0.975039630246803
28 0.514446996565446
28 3.304775597751695
28 1.675154869020093
28 1.252467486889163
28 1.593677184020587
28 1.295418112069175
28 0.992392506514519
28 1.248376331645523
28 1.722029825728480
28 1.817597906326742
28 0.786032405957044
28 1.696432570460171
28 0.922165707760111
28 1.773441625574747
28 0.975620842643884
28 1.625299473545697
28 1.961963090136246
28 1.373632568702968
28 1.238873331538144
28 1.266834213580329
28 1.152087754032251
28 0.629364734676130
28 1.132232963106349
28 1.300454423638143
28 1.156624517545954
28 1.105950118384433
28 1.708464197996774
28 1.035683474203957
28 1.419729752284573
28 1.261946156978418
28 1.397104062912446
28 1.251949974010267
28 0.772803093972516
28 1.150039077843565
28 1.179113725238665
28 2.098617895214578
28 1.179103991823235
28 0.972483641217708
28 1.030884067927058
28 1.104382694328353
28 0.935306733812170
28 1.727192777882393
28 2.020990643144141
28 1.740889107412714
28 1.052098054454598
28 0.835638896206100
28 1.516447434469580
28 0.744965644584396
28 1.081038978891462
28 1.699025328634943
28 1.010565790412000
28 0.791906286038198
28 1.314669231237736
28 1.391016252072278
28 2.006318519401831
28 2.795394382488011
28 0.922166051444715
28 0.821980208897872
28 0.900336783513357
28 0.823573872822270
28 1.034499185724798
28 2.103324179443680
28 2.019334608216187
28 1.748920539452225
28 1.662071887613520
28 1.319553275709316
28 0.460264230593213
28 1.245243904346157
28 1.034955313287374
28 1.519651009492065
28 0.964551731767102
28 1.145567002435616
28 1.582812005300722
28 1.764395196502119
28 1.593570843979190
28 1.661607936175383
28 1.051251880819041
28 1.106956402074936
28 1.396450522582999
28 1.808559078126217
28 1.044363244347077
28 0.667969050282243
28 1.806830715463130
28 1.094902999440444
28 2.157722220183761
28 1.200826773827579
28 1.810225533917314
28 0.968059249730620
28 2.629328199923183
28 0.680863235224122
28 1.606035720813791
28 1.242615614380433
28 1.299393883700428
28 1.204755369105693
28 1.479820329307830
28 1.494310473338820
28 1.021138268585641
28 1.234140271096297
28 1.064506178758243
28 1.736041814704916
28 1.140626870743091
28 1.669742493504796
28 1.385417323182715
28 0.814643783937403
28 0.879395062318617
28 0.802536120115463
28 0.998346880765316
28 0.934695085728037
28 1.395265226128950
28 1.772941730541111
28 1.772542974430557
28 0.928375453989624
28 1.213827987837020
28 0.806748286581886
28 0.957938470707351
28 1.102409757421944
28 0.891383222008194
28 1.710903525361677
28 1.141505302524098
28 1.121138685570501
28 1.271043956093721
28 0.629364734676130
28 1.132232963106349
28 1.300454423638143
28 1.156624517545954
28 1.105950118384433
28 1.708464197996774
28 1.035683474203957
28 1.419729752284573
28 1.261946156978418
28 1.397104062912446
28 1.251949974010267
28 0.772803093972516
28 1.150039077843565
28 1.179113725238665
28 2.098617895214578
28 1.179103991823235
28 0.972483641217708
28 1.030884067927058
28 1.104382694328353
28 0.935306733812170
28 1.727192777882393
28 2.020990643144141
28 1.740889107412714
28 1.052098054454598
28 0.835638896206100
28 1.516447434469580
28 0.744965644584396
28 1.081038978891462
28 1.699025328634943
28 1.010565790412000
28 0.791906286038198
28 1.314669231237736
28 1.391016252072278
28 2.006318519401831
28 2.795394382488011
28 0.922166051444715
28 0.821980208897872
28 0.900336783513357
28 0.823573872822270
28 1.034499185724798
28 2.103324179443680
28 2.019334608216187
28 1.748920539452225
28 1.662071887613520
28 1.319553275709316
28 0.460264230593213
28 1.245243904346157
28 1.034955313287374
28 1.519651009492065
28 0.964551731767102
28 0.828327012641808
28 1.183285864339793
28 1.340054902412774
28 1.072670353601842
28 1.748035043275374
28 0.926289393186542
28 1.370852660169875
28 1.755525038542001
28 1.121355489346806
28 1.155229531091737
28 0.947006164727616
28 1.394854115098482
28 1.296977573585841
28 1.245036671228056
28 0.926052699708952
28 0.705438186334595
28 1.843842832839045
28 1.689574883069461
28 1.951797173953261
28 1.269078980156910
28 0.934971222172940
28 2.042257211900858
28 2.207212970029543
28 1.055710186733060
28 1.410683806454511
28 2.301972961226960
28 1.766655545617955
28 1.037181812973907
28 1.643488116197781
28 1.128857345503271
28 1.033825487352932
28 1.100335651931260
28 0.861860563420962
28 0.692521607283881
28 1.039310322449634
28 1.021975198656096
28 2.568364179955361
28 1.390910846383945
28 1.440837824385227
28 1.104967807624116
28 1.339416675638809
28 0.839514591373656
28 0.827080197038936
28 1.158078881567360
28 1.621310460430874
28 0.960590962884588
28 0.939329813722000
28 0.895896968864243
28 2.088355720709052
28 0.779049060084100
28 0.629364734676130
28 1.132232963106349
28 1.300454423638143
28 1.156624517545954
28 1.105950118384433
28 1.708464197996774
28 1.035683474203957
28 1.419729752284573
28 1.261946156978418
28 1.397104062912446
28 1.251949974010267
28 0.772803093972516
28 1.150039077843565
28 1.179113725238665
28 2.098617895214578
28 1.179103991823235
28 0.972483641217708
28 1.030884067927058
28 1.104382694328353
28 0.935306733812170
28 1.727192777882393
28 2.020990643144141
28 1.740889107412714
28 1.052098054454598
28 0.835638896206100
28 1.516447434469580
28 0.744965644584396
28 1.081038978891462
28 1.699025328634943
28 1.010565790412000
28 0.791906286038198
28 1.314669231237736
28 1.391016252072278
28 2.006318519401831
28 2.795394382488011
28 0.922166051444715
28 0.821980208897872
28 0.900336783513357
28 0.823573872822270
28 1.034499185724798
28 2.103324179443680
28 2.019334608216187
28 1.748920539452225
28 1.662071887613520
28 1.319553275709316
28 0.460264230593213
28 1.245243904346157
28 1.034955313287374
28 1.519651009492065
28 0.964551731767102
28 0.481161659377453
28 0.823087629206836
28 1.335489516546732
28 2.060228309643032
28 1.261811032537202
28 1.256150528048941
28 2.062801268919400
28 1.436799657163474
28 1.298351173307439
28 0.934680327291241
28 1.201124508270894
28 1.005536812034754
28 2.126615185712509
28 2.417798235246997
28 1.467014041525832
28 2.106494713140824
28 1.723888828180201
28 0.647180060202062
28 0.994077322574805
28 1.695444323850589
28 1.547334360298215
28 1.501787165734367
28 1.839540545594179
28 1.031841351715745
28 1.027039272806436
28 1.791196991442368
28 0.895749508578806
28 1.136997670661710
28 1.130443582907870
28 0.689133904650529
28 1.942168441908431
28 0.944497637826225
28 0.665870742552808
28 1.280644356469635
28 1.704546722864877
28 0.950389246342938
28 1.593630974934640
28 2.113038973397486
28 1.270090750333700
28 1.650335197904879
28 0.746683880684588
28 1.925938866967438
28 1.138530489895342
28 1.051782963573526
28 1.086057330878583
28 1.025794780709024
28 1.091009879138388
28 1.182391803988312
28 0.922035930700429
28 1.097434140400233
28 1.821618885550128
28 0.688559029658307
28 0.931722687355960
28 1.910804282371462
28 1.779088328585285
28 1.045733493524402
28 1.298016662846052
28 1.114499755503871
28 0.996420920967766
28 1.056260455725934
28 1.692109415993125
28 1.422383776761381
28 1.024427337209803
28 1.271771561883924
28 1.152624768622793
28 2.442508871250819
28 1.216314728593992
28 1.550068134794616
28 2.475026415163655
28 0.899828932469980
28 1.289262214808131
28 0.819949268820786
28 1.039012565452788
28 1.341569380753523
28 1.025264102241840
28 0.561398608284144
28 1.137432752021729
28 1.775198060434526
28 0.949289819558098
28 1.344152069171058
28 1.767231425101073
28 0.804412993597591
28 1.046119023150585
28 1.162535494915354
28 1.403893964116405
28 1.275365738454959
28 1.357554260428718
28 1.091514579103307
28 1.173087653758309
28 1.047149273666070
28 0.998112188006739
28 1.140140463137303
28 1.098135070746612
28 2.522065144180770
28 1.559336811128926
28 1.815552448081799
28 1.334685519905899
28 1.587480834886038
28 1.098590920120306
28 0.917373724182172
28 1.771781764838071
28 1.431525088381261
28 1.376133181826410
28 1.847831595723619
28 1.660088042764443
28 0.732538107843674
28 1.148278437075832
28 2.726187593525768
28 1.717733605283168
28 0.853421949295041
28 0.809122896553733
28 0.907067891083139
28 1.174963064105758
28 1.490210663465528
28 1.124269318123269
28 1.754976488885785
28 1.459821671420625
28 1.218882903972602
28 0.844339719677193
28 1.256662197338471
28 1.665171496606128
28 0.872616908870324
28 2.298795179587815
28 1.758073569242232
28 1.109899354301151
28 1.138128514528213
28 1.039434316556866
28 1.151456478419002
28 1.250223027124004
28 0.852316443129216
28 1.595756469771015
28 1.611959481037772
28 1.058958627068927
28 1.553820435048915
28 0.938899496973193
28 1.299174933192283
28 2.011107850389347
28 1.093206206750699
28 1.984180853079750
28 1.038321592959279
28 1.596131825927428
28 1.269002426585969
28 0.746171702220909
28 1.875423693056963
28 0.822353265622470
28 0.925559245742921
28 1.871978455041075
28 0.872315689472567
28 1.103656490495950
28 1.090974243329972
28 0.743055991319800
28 0.920384809023273
28 1.546989608344565
28 1.364209785369983
28 1.539294335609369
28 0.909044522479722
28 1.543696591958869
28 0.829562667786043
28 0.998469425618005
28 0.687885099044469
28 1.072772804973618
28 1.442302950625765
28 1.204047862078015
28 1.679938096337692
28 0.775897882810138
28 1.344024472976825
28 1.676016088078428
28 1.325305788275708
28 1.137510044956012
28 1.216144060925632
28 1.547605458016283
28 2.535387513577900
28 1.019594299620546
28 1.321893344777889
28 1.484673065167445
28 0.889230125872321
28 0.896966081601073
28 1.300736860404083
28 0.825140478785213
28 2.477687518071928
28 0.812793604856696
28 1.066612257468051
28 0.930181827235396
28 1.644832059882875
28 2.049312873581938
28 0.986783129403034
28 0.814344754081657
28 0.822691476897026
28 2.513643039122977
28 0.952729525229316
28 1.546361241976357
28 0.905991382603412
28 1.078964929792193
28 0.783612775638164
28 0.670154502941495
28 0.864685906638824
28 2.122943359908578
28 1.228991167660948
28 2.252757160879792
28 1.160402226622912
34 1.607644437356236
34 1.136127335688318
34 1.504145231061999
34 1.301043380171529
34 1.223681896540536
34 1.577012096573935
34 2.927896053884353
34 1.342538292057674
34 1.658036064803581
34 2.233659174346756
34 2.322764214714042
34 1.466220495542633
34 1.286018309658095
34 1.869516232575201
34 2.511177964998315
34 2.053667303753750
34 1.494743582545482
34 3.037264716812458
34 1.292038619527921
34 1.731588822167534
34 2.211991271291705
34 2.147426674739671
34 2.846974485954335
34 1.274424459636307
34 2.535795278032262
34 1.303286062693896
34 2.809510951989061
34 1.882415421235317
34 1.375645694353982
34 2.240598832823831
34 2.903337849370049
34 1.480300525684501
34 2.170706433635925
34 1.356477269174182
34 1.470795037947853
34 3.147599172463302
34 1.674671941210575
34 2.794804700534990
34 2.568969361001034
34 1.689726366371740
34 2.156339916849344
34 1.328576771389701
34 1.416273039080803
34 1.866167716916037
34 2.930606808957215
34 1.940526778313576
34 1.180255390444909
34 1.072429413754575
34 2.206827046487835
34 1.821979918120638
34 1.362909879623147
34 1.767171908211586
34 2.405332512717679
34 2.307020450816786
34 2.636598205384015
34 2.025598400492257
34 1.295138632965033
34 2.403253466929190
34 2.302021999735436
34 1.684392501477878
34 3.051233982055527
34 2.373605962950827
34 1.878707230067315
34 2.042243461791361
34 3.983803846790432
34 1.517083195365088
34 2.571725586399004
34 1.699446363990091
34 2.140753418843017
34 1.063419082193564
34 3.118670150374073
34 2.699085409400473
34 1.967163067822200
34 1.487173404750423
34 1.665565138214891
34 2.419869414289771
34 1.749228077582496
34 3.100057037295502
34 1.734310124305618
34 2.724862019383816
34 1.279691786398018
34 1.144513992830186
34 1.888691598329042
34 1.625967749295817
34 2.799670503627077
34 2.614020152622382
34 1.080851860120567
34 1.501388704598176
34 1.584835315962747
34 1.452147215026828
34 4.297186270252289
34 1.845830407571767
34 2.154283685604492
34 1.293830935364871
34 3.246486375585439
34 2.224303147427769
34 1.264345674078644
34 1.985004226717072
34 2.963793837553635
34 1.814488834525470
34 1.596620846384675
34 2.031747449572811
34 1.301380305396370
34 2.224281619756499
34 2.708061907214161
34 2.898903073576999
34 1.661061239308738
34 1.679403332142626
34 0.972153687189001
34 1.365296085691496
34 2.713020811889113
34 1.996220616366039
34 2.133658249649591
34 2.055882187372427
34 1.908000067405201
34 2.295716816523189
34 1.932921711990759
34 1.728271740232318
34 2.175308555559050
34 2.125479155737444
34 2.084625901733004
34 2.291304141594245
34 1.742115623088579
34 1.166941446849257
34 2.572618791392442
34 0.998336380329024
34 1.574073225862462
34 2.046287008079215
34 3.057182361334815
34 1.170729398207485
34 2.013679645834476
34 1.657819389028487
34 1.422254528353841
34 3.559350288605939
34 1.310513086865805
34 2.823713347030035
34 3.294767689979188
34 2.921972478851083
34 1.815519012171958
34 1.848441578957276
34 1.536535411947968
34 2.022511488835049
34 1.516660737531732
34 1.963106345262571
34 3.631904098671345
34 2.491286763863956
34 3.462843082047085
34 1.730172824234200
34 2.024981614937461
34 1.240429844571530
34 3.204958587649783
34 2.714158773028760
34 1.972976316367306
34 1.353213006795386
34 2.338265371052455
34 2.263146272621263
34 1.655376704936154
34 2.468292797734136
34 2.087856296834065
34 2.111889500192147
34 2.347399544785268
34 1.657071907539757
34 1.286405801550827
34 2.185988623428800
34 4.047292519381367
34 1.409125287267596
34 1.240670968534747
34 3.281059316041224
34 1.471603630264394
34 1.415165391242045
34 1.402943870500468
34 1.614505984613004
34 1.477258241278333
34 2.737793621754208
34 0.888189245830937
34 1.903392661687921
34 3.092442594898035
34 3.076632510213235
34 0.974040716340789
34 1.350536233945431
34 1.871188762210936
34 1.278703119998295
34 1.761208961361593
34 2.008271747243779
34 1.076016049227906
34 1.424220846820212
34 2.078177870671673
34 2.800687039398938
34 2.863725269949273
34 1.540811188311131
34 2.273252217357879
34 1.909840157602960
34 1.629687784539363
34 1.379302154473191
34 2.451114573194984
34 2.644145723436426
34 1.158134111356811
34 1.094301921845227
34 1.598350828820394
34 2.454037513424942
34 2.402050719477234
34 0.735324111882365
34 3.682803744257428
34 1.322080404922368
34 1.650531158915704
34 1.502533348128564
34 1.331019755559318
34 1.807736438713010
34 1.911334140032530
34 3.016574543949098
34 1.579255193817010
34 2.561027388741804
34 3.500653297384789
34 2.152360247734777
34 2.113434456864315
34 1.768172166291220
34 1.956479982806717
34 1.908503344106985
34 2.892273850676404
34 1.004170615753290
34 1.451605059222875
34 1.056069450074984
34 2.421130918975923
34 1.344269229490767
34 1.330485155344630
34 2.226630210171805
34 2.361852527544873
34 2.601730415329733
34 1.771212203774748
34 1.508275610394779
34 2.307969602111278
34 3.233263445393890
34 1.293398541067712
34 1.813838609372097
34 1.839882342476596
34 2.345906716645167
34 2.697537787630121
34 1.469801978803395
34 1.546145697364844
34 1.247187092294072
34 2.921027250606620
34 2.938792025667810
34 2.162680588612596
34 2.733192721024698
34 1.169025781580518
34 1.970610392600660
34 2.061007000733518
34 2.450685897481495
34 1.268814474481323
34 2.642844855730402
34 2.314051688893244
34 2.399348062048464
34 1.609892450822067
34 2.214325575459219
34 1.580192484468748
34 2.738316695814616
34 1.039058636733968
34 3.605422247400748
34 1.236839783360266
34 1.930824856133859
34 2.612328927217545
34 2.579496169686326
34 1.468535598691307
34 1.908145357041692
34 1.668794579879162
34 2.042044830032467
34 1.232052729248622
34 2.580082213685784
34 0.935563870082771
34 2.697728586917368
34 1.357644026176029
34 1.588373102098714
34 1.840596442483194
34 1.765988113101432
34 2.147890739513256
34 3.333760903446038
34 2.948959320037298
34 1.658466472677398
34 3.278163146664371
34 2.348558687855664
34 2.273743753758771
34 1.165242618774124
34 1.058208869285734
34 1.794216291275261
34 1.858116519216003
34 1.616779200199941
34 1.608414236513227
34 1.440097834928196
34 1.866086824288826
34 2.023382609370453
34 1.766105042723936
34 4.016738113247422
34 2.256585105483933
34 2.363643028295561
34 1.245799128793233
34 1.478190949997598
34 1.906026455291770
34 2.354544934425086
34 2.237888433331533
34 2.535490788010811
34 1.734922120563573
34 2.290660051091604
34 2.714142294555733
34 1.682649236323193
34 3.874844655901361
34 1.951196153456552
34 1.113575655840849
34 1.868328316851157
34 1.175192588973798
34 1.627466694574914
34 1.851471095773515
34 2.052538693464851
34 2.940879266506445
34 1.430798807684229
34 3.196918572637815
34 1.615589848249062
34 1.808717456322514
34 1.156168667020952
34 2.632097326132221
34 2.115211661845796
34 1.767779238153511
34 1.598102641040239
34 1.897074239177961
34 3.003538682424399
34 1.602611235061712
34 3.587521532055376
34 2.513768669634797
34 2.632066522993265
34 1.994080177925767
34 2.291346937726741
34 1.349674911848949
34 2.866217252231839
34 1.176857033701269
34 2.050133347593080
34 1.809778329127813
34 2.016990908801678
34 0.949906078651306
34 2.818872780691972
34 2.880686353359964
34 2.035843089835278
34 2.621555309550786
34 2.049707349160274
34 1.328782988321765
34 2.004621909243860
34 1.576863337735876
34 1.296918537509776
34 1.321246239451984
34 4.028101835789283
34 1.856377332192787
34 1.583034593997844
34 1.605385753325745
34 1.236400851402899
34 1.780676441545720
34 4.147109096757106
34 1.120300772882306
34 3.492472450273910
34 2.352495046403394
34 2.745427757095534
34 2.331091817790429
34 1.661842714418663
34 2.256199052585439
34 1.269349532757349
34 1.661765090212840
34 2.242226856740128
34 2.442679685052976
34 2.776569972568338
34 1.115965560138771
34 1.069932274912669
34 1.046136157765674
34 3.035430647903319
34 2.069298223397099
34 2.772864213013317
34 3.814646680951418
34 1.405423950676406
34 1.820747641758078
34 3.687740233999313
34 1.846887713270941
34 1.365913381105524
34 2.301373762309852
34 1.897434502611375
34 1.685607150643525
34 1.561134120625099
34 1.369299726128863
34 2.158519915750362
34 2.173437967601537
34 1.546969434524947
34 1.583472660337597
34 2.430439333637220
34 2.737781630323694
34 0.840724867392629
34 1.504251002551752
34 1.633739946784335
34 2.730322891907323
34 1.917594855510749
34 1.375288331519226
34 2.578214750061483
34 1.543416925812675
34 1.160926369346071
34 1.856638391334544
34 2.642167797919899
34 1.559335494295200
34 3.373210517036391
34 1.732506416599663
34 0.984798172563283
34 1.621521897693087
34 2.853984932457061
34 2.858043683303735
34 3.131520817397558
34 2.776143300748657
34 1.301140650289432
34 2.446276531065900
34 1.143217170603538
34 1.479665786550726
34 1.390996112119177
34 1.325023471363913
34 1.983728992262408
34 1.349196586504899
34 1.485076517489820
34 1.825410502183522
34 1.482859046135918
34 3.050213288217495
34 2.219199489680245
34 1.346806820221946
34 2.263824277681783
34 2.457818381248676
34 1.738803433207521
34 1.682774213778847
34 1.612386198178002
34 2.916704712273967
34 1.597607027539954
34 2.280987082463135
34 1.589805299193706
34 1.440640574264353
34 2.781823764153391
34 3.156815827228413
34 2.125789971134203
34 1.917401848148801
34 2.293217325323911
34 3.221862275942661
34 3.608138004759946
34 1.497297425976233
34 1.284669674498695
34 1.580583081520669
34 2.465693619579862
34 2.812583272283672
34 1.736097983269654
34 1.127718250377530
34 1.468221662202613
34 1.365116938160642
34 3.522085749033743
34 2.261998958938710
34 2.149892775798267
34 1.435707894721667
34 1.403984372622423
34 2.094191585803006
34 1.756628800143660
34 1.315192343631413
34 2.529925409964981
34 2.642690866449688
34 2.934107706363057
34 1.925694487658665
34 1.823894123761063
34 1.585955511659656
34 1.957438584938417
34 1.522948029699278
34 1.260186585976935
34 1.452535820496434
34 2.749900991364976
34 2.210381266151385
34 1.583604869226964
34 1.954618850995574
34 1.423110576575910
34 1.078382541096679
34 1.510855768352731
34 2.109249903006534
34 1.512918447600889
34 3.014915337807282
34 1.506079972583438
34 4.057298244290409
34 1.662681364429742
34 1.320413941427323
34 3.247415626716640
34 2.828715244778315
34 2.456494823351520
34 2.863358074830982
34 1.342606209435727
34 1.950115603262935
34 2.066021164940925
34 3.411607507979581
34 1.117924099284622
34 1.488801816334195
34 1.459875000739475
34 1.963200794415311
34 0.966144518866070
34 2.034405837384782
34 1.700597158760533
34 1.593478572051231
34 2.616046628141874
34 2.292207496317383
34 3.393885996084356
