10 0.018046954265100
10 0.017574392955282
10 0.026544352053341
10 0.045223028062206
10 0.018617902814451
10 0.025628499586629
10 0.031052827941762
10 0.024608317967845
10 0.027379112186353
10 0.037588436836281
10 0.034444503520626
10 0.028184091509596
10 0.021339178980305
10 0.018942639001475
10 0.033470642343608
10 0.029834868165763
10 0.015664228458406
10 0.037733388281016
10 0.034752554646196
10 0.043244995975992
10 0.032512678096945
10 0.019638655283824
10 0.027447080003588
10 0.031387153758572
10 0.020403880811962
10 0.014601979032490
10 0.018708861962905
10 0.036296121713956
10 0.014537448784955
10 0.018037995854693
10 0.023457514898895
10 0.025154049221336
10 0.038260495031673
10 0.023215164069796
10 0.048536455762543
10 0.021426699511446
10 0.029866169068039
10 0.039716742640910
10 0.024987416643443
10 0.022803540172643
10 0.027006547481095
10 0.024262634390470
10 0.030368320324804
10 0.038400810146880
10 0.027411572186623
10 0.022268361950712
10 0.034148217546525
10 0.028861241129494
10 0.030621795780116
10 0.013702795359177
10 0.025311932725889
10 0.032394605068493
10 0.024369459249054
10 0.042340217167023
10 0.015211715467077
10 0.029582769304076
10 0.024143680063529
10 0.025144515727344
10 0.018758989490529
10 0.035539656137622
10 0.018165829004063
10 0.022504257680465
10 0.034983535181768
10 0.036096645182719
10 0.025413007708839
10 0.019009454596878
10 0.026692065903241
10 0.023627194925890
10 0.027645251699863
10 0.018906369250056
10 0.034350613480566
10 0.029658537364286
10 0.018609100077896
10 0.017163085641871
10 0.023153194463881
10 0.040823885055484
10 0.013429457200006
10 0.020655196872933
10 0.029685485402673
10 0.020124225568276
10 0.026145047919412
10 0.043343299754848
10 0.035232883917919
10 0.028211621403863
10 0.023715215352923
10 0.024741453978556
10 0.029032892592796
10 0.024684912274445
10 0.026766321602767
10 0.016494442573673
10 0.027915486246187
10 0.015463821035090
10 0.026602831001679
10 0.027009759128272
10 0.053974492008018
10 0.039185307653062
10 0.031847010227403
10 0.035212340804617
10 0.034552262914374
10 0.034551758621972
10 0.024328807884952
10 0.021776290802667
10 0.040051107581653
10 0.035286312367280
10 0.017013437726050
10 0.045108311840206
10 0.020170110976279
10 0.016309622132402
10 0.031809642350948
10 0.023762395164290
10 0.036392159679248
10 0.025673011070493
10 0.025386111023483
10 0.016416775174660
10 0.019326006462287
10 0.022130618670654
10 0.036288289637388
10 0.029498121926733
10 0.025155241706956
10 0.018547381430947
10 0.032323471566074
10 0.023582830199326
10 0.038257155079094
10 0.024827347049459
10 0.020604582593104
10 0.021830324886141
10 0.027075799851009
10 0.022703019375414
10 0.006928575973528
10 0.020608076852383
10 0.015388581709637
10 0.010253608884044
10 0.028648293513920
10 0.010583933874452
10 0.011514438101306
10 0.022108602737870
10 0.021475882950187
10 0.030469381646560
10 0.032569522499822
10 0.017499387698857
10 0.033481384437733
10 0.029547748010312
10 0.027260969117326
10 0.022663913921722
10 0.026141973665190
10 0.028463189855635
10 0.035071489864619
10 0.025470837060335
10 0.029899140145462
10 0.013810942298507
10 0.020423983177419
10 0.011194180265150
10 0.011371904623473
10 0.019059946893446
10 0.021187042629801
10 0.028295164678601
10 0.016422707983985
10 0.019574150069449
10 0.024572773310381
10 0.043662007637959
10 0.026961795648092
10 0.022207151314220
10 0.019028008085305
10 0.022472940497153
10 0.022182579089624
10 0.031305121756093
10 0.026744880633665
10 0.022006911208478
10 0.017667642326909
10 0.025317088981176
10 0.024739161357989
10 0.022379871391330
10 0.022240107198602
10 0.026336220543400
10 0.018823797541780
10 0.039869866849743
10 0.015296410631824
10 0.031932754568595
10 0.028718432912147
10 0.021774538000834
10 0.025582249881298
10 0.028165984657547
10 0.013966631956160
10 0.023203739240937
10 0.015559916354055
10 0.030077029128455
10 0.024991060958776
10 0.026872972800593
10 0.041668547289155
10 0.021450285381092
10 0.013082528082075
10 0.040946567141241
10 0.030315388729058
10 0.017820848918762
10 0.015747463309172
10 0.033345270133941
10 0.029533198844224
10 0.033298853321858
10 0.026084823226017
10 0.020874310885416
10 1000000000000000019884624838656.000000000000000
10 0.031563912638457
10 0.026641745648919
10 0.026377232420948
10 0.019505126387453
10 0.018040914507026
10 0.033862729406692
10 0.029598772789722
10 0.028922116625559
10 0.017890556886949
10 0.036121952678062
10 0.024388253928905
10 0.036082363952721
10 0.012593363306638
10 0.029017805608291
10 0.028939361276221
10 0.038750280573006
10 0.030777803668350
10 0.025753929635892
10 0.026270478959969
10 0.014632090661737
10 0.022157485954541
10 0.016381963518061
10 0.018180177473557
10 0.033298659106337
10 0.028896203212074
10 0.032848321981568
10 0.033371880076442
10 0.023174137970861
10 0.027993290785599
10 0.021723317085996
10 0.017273467170184
10 0.018452635934112
10 0.027504412411322
10 0.026673902635207
10 0.031124771204718
10 0.021055597808576
10 0.028248416678575
10 0.026554185013718
10 0.039058890914273
10 0.018816195075725
10 1000000000000000019884624838656.000000000000000
10 0.029615763558376
10 0.023570949341230
10 0.027161834234207
10 0.024771980123871
10 0.035781199468182
10 0.027155859752701
10 0.023027488086717
10 0.033513537181589
10 0.032071530078479
10 0.030922991184323
10 0.016765175648274
10 0.024466617572603
10 0.028013037102363
10 0.038560289425793
10 0.026521336959170
10 0.037149970872126
10 0.021430913931660
10 0.035631433309456
10 0.019456307464266
10 0.025992022546562
10 0.023793737144421
10 0.029431895883850
10 0.025270716833293
10 0.026126446671107
10 0.026221444028434
10 0.023505113697029
10 0.022076047001745
10 0.022781766197715
10 0.023138152308933
10 0.029728781215633
10 0.038988001987766
10 0.015373767621834
10 0.029632325891924
10 0.013864323700426
10 0.035403377111705
10 0.017366636817829
10 0.025989986790461
10 0.024608788956630
10 0.026104587015778
10 0.020967445943312
10 0.019374454897572
10 0.025373720454548
10 0.033620842461644
10 0.026064735222418
10 0.026280934197457
10 0.034959427175745
10 0.018769498330080
10 0.025336961889125
10 0.033903659032945
10 0.005889159378216
10 0.033842590855978
10 0.039025012866275
10 0.022682284937594
10 0.026350156069300
16 0.062579179027123
16 0.113506547841571
16 0.080370994690620
16 0.115533913251982
16 0.086548776064928
16 0.079104188547047
16 0.099360850364612
16 0.180794413342594
16 0.089111345493833
16 0.159939224454103
16 0.128580739161350
16 0.149891952535548
16 0.183016434076107
16 0.128721768688092
16 0.090294534990332
16 0.121139925249426
16 0.095755051344189
16 0.150662040193085
16 0.131622650698765
16 0.190654912427940
16 0.118936541980800
16 0.145809238183046
16 0.159612737637112
16 0.064905032047720
16 0.138166379540544
16 0.108689769215719
16 0.213657975364605
16 0.110429969638685
16 0.155192302348468
16 0.194442866678471
16 0.102268004826693
16 0.135124841224807
16 0.166062043407593
16 0.104375738537803
16 0.130070561415745
16 0.082458703875566
16 0.139706917751061
16 0.142770081514023
16 0.060665075550494
16 0.109960476422947
16 0.085980084098170
16 0.112036930634805
16 0.092503902535195
16 0.095057406161860
16 0.099553959263280
16 0.252180766065044
16 0.242263355157059
16 0.173940865756222
16 0.098099449078497
16 0.208139835654932
16 0.210405761455882
16 0.085285940206154
16 0.136816365748595
16 0.078478058406110
16 0.157650471234112
16 0.170860486240543
16 0.175237420528422
16 0.115218349136727
16 0.105401675398494
16 0.116771127923920
16 0.117981594297733
16 0.139502936060399
16 0.163764947623786
16 0.083501497859154
16 0.147347885402673
16 0.070606254361535
16 0.048241592385879
16 0.071553364848884
16 0.119530590774760
16 0.191258920646539
16 0.073321964631772
16 0.098945508345637
16 0.062535218734404
16 0.132329215218539
16 0.147978677314956
16 0.130820720940680
16 0.054557413085750
16 0.072983053791082
16 0.190097047061748
16 0.092981566745227
16 0.094961802418053
16 0.076454794368786
16 0.068481167278404
16 0.072722650224986
16 0.123845337032981
16 0.067453602477063
16 0.121020780156193
16 0.179586774489036
16 0.120975409200196
16 0.074675145394663
16 0.064957598888169
16 0.103275839559841
16 0.076061737266415
16 0.091916345439305
16 0.147895797245222
16 0.125103732164980
16 0.091753357832565
16 0.230609595314586
16 0.083553020469065
16 0.126102380881290
16 0.181922755487310
16 0.140721577996798
16 0.124512849686187
16 0.148841831960860
16 0.087322808044431
16 0.113473457159737
16 0.215755728789922
16 0.117859916155100
16 0.055819162557674
16 0.148150167839953
16 0.135859014713165
16 0.076206248561016
16 0.104373649617941
16 0.114189593995330
16 0.103461861323318
16 0.117276706059180
16 0.093949010976114
16 0.144569190086457
16 0.126039476194550
16 0.077024881080769
16 0.079229364837540
16 0.157231704664950
16 0.109505977460342
16 0.088954516974684
16 0.167666253753962
16 0.108444969750109
16 0.153151109366728
16 0.071668966669887
16 0.134305090877636
16 0.110949233661045
16 0.188339773852702
16 0.068106912348820
16 0.161492477379222
16 0.071344825782552
16 0.170716147018790
16 0.148118359608959
16 0.113238535704824
16 0.142731715315700
16 0.092213630298315
16 0.166910226506575
16 0.240640061550412
16 0.109212467113133
16 0.128225287853628
16 0.161224291344888
16 0.144983924666934
16 0.206358330199707
16 0.113513933543338
16 0.122811767344888
16 0.123824974632234
16 0.089525447437564
16 0.181922755487310
16 0.140721577996798
16 0.124512849686187
16 0.148841831960860
16 0.087322808044431
16 0.113473457159737
16 0.215755728789922
16 0.117859916155100
16 0.055819162557674
16 0.148150167839953
16 0.135859014713165
16 0.076206248561016
16 0.104373649617941
16 0.114189593995330
16 0.103461861323318
16 0.117276706059180
16 0.093949010976114
16 0.144569190086457
16 0.126039476194550
16 0.077024881080769
16 0.079229364837540
16 0.157231704664950
16 0.109505977460342
16 0.088954516974684
16 0.167666253753962
16 0.108444969750109
16 0.153151109366728
16 0.071668966669887
16 0.134305090877636
16 0.110949233661045
16 0.188339773852702
16 0.068106912348820
16 0.161492477379222
16 0.071344825782552
16 0.170716147018790
16 0.148118359608959
16 0.113238535704824
16 0.142731715315700
16 0.092213630298315
16 0.166910226506575
16 0.240640061550412
16 0.109212467113133
16 0.128225287853628
16 0.161224291344888
16 0.144983924666934
16 0.206358330199707
16 0.113513933543338
16 0.122811767344888
16 0.123824974632234
16 0.089525447437564
16 0.096622060054799
16 0.146941618229447
16 0.081973815968118
16 0.125174566727001
16 0.114341559030961
16 0.125826892747515
16 0.095638680135351
16 0.154448963184896
16 0.156050715314087
16 0.237385692334971
16 0.174430812319527
16 0.174125675014255
16 0.143039002868348
16 0.142300958375466
16 0.097834750920653
16 0.116952957892877
16 0.119823286488557
16 0.130748366540835
16 0.077645350315272
16 0.084498955568709
16 0.109877647006090
16 0.121205361950008
16 0.044466549429383
16 0.250416700579888
16 0.066517010065816
16 0.110172677277317
16 0.134579347653211
16 0.092368615522953
16 0.135859546132828
16 0.087199813766117
16 0.146763708448420
16 0.105059751113756
16 0.095050123952564
16 0.143003449796645
16 0.088590430733987
16 0.131425226771532
16 0.131096146355143
16 0.068599740981456
16 0.094123848264080
16 0.132041502142599
16 0.093582715293669
16 0.113430262509340
16 0.115870517623402
16 0.075659413311076
16 0.164226144267902
16 0.232059235575311
16 0.091146544606397
16 0.094394396008235
16 0.112875627664103
16 0.072167674347517
16 0.091210690510604
16 0.112859492475680
16 0.158838029699983
16 0.338671728457445
16 0.191219421086408
16 0.305519342041729
16 0.080443133222311
16 0.246080145541399
16 0.146734026322016
16 0.111569770513184
16 0.106135256591602
16 0.270301222718238
16 0.174791822826357
16 0.215190120902500
16 0.222628214906450
16 0.083795821207165
16 0.079512520244260
16 0.066205090158708
16 0.092100410366664
16 0.100647489908655
16 0.259031365094770
16 0.173854161547046
16 0.179654325288469
16 0.154158920447651
16 0.168838755280499
16 0.145520381856258
16 0.119710363684051
16 0.107073499982064
16 0.099737334712506
16 0.160488867391143
16 0.082995442802464
16 0.078484926412503
16 0.089510419527841
16 0.140869052161832
16 0.134273663327184
16 0.132257937909728
16 0.095830068606196
16 0.107939186355816
16 0.093725703508205
16 0.158735176210335
16 0.135936011859415
16 0.108352906607378
16 0.069118654897509
16 0.165922279872106
16 0.136662401208111
16 0.140128174325095
16 0.120933423722748
16 0.158466003069979
16 0.084458579408415
16 0.094215866424989
16 0.100232784875383
16 0.139327328825711
16 0.165930957604570
16 0.080184123468489
16 0.099493509115845
16 0.183181504028293
16 0.077291161007511
16 0.112171183143384
16 0.194386094821642
16 0.085784829946507
16 0.142403994895362
16 0.123399918110279
16 0.166894933066443
16 0.172205040283562
16 0.077532646279384
16 0.125295790884883
16 0.092339067369243
16 0.111372007863179
16 0.138491818081224
16 0.092765410626713
16 0.098848116811576
16 0.153917480354284
16 0.110195397603728
16 0.135150959393371
16 0.083689512137607
16 0.085762244808988
16 0.138161163661344
16 0.172005512340736
16 0.203588164795561
16 0.075899650930187
16 0.150239719348781
16 0.079748366593525
16 0.215613458222505
16 0.114823173624631
16 0.077991060399902
16 0.085473243112620
16 0.075300146504440
16 0.134123454279341
16 0.148322083717214
16 0.144596324004662
16 0.146473022259161
16 0.127505060101679
16 0.077832120468288
16 0.068437109532208
16 0.170678394285867
16 0.094693149204853
16 0.146500621088123
16 0.105769354385157
16 0.157069986387832
16 0.101149040336784
16 0.149311218512107
16 0.144863587356531
16 0.066221973061252
16 0.093171253994234
16 0.119619965474240
16 0.131133791202604
16 0.173770610210398
16 0.120732912560652
16 0.164878980275820
16 0.210507397004979
16 0.131455129999964
16 0.100733095494839
16 0.139457857489751
16 0.099237875370156
16 0.138716434602300
16 0.253950690657866
16 0.113527367387498
16 0.106953165875393
16 0.160445649421621
16 0.197681679246014
16 0.252070775106757
16 0.093369711153598
16 0.140829610991912
16 0.097416512752820
16 0.154694314715027
16 0.191482175306852
16 0.159747685035406
16 0.112683549750427
16 0.125429496129150
16 0.197337189811451
16 0.092378118355392
16 0.128192462476951
16 0.174836217404939
16 0.196818813577250
16 0.077460436604542
16 0.081605342507309
16 0.122041076450258
16 0.123615598580816
16 0.172238546468750
16 0.188070801969414
16 0.124186574600659
16 0.113728465243796
16 0.082136549206391
16 0.241692462752143
16 0.174824077648316
16 0.198899411836302
16 0.098919592925380
16 0.130759964352087
16 0.105022651982221
16 0.123440966865041
16 0.144367677072157
16 0.193153346743465
16 0.181815491609295
16 0.127354587219388
16 0.105979598266929
16 0.162470235180542
16 0.134968666711386
16 0.177407392117808
16 0.116213265870027
16 0.098379125214567
16 0.144181065081557
16 0.120134379467246
16 0.195196029230158
16 0.104536459514333
16 0.210060533469358
16 0.111063182215045
16 0.093526497603837
16 0.140956417692151
16 0.079769905884026
16 0.306415951655726
16 0.187403676843615
16 0.154235186644637
16 0.145114335923779
16 0.118710371408143
16 0.203721624536425
16 0.067673261412577
16 0.086726283178883
16 0.093410734969784
16 0.060394034622944
16 0.116995946376330
16 0.063398217873024
16 0.159212262748873
16 0.114644815181281
16 0.180864084150747
16 0.102265232456103
16 0.097326689424131
16 0.137534326564394
16 0.187148156225012
16 0.105327490656031
16 0.118367912194533
16 0.070970150043377
16 0.144046549122534
16 0.086815734986253
16 0.118465376505005
16 0.116726281195354
16 0.204473608988337
16 0.256299672804019
16 0.112601797892800
16 0.133761718617777
16 0.105631823737450
16 0.179820757036238
16 0.084083781197466
16 0.108677447210286
16 0.091855045798686
16 0.121073319676465
16 0.082288364295594
16 0.095091764658070
16 0.118858495611578
16 0.093986487204987
16 0.130157781768654
16 0.070580041983088
16 0.162299729201246
16 0.116507522184580
16 0.133026136399747
16 0.087334012533481
16 0.084734482915138
16 0.117150242814708
16 0.096460544513532
16 0.094047073634703
16 0.101994304478282
16 0.156786819848342
16 0.152122132569518
16 0.187417219465342
16 0.106232703789184
16 0.078207465330803
16 0.129235765281476
16 0.119348962303737
16 0.108713500139674
16 0.108038759602183
16 0.094495324375862
16 0.111710271620153
16 0.114544993762188
16 0.116182486602359
16 0.133576725282749
16 0.133820334898496
16 0.120184378952581
16 0.143867755603602
16 0.101738688104382
16 0.122387654861485
16 0.079958403385725
16 0.078717734254887
16 0.097105898656067
16 0.200837078900836
16 0.095493544579028
16 0.077635717830872
16 0.153281003153244
16 0.068887122624977
16 0.164325608985240
16 0.143699979098741
16 0.097004680418526
22 0.739861243545188
22 0.477626117804588
22 0.355160402350085
22 0.311489215628861
22 0.488766514163387
22 0.304662299102183
22 0.321453556212688
22 0.318751072165919
22 0.384641400039553
22 0.370698835971266
22 0.385349887463376
22 0.327699775847346
22 0.148429176819306
22 0.359855049757898
22 0.499002979558896
22 0.270954465406231
22 0.302273901552878
22 0.217190297216606
22 0.380673466410666
22 0.319272995735797
22 0.375458732680420
22 0.550671428016730
22 0.375289175746411
22 0.583119001900288
22 0.385502100328601
22 0.205505800472118
22 0.593103366182294
22 0.428520252350669
22 0.257365637017722
22 0.487280969343766
22 0.408349041175325
22 0.381339502090872
22 0.424105016924694
22 0.333877066339043
22 0.331785000159479
22 0.330401414467288
22 0.425516813781535
22 0.567439300454598
22 0.309507580615902
22 0.503063271949505
22 0.699115448333425
22 0.244370281111457
22 0.457274609390408
22 0.291756851077370
22 0.356930505031840
22 0.295216964484669
22 0.417052992506906
22 0.723044215695699
22 0.580386100558354
22 0.282137161993768
22 0.390040184126467
22 0.424164999553466
22 0.537730453337834
22 0.260319601733234
22 0.677979230488218
22 0.385260000452162
22 0.552279903289598
22 0.318969420672018
22 0.422695567979808
22 0.412781723024392
22 0.336686351015925
22 0.295760694323630
22 0.563716154101146
22 0.313429406871169
22 0.449147831669830
22 0.268360799980236
22 0.386071700095081
22 0.603527698992480
22 0.308703263364840
22 0.341456358858127
22 0.528303401440661
22 0.304050860658428
22 0.387527737056149
22 0.391668660641706
22 0.424857122524466
22 0.564070342016291
22 0.686571289041524
22 0.430777586621407
22 0.287570386221079
22 0.485858759965442
22 0.914126432598844
22 0.514830685979119
22 0.244286828441322
22 0.389444171362660
22 0.417027953301668
22 0.362351432539102
22 0.432611713404198
22 0.344682392782239
22 0.541813191744385
22 0.563612092535852
22 0.409313740650666
22 0.726629160104578
22 0.385433014125386
22 0.324901218891199
22 0.189571117508717
22 0.498457958329880
22 0.299637156981778
22 0.263564180794964
22 0.244891896890143
22 0.811213763469905
22 0.392082904386529
22 0.484564206837099
22 0.497541580371263
22 0.722554071424889
22 0.421288697032129
22 0.546713447239942
22 0.254926681061661
22 0.500828035753518
22 0.414468720180393
22 0.575878171938443
22 0.288346325530728
22 0.558074259152062
22 0.356060336490610
22 0.343684208210576
22 0.295483466942300
22 0.386279834710357
22 0.186835718798300
22 0.437523703406277
22 0.396324720020599
22 0.463375859449067
22 0.300642979435601
22 0.252332233888061
22 0.403877156236167
22 0.344540990401231
22 0.394196200441680
22 0.395297097295304
22 0.358388267693827
22 0.575739510446480
22 0.330691543645929
22 0.486142794140783
22 0.550949676754172
22 0.376132268417630
22 0.423215985342602
22 0.257496226360977
22 0.274633687317793
22 0.225010543119911
22 0.414682191871964
22 0.443498643750534
22 0.525172527986803
22 0.237065620103941
22 0.422919117488861
22 0.286888855901498
22 0.487929137434210
22 0.271014736257108
22 0.444450864022104
22 0.287063823897490
22 0.296615486313049
22 0.462749100391090
22 0.281517548543726
22 0.435027765856178
22 0.487481088711927
22 0.207998584057540
22 0.254879840230142
22 0.415759496153270
22 0.364659740118510
22 0.414777239960078
22 0.208119990538903
22 0.564792676086786
22 0.342452209184135
22 0.233032300886816
22 0.249123499505009
22 0.396209838756798
22 0.665160988178431
22 0.252077953957224
22 0.346621999888021
22 0.885084692579164
22 0.379888910564523
22 0.314335119386948
22 0.539677622778335
22 0.647994662651286
22 0.655228029576984
22 0.759130200284734
22 0.302787342943611
22 0.478881462918584
22 0.325710038656700
22 0.678434757128261
22 0.312714895076893
22 0.256280959227066
22 0.582958295346632
22 0.570581468487195
22 0.382174796945009
22 0.466901025916450
22 0.193789280524273
22 0.268319054350632
22 1.111589209184710
22 0.751077633075170
22 0.348454342509616
22 0.486603437063087
22 0.306251711368025
22 0.315151307543620
22 0.335617148942393
22 0.508942039327732
22 0.305515004522041
22 0.321822093319239
22 0.280592816948278
22 0.581107840256511
22 0.462772428891405
22 0.280930903776571
22 0.149063665962632
22 0.629279261509611
22 0.452777190418420
22 0.406978669765064
22 0.451086869971916
22 0.313924049761832
22 0.492032283199661
22 0.646340623240240
22 0.349355704422834
22 0.240655162739081
22 0.348296347230794
22 0.365501016961157
22 0.233691456145089
22 0.398511223220780
22 0.495209853650116
22 0.584517508709943
22 0.278734456020533
22 0.323731952524214
22 0.402240364695821
22 0.496098680116658
22 0.475143382825565
22 0.330134347316306
22 0.462400159121011
22 0.691185605670449
22 0.325939061992849
22 0.264541621913433
22 0.300510252411080
22 0.833655775056416
22 0.336600301607020
22 0.251628943971758
22 0.434332915851168
22 0.432211633539520
22 0.273713909482538
22 0.428817891161558
22 0.705093032965123
22 0.413978225403620
22 0.303531441971339
22 0.714329523043767
22 0.267481727555384
22 0.506890285549625
22 0.405436500707486
22 0.445964076982722
22 0.646251402095166
22 0.434033191426001
22 0.713126254285782
22 0.242022816076977
22 0.298732942289049
22 0.362404455706471
22 0.624979139120718
22 0.229824575046417
22 0.685508791480546
22 0.211167107764964
22 0.340292326626539
22 0.338348145623100
22 0.388964332589104
22 0.415975702636574
22 0.184834048636048
22 0.293516111155782
22 0.373435960361896
22 0.543413465898721
22 0.363222703431973
22 0.415033943046590
22 0.407810880369482
22 0.614707698876354
22 0.229492034138472
22 0.320097888755341
22 0.393571333561909
22 0.417035582730611
22 0.521317526719567
22 0.248417457931665
22 0.371097928481185
22 0.696836461522246
22 0.428927896136953
22 0.235277813792824
22 0.229146708601116
22 0.400234479018120
22 0.681440895469127
22 0.414718226391834
22 0.507231416137140
22 0.657735084242159
22 0.389796420076539
22 0.420980361286901
22 0.728998972257266
22 0.366271616054732
22 0.436396297855469
22 0.285905804561173
22 0.362447693479600
22 0.420769015308973
22 0.346199720100840
22 0.784098092558259
22 0.380039219801549
22 0.386642282445121
22 0.257892460167972
22 0.519855998291360
22 0.491158688824262
22 0.387974553056067
22 0.264400889709997
22 0.670677262339508
22 0.489446221642663
22 0.307358805631306
22 0.500492278105244
22 0.483492803109838
22 0.210074751025491
22 0.546764277528513
22 0.424280718786408
22 0.514623374868041
22 0.334863140770090
22 0.425861624621731
22 0.685001541562419
22 0.274534018255382
22 0.374753514277581
22 0.185313063027714
22 0.438602847505541
22 0.402012703542121
22 0.623226701109979
22 0.543858042585173
22 0.547990466837463
22 0.299398490269715
22 0.363480150850469
22 0.424989423169507
22 0.181835081786729
22 0.861999064545847
22 0.400801107485584
22 0.436886097684702
22 0.386994524389840
22 0.504479279946136
22 0.372631861477882
22 0.235332722272546
22 0.357454485165155
22 0.313180328269266
22 0.265297276214048
22 0.364925839707979
22 0.274814423170495
22 0.683617134532546
22 0.383111115146092
22 0.511732185396041
22 0.443727537407529
22 0.505426768064519
22 0.578228455574289
22 0.509021823345649
22 0.280738502481173
22 0.514732550736118
22 0.933253836422710
22 0.389294867724757
22 0.379299654888514
22 0.457618786223302
22 0.476089652981041
22 0.304262423937885
22 0.600323863376302
22 0.438966893529829
22 0.566908709502091
22 0.323985429335161
22 0.223482780404248
22 0.649276366791217
22 0.275773882565391
22 0.355225081677842
22 0.200313811141649
22 0.421089366919452
22 0.474146616345368
22 0.228259343489047
22 0.681245969061815
22 0.263622958970432
22 0.584892535321433
22 0.713972861467554
22 0.728598193143454
22 0.341046876141458
22 0.420744342044555
22 0.254072428396415
22 0.293102068267422
22 0.280474811562989
22 0.546719107618349
22 0.428350990048050
22 0.617892703290773
22 0.280666070664034
22 0.453119742291904
22 0.328595181655294
22 0.446744987156512
22 0.422506760995764
22 0.285936242443139
22 0.310634878150567
22 0.237043234046287
22 0.306687200363842
22 0.214899668654772
22 0.562097537713765
22 0.305751189824648
22 0.391408805612426
22 0.298844368348461
22 0.291461049726188
22 0.363306909667892
22 0.347752211129773
22 0.237788241876903
22 0.316283995203946
22 0.511908365077192
22 0.220536788214791
22 0.259134248302940
22 0.562945757997867
22 0.301170459755812
22 0.495530975280233
22 0.265795630375081
22 0.305268893349377
22 0.335616515302762
22 0.481187281670545
22 0.541233854894752
22 0.559063341273458
22 0.404043387935369
22 0.567021072986323
22 0.341711690969165
22 0.658302804124700
22 0.342575087329902
22 0.495148417452868
22 0.650135183296330
22 0.376024384995026
22 0.465622849798704
22 0.265246240176447
22 0.371068614453276
22 0.302534951709839
22 0.203802170572609
22 0.398455619831181
22 0.541171857669010
22 0.249341642839054
22 0.296514400630448
22 0.347422379198029
22 0.222894020175622
22 0.353688547381560
22 0.554199329234184
22 0.235392398931501
22 0.423104290814346
22 0.762211150238207
22 0.584087875852687
22 0.251603710655442
22 0.334718478865185
22 0.411997035831463
22 0.339364713842980
22 0.470045841326638
22 0.376341735078692
22 0.338043447700041
22 0.356004894547831
22 0.679765419970035
22 0.464514557464553
22 0.371805123040811
22 0.374962898507857
22 0.350452569393418
22 0.189742604297942
22 0.295155371051204
22 0.309632618608298
22 0.477922939634635
22 0.336866238282587
22 0.345697308695120
22 0.653285386668744
22 0.230427577765195
22 0.386512254200600
22 0.416343357357971
22 0.355455262237427
22 0.275123427922081
22 0.310771120138932
22 0.462189961097956
22 0.379539186169937
22 0.373915295939805
22 0.325132256761087
22 0.575050517346907
22 0.319556654642744
22 0.371405442703362
22 0.237616795475634
22 0.401338687751201
22 0.426493668048567
22 0.344438618340047
22 0.194711659545520
22 0.288690849045940
22 0.504576707995885
22 0.271619262370058
22 0.513493602935906
22 0.516662349648616
22 0.301633573008326
22 0.379768463891757
22 0.392316249323309
22 0.366343944778214
22 0.589588513912998
22 0.396802049561308
22 0.309174768884092
22 0.745343451857671
22 0.208758775379061
22 0.359176658350854
22 0.362040783556290
22 0.341440431646856
22 0.311027781795364
22 0.254519537923740
22 0.404951424223162
22 0.648902178311888
22 0.333305325055719
22 0.205143375674653
22 0.306829261176595
22 0.425636133884368
22 0.302814780511593
22 0.364614595510751
22 0.358201749588011
22 0.297161352430163
22 0.497732655223845
22 0.545510027046070
22 0.602227141710014
22 0.397831642136634
22 0.527664927981169
22 0.325235727775531
28 0.775849838162460
28 1.344762813676901
28 1.089719313687081
28 1.061278437439765
28 0.935681139289096
28 0.427477007764996
28 1.448601144533558
28 0.650451981422723
28 1.012227595394671
28 0.582620780577074
28 0.699734565335930
28 0.602600329661925
28 0.471273571288137
28 0.879584593586078
28 0.970790805556406
28 1.178606234479887
28 0.454485540886623
28 0.718734959256044
28 0.907445630917675
28 0.437105785879654
28 0.446535871227546
28 0.934602750319910
28 0.954495596566654
28 0.967398644782875
28 0.732969336744967
28 1.117697893703078
28 0.623426887047085
28 1.109412714253462
28 0.986034647209203
28 0.546973781939865
28 0.719879969586458
28 0.669963810612463
28 1.164937012133082
28 0.442213528669935
28 1.145815507860937
28 0.886293230666855
28 0.747210189050121
28 1.070029491725704
28 1.052894858390535
28 0.500073715459142
28 0.766747682427051
28 0.306329369738780
28 0.552513752102284
28 0.346868967527594
28 0.712575361273434
28 0.635507070947495
28 0.630913141726930
28 1.145173375505383
28 0.860007513760362
28 0.769471763510807
28 0.593960208711679
28 0.523439906322520
28 0.555704672656416
28 0.550848504850907
28 0.612302885293404
28 1.088925909380968
28 0.641874592946253
28 1.366550049979343
28 0.637663340869736
28 0.837285989611854
28 0.848863762505182
28 0.666295571320968
28 0.654791828645803
28 0.668850671043456
28 0.658574741227285
28 0.790023576305922
28 1.045795008224252
28 0.999418210419153
28 0.600723604771093
28 0.570391348660143
28 0.864374305341170
28 1.080550053570395
28 0.567059031523605
28 0.911622626984983
28 0.622760218378485
28 0.458823190332740
28 0.666666158421601
28 1.517430977724930
28 0.616473359291548
28 1.285377146483301
28 0.826839689742714
28 0.696439202701207
28 0.730686852511270
28 0.837887148654275
28 0.603402037263281
28 0.897281032866167
28 1.060186806975929
28 0.727860314269005
28 1.200494874198061
28 0.678337837239827
28 1.429861708745291
28 0.786881192981991
28 0.568922961630453
28 0.647267172664729
28 0.518958755584719
28 0.566001708981650
28 0.660666006895915
28 0.745837771724467
28 0.688515077584073
28 0.433610819047479
28 0.909960437762167
28 0.583872781813501
28 0.680467926738457
28 0.599094479253796
28 1.380025105845545
28 0.654708335647155
28 0.891572076690501
28 0.781358378338116
28 0.607950717999157
28 0.812735546921647
28 1.313245717930942
28 0.519794264836485
28 0.581652188849973
28 0.610959046357879
28 0.793915194985046
28 1.061032820122859
28 0.818360507383665
28 0.529946603594364
28 0.551102790970587
28 1.108252190737825
28 1.105608824382496
28 0.884385513700645
28 0.560234606699832
28 0.760710671246802
28 1.024619234473219
28 0.983924263801488
28 1.028442653951529
28 0.951911228246062
28 0.938153390274249
28 0.757988784315899
28 0.962850027006708
28 0.658888289070641
28 0.585479027174989
28 1.092205661713159
28 0.812574636712545
28 0.603089134762073
28 0.904775933999330
28 0.573256942047093
28 1.321223312264210
28 1.392649651725772
28 0.620436735912214
28 0.482488183296978
28 1.273484858768973
28 0.385930744937542
28 0.438606134622864
28 0.761548965487266
28 0.398883311998041
28 0.996644015688748
28 1.226174162061819
28 0.542246702462302
28 0.478891167137663
28 0.564729642132413
28 0.739974876375197
28 0.515990264608131
28 0.527620058020735
28 0.538022720059903
28 0.901169519306058
28 1.226061623276173
28 1.124779168412436
28 0.816017250347886
28 0.575244906098277
28 0.373446373058874
28 0.683173837519889
28 0.693066179757397
28 0.644302214851477
28 0.557099236114948
28 1.070625606751232
28 0.516702307939441
28 1.033522527398641
28 0.535512747725644
28 1.023577973828646
28 0.660572296217556
28 0.463301265438664
28 0.795064470647004
28 0.488919641436968
28 0.703638516458772
28 0.451491673275675
28 0.618606579287247
28 0.568106987857695
28 0.499800945384326
28 0.492487185605682
28 0.616149847932011
28 0.688590991206213
28 0.665593148232136
28 0.505945120892261
28 0.846802656468168
28 0.530684346776276
28 0.744700670848805
28 0.567376774868781
28 1.196448260877730
28 0.785532505932728
28 0.538822782368721
28 0.750289920091172
28 0.551746454938198
28 0.516236612278439
28 0.835035151203325
28 1.176715317892587
28 1.022294490944485
28 0.883422797154410
28 0.560441530932857
28 0.832914015101793
28 0.891520898638317
28 0.817811875866459
28 0.825059248219274
28 0.694985075342749
28 1.084798132724973
28 0.443430975965876
28 0.734679439355676
28 0.827556647941168
28 0.743053060324542
28 0.699559431018067
28 0.575022693491487
28 0.631688661125720
28 0.616301162901122
28 1.264062667989527
28 0.584913177981116
28 0.562409402403008
28 0.816988518326568
28 0.636082498661484
28 0.704493463468837
28 0.966120643544580
28 0.671168888327487
28 0.802332513749551
28 0.797893577461365
28 0.685197712540458
28 0.714408315385269
28 0.960352106104722
28 0.763313394204620
28 0.916161506961187
28 0.596742495571204
28 1.275497457931897
28 1.091972792430794
28 0.676192701952234
28 1.305112482355618
28 0.831147037218298
28 1.224635469970417
28 0.544756411849867
28 0.836522634803049
28 0.499000167031068
28 0.472922282973730
28 1.144507584258990
28 0.558555277563507
28 1.198451645729349
28 1.290833034746295
28 0.514085376643248
28 1.384639830017266
28 0.589394424023563
28 0.575981107790665
28 1.593822671513907
28 0.705206568913276
28 0.881731266779448
28 0.869910013843849
28 0.983149111654535
28 0.954895779121232
28 0.505002731744329
28 0.610720222575557
28 0.803195516685719
28 0.734524768122224
28 0.460352719233764
28 0.705537345269216
28 0.897897127982326
28 1.175296987803931
28 0.868638982198335
28 0.719132527847139
28 0.747319916558356
28 0.705950399099095
28 0.882413186317510
28 1.026815657988405
28 1.074131907760187
28 0.771716922738494
28 1.749708693198666
28 0.938209131989777
28 0.468044550288469
28 0.574976406129014
28 0.740808210232448
28 1.094594637577731
28 0.454958023264322
28 1.306585197284097
28 0.979300072109459
28 0.796213638424493
28 0.498028921361232
28 1.240976304967131
28 0.801019389718387
28 0.663619186572312
28 0.443329568139660
28 0.694669807880545
28 1.439737435194254
28 0.558479751869436
28 0.480241445905115
28 1.493032717567147
28 0.531963313023575
28 0.353263466485089
28 1.528955518269779
28 0.828604843593179
28 0.849953172222437
28 0.686809616412697
28 0.603105164551957
28 0.631888229939474
28 0.592326359191375
28 0.553708480682719
28 0.849379797664751
28 0.895395512706483
28 1.026588901897405
28 0.474740055112719
28 0.421349488765724
28 0.776935359024750
28 0.527449932074195
28 0.675003301112397
28 0.567128907063648
28 0.807725476698326
28 0.622985189223491
28 0.942461564879255
28 1.039622261472895
28 0.640550064109751
28 1.067635104157994
28 0.630155009203529
28 0.815666784867310
28 0.955533189867387
28 1.035471937412742
28 0.756701466488844
28 0.785843770343204
28 0.674937803332385
28 0.561343421080602
28 0.889227529488550
28 0.510168926379166
28 0.534523187823040
28 0.453984566381056
28 1.080790194486275
28 0.973688942452879
28 0.847007783727645
28 0.446405394294825
28 0.789893505668789
28 0.401345341216823
28 0.952946666859695
28 0.636112453075586
28 0.636719103072009
28 0.579234822996090
28 0.488788442205106
28 0.492066146596526
28 0.399606052346184
28 1.503090395531330
28 0.475408348707262
28 1.354728843003802
28 0.451654490950336
28 0.461073951885857
28 1.272732596375749
28 0.807447114995544
28 1.424986873147239
28 1.224614132443855
28 0.603845830672608
28 0.685884603887824
28 0.563106169608814
28 0.470728402958928
28 0.667310218075428
28 0.967283490092151
28 0.626470948988347
28 0.732040620019197
28 0.533012324253655
28 0.295800608072841
28 0.831602757871532
28 0.968909380571595
28 0.548914050788825
28 0.671754091185043
28 0.719699023327817
28 0.594401817479520
28 0.628788557640942
28 0.906891293555550
28 0.795751595791845
28 1.118699101805688
28 0.796959830639366
28 1.367670532595012
28 0.529983352662046
28 0.738329046968888
28 0.507103298209686
28 0.679316960523121
28 0.648750420613201
28 0.953369213586754
28 0.593533828189935
28 0.407881125254984
28 0.620254943714423
28 0.688960594570940
28 1.434596303482087
28 0.744761622833215
28 0.601351088583585
28 0.496543777026342
28 0.655752230426824
28 0.647563594623157
28 0.795947932350069
28 0.604123938862142
28 0.736927004467401
28 0.560769106260611
28 0.533118085217688
28 0.800586845131257
28 0.970607861583537
28 0.536776613902648
28 0.439753910441890
28 1.216951483350105
28 0.424022517949693
28 0.778098933940833
28 0.812870671312813
28 0.441439330347939
28 0.639523530416314
28 1.069976397519170
28 0.833869314819038
28 0.848688737285791
28 0.762079221880151
28 0.573715183579396
28 0.549060278108749
28 0.467240315571562
28 0.965256830684209
28 0.682983490781997
28 0.813876615469868
28 0.762608535203761
28 1.465494106167649
28 0.768273010846878
28 0.875699813198541
28 1.523023231325110
28 0.340925514875594
28 1.151671214763923
28 0.675612896287978
28 0.471285071874379
28 0.977077476186313
28 1.045551258487413
28 0.652542076061644
28 1.088680738905741
28 0.601159876182771
28 0.982500065247116
28 0.494615379713083
28 0.845083956220876
28 0.534713303542023
28 0.751293251634570
28 0.730928177441742
28 0.731270586312471
28 0.730801613644416
28 0.579752432300038
28 0.955864466317155
28 0.738200141831684
28 0.686724614892315
28 1.295340746949494
28 1.104996219656091
28 0.537494746955972
28 0.555236209059848
28 0.466677511138215
28 1.020708927970735
28 0.719045344120147
28 0.488322529794129
28 0.821851659247946
28 0.430977698063977
28 0.851213242614781
28 0.786097891739934
28 0.522820018650977
28 0.689439794744266
28 0.883103895512819
28 0.744553546881360
28 0.662086452563990
28 0.679515104280061
28 0.705792858388810
28 0.630738044369323
28 0.779147326739184
28 0.711394304366967
28 1.465218915330040
28 0.536600460963314
28 0.817762717190845
28 0.715819014431182
28 0.778265505962448
28 0.291589340488887
28 1.374435371956793
28 1.214280375610044
28 0.557341830950894
28 0.877948619585196
28 1.043294932606683
28 1.058859991974609
28 0.552226230057882
28 0.555666163486610
28 0.648996878376592
28 0.840613435853602
28 0.492197838553794
28 1.031519164769104
28 0.931360620456358
28 0.633810668837412
28 0.404199044856775
28 0.592539564523299
28 0.714831054095987
28 0.545365088254675
28 0.933180960193330
28 0.665422922898095
28 0.761478635791028
28 0.397844765460506
28 1.007120368901187
28 0.524068862644141
28 0.940644053185199
28 0.726258299947372
28 1.109429678747432
28 0.802056528611300
28 0.665665293634102
28 0.306620934465410
28 0.502869677963002
28 0.927094962504863
28 0.797646737594101
28 0.954620325915334
34 0.586217170742597
34 0.656726414985782
34 1.126800157842679
34 0.861924700861341
34 1.023157656091146
34 1.289522109151775
34 0.990204633049537
34 0.778361477970807
34 1.910171704395974
34 0.920920174298712
34 0.814403803457119
34 0.907191030459837
34 0.853569778883871
34 1.461028014450719
34 0.671138677662745
34 1.092538372654799
34 1.117527124977555
34 0.477428459703710
34 1.057921334997462
34 0.957060421239221
34 1.329408260297755
34 1.272373456637580
34 0.993912844930888
34 0.672264246644569
34 0.812079712326351
34 0.743721181967344
34 0.779254930435711
34 1.065115859461687
34 0.891666292039509
34 1.188882164794185
34 1.046049109920316
34 0.838301579790657
34 0.666206703366512
34 0.634867079353461
34 1.455794241807821
34 1.572558290693603
34 1.059734646636860
34 1.005844563882873
34 0.990405610088464
34 0.843502227368212
34 1.122911186830146
34 1.166396885970597
34 1.287598703156791
34 0.647852980672230
34 1.582647942165631
34 1.234650444902504
34 0.833535151490572
34 0.705025099715012
34 0.813483982448469
34 1.311360074643574
34 0.859550429117077
34 0.447195911672123
34 0.895218051471678
34 1.268724188252589
34 0.730189841961132
34 0.730843763299704
34 0.655888727382298
34 0.879640787972752
34 0.650787309563785
34 0.690294242796084
34 0.691194098108673
34 1.000169514340604
34 1.565769148813077
34 0.976139928150176
34 0.521008293996837
34 1.234574035749987
34 0.870545723107547
34 1.503208413041002
34 0.829054858989066
34 0.781674875528775
34 1.484014230225254
34 0.943230042851730
34 0.891293550186566
34 0.712819367840249
34 0.861289477893546
34 0.984460291428634
34 1.129539671782060
34 0.420294661726802
34 1.602090096945508
34 0.994245934738656
34 1.196426777766953
34 0.751561853660028
34 1.029146260565875
34 0.858276176444777
34 1.036027694888169
34 1.003520717706988
34 1.307523979618248
34 1.165493435855705
34 0.986750903800346
34 1.193799261990216
34 0.877495815519827
34 0.607177477165907
34 1.341342330713502
34 0.763575530793004
34 1.015180553672334
34 0.635631336141141
34 1.034744339379076
34 0.935170707778525
34 0.937179354530152
34 0.635699041452050
34 0.645421816960144
34 0.847970673636293
34 1.051436986946302
34 0.626069114012077
34 1.067522881162864
34 1.699350238290259
34 0.806157338283800
34 1.327217417168997
34 0.694182813995583
34 0.755749524660765
34 0.693772162781929
34 0.975675846391628
34 0.733260083229073
34 0.751661958922574
34 1.089013559250676
34 1.492343887830287
34 0.925828658504665
34 0.971947543632530
34 1.255409818848643
34 1.185230106874112
34 0.721614986231650
34 0.994400386536238
34 1.048583903392364
34 1.499087576737743
34 0.879271597474096
34 1.612632500601143
34 1.734132997725023
34 0.834274705343891
34 1.149666568858570
34 1.822729701726185
34 0.768757774055164
34 0.985917605993140
34 0.876936860167060
34 0.800548116983435
34 1.560990087934091
34 1.034117487696585
34 0.480264566471646
34 1.446876219937996
34 0.712997812539330
34 0.786460489474777
34 1.093359194868988
34 1.416461087436569
34 1.172814962121066
34 1.011711050125946
34 0.830120996116439
34 1.195218195878695
34 0.697991700782644
34 0.878224734321214
34 0.622082681845844
34 0.947624530391483
34 0.633453367472604
34 0.966188605471249
34 0.979992333369100
34 1.221539173998725
34 0.775021059028283
34 2.046685434917777
34 0.985953548010957
34 0.909930905148973
34 0.752474308686841
34 0.826119391719212
34 0.840243497733008
34 0.525286616698939
34 0.791266793404363
34 0.781297126050550
34 1.207496768064932
34 0.489863967744540
34 0.795628908869640
34 0.961596856108202
34 1.355524820654118
34 0.901286787156868
34 1.105435708664037
34 0.491445803529451
34 0.736599870279331
34 1.546789320967655
34 0.734860662314509
34 1.098077548708182
34 1.073716222047064
34 0.655579030820054
34 0.800235165908611
34 1.078066074162051
34 0.882128085081166
34 1.038914572725223
34 0.693618987106509
34 0.700228085651839
34 0.601492666466789
34 1.278481514768464
34 1.315574783780055
34 1.388262349180330
34 1.864585507676333
34 0.582442241772762
34 0.701460775383380
34 0.897838337041132
34 0.994549473142976
34 0.935979150368713
34 0.740058179485997
34 1.386722673107763
34 1.306269192255953
34 0.994219147690549
34 1.135204882642741
34 1.362349124096905
34 0.859550429117077
34 0.447195911672123
34 0.895218051471678
34 1.268724188252589
34 0.730189841961132
34 0.730843763299704
34 0.655888727382298
34 0.879640787972752
34 0.650787309563785
34 0.690294242796084
34 0.691194098108673
34 1.000169514340604
34 1.565769148813077
34 0.976139928150176
34 0.521008293996837
34 1.234574035749987
34 0.870545723107547
34 1.503208413041002
34 0.829054858989066
34 0.781674875528775
34 1.484014230225254
34 0.943230042851730
34 0.891293550186566
34 0.712819367840249
34 0.861289477893546
34 0.984460291428634
34 1.129539671782060
34 0.420294661726802
34 1.602090096945508
34 0.994245934738656
34 1.196426777766953
34 0.751561853660028
34 1.029146260565875
34 0.858276176444777
34 1.036027694888169
34 1.003520717706988
34 1.307523979618248
34 1.165493435855705
34 0.986750903800346
34 1.193799261990216
34 0.877495815519827
34 0.607177477165907
34 1.341342330713502
34 0.763575530793004
34 1.015180553672334
34 0.635631336141141
34 1.034744339379076
34 0.935170707778525
34 0.937179354530152
34 0.635699041452050
34 0.880252277194704
34 0.932067878749597
34 1.463043616139967
34 1.528365935750800
34 1.302523293023692
34 0.869774569795899
34 1.067089643726422
34 0.699508511893551
34 0.759596139027382
34 1.738678387608656
34 0.858172245189054
34 0.769405207850279
34 0.856944618236835
34 1.192124730446930
34 0.716148425453569
34 0.569620245167489
34 0.443981307655041
34 0.908100094988785
34 2.122540435864394
34 1.148893703645975
34 1.675256799707030
34 1.280410873919091
34 1.098070171203886
34 0.974504319166573
34 0.842720666842435
34 0.627383629754704
34 0.632619968304687
34 1.162292111387531
34 1.533848220233977
34 0.772771344479269
34 1.375577546068603
34 0.679570092457362
34 1.849009745459620
34 1.088845622548306
34 0.811912948089580
34 0.711874238666067
34 1.063913707145943
34 1.419348047549534
34 1.419548997370740
34 1.904001818392710
34 0.775134726326207
34 0.759968584823743
34 0.919531732231237
34 0.586148796072348
34 0.855053039005842
34 0.823713896001045
34 1.674138192901013
34 1.133042286427810
34 0.960045916354034
34 0.946976135610753
34 1.018477703547282
34 0.903256733943618
34 0.956321603369584
34 0.766311738827385
34 0.883125775145730
34 1.269045793476356
34 0.768875703634321
34 1.223835455215037
34 0.867713480030803
34 1.019013928022008
34 0.616601175011765
34 1.177436965663981
34 0.611434008581005
34 0.795564451634225
34 1.317191565989083
34 0.855779655297700
34 0.850469026380952
34 0.826919482913191
34 0.737416940836313
34 1.081766051981295
34 0.760108826136088
34 0.977828302514930
34 1.044991123711347
34 0.821681149254953
34 1.429742762667743
34 0.925826068612979
34 1.072704580893989
34 0.879182662281629
34 0.748450154958384
34 1.186411067952174
34 0.738317000315369
34 0.956542954815587
34 0.927439005115013
34 0.591629663802519
34 1.230762179166204
34 0.837298837415419
34 0.612182719328999
34 1.017081921194403
34 0.812667622828249
34 0.827026580468854
34 1.055509277503687
34 0.734928314600029
34 0.709980297143994
34 0.824154638770187
34 0.763669949764100
34 0.962846627741489
34 0.713885560795538
34 0.512469151374144
34 1.389386428521085
34 1.002136655129096
34 1.051891989323649
34 0.735717986346293
34 1.235275273678928
34 0.970481026652904
34 0.747485293814792
34 0.557089721757504
34 1.936099329473338
34 0.994997978523164
34 0.735780797385768
34 0.791507618706428
34 0.680065811000702
34 1.115254673493460
34 1.412374421200264
34 0.875898772383542
34 1.005018972514860
34 0.813369486565522
34 0.486093089437123
34 0.871133882917981
34 1.192004586088312
34 0.625393050480552
34 1.452931043307527
34 0.842744377838665
34 0.642542088996612
34 1.658657023533995
34 1.305834278051317
34 1.188313822286919
34 1.221940568019884
34 1.174625895353139
34 0.618317685435839
34 1.255530279124605
34 0.568209279237013
34 0.450177787623928
34 0.958065757768972
34 0.414967537925638
34 0.969465327534817
34 1.134864059749840
34 1.087318521548330
34 0.401103408883926
34 0.552430472240212
34 0.685800922070703
34 0.702973525835169
34 1.080861812288264
34 0.799906535733961
34 0.541028112979459
34 1.026084348181422
34 0.645143975377776
34 0.922914690080630
34 0.639699249603558
34 1.368869945352136
34 1.235558234986414
34 1.100263966460903
34 1.157711411734947
34 0.667384145998112
34 0.870496816388658
34 1.713938733853093
34 0.699407275159406
34 1.508433759554031
34 0.759373173826383
34 1.578734635275548
34 0.694906891070553
34 1.300414086926227
34 1.047833258494946
34 0.363417591831630
34 1.273462665825718
34 0.656013160553607
34 1.150865255842896
34 0.992195022331076
34 0.871724572471358
34 1.240683674503112
34 1.328179440224243
34 1.589351237653863
34 0.796659208745387
34 1.318845030872605
34 0.892636484602471
34 0.749592450101909
34 0.576977301867028
34 0.772954815754562
34 0.944780597049578
34 1.248826640254729
34 1.316466517418419
34 1.469628460786183
34 0.864109176752266
34 0.823501023666907
34 0.743958961161967
34 0.831777867505783
34 1.216305398786395
34 0.923779819054419
34 1.051745328739348
34 1.252989132016961
34 0.565517389250239
34 0.834708181953332
34 1.080184217496045
34 0.732181111197772
34 0.992445377689038
34 0.521936693702876
34 1.357049238748021
34 0.836537869829937
34 0.769281611230124
34 0.999311870636848
34 1.040411152583821
34 1.104427476576379
34 1.200287094836666
34 0.732797140874867
34 1.195492683722112
34 0.592085124759268
34 0.777006370406253
34 0.606075138358910
34 1.147785555502955
34 0.564643166634142
34 1.124684249545537
34 0.987741719057901
34 1.576609232881537
34 0.750692449404307
34 0.618464572725805
34 1.163805149846618
34 0.512238302307212
34 1.365340653043402
34 1.086089952995287
34 0.533052984731801
34 1.087433859875423
34 0.444194073929435
34 1.146570752774851
34 1.583952088983168
34 1.207049074284541
34 0.510185358465706
34 0.911524025220552
34 0.845838801230118
34 1.357503680918565
34 1.187126056753852
34 1.744090497886257
34 0.920655717953172
34 1.240480123061851
34 1.249311833090790
34 1.206948738008054
34 0.979569019395854
34 0.642149206927163
34 0.703701051443367
34 0.791718903390548
34 0.638755951076587
34 0.893257372175608
34 1.310450129067610
34 1.425053904739140
34 0.931748596847570
34 0.461159344268294
34 1.127731896702027
34 1.137354807746247
34 0.814764561205218
34 1.010716667273636
34 0.865656034613186
34 0.980004267849285
