10 0.092236028005408
10 0.033919721467791
10 0.026842756540546
10 0.086211806763664
10 0.063394320023349
10 0.129328335873715
10 0.142624303599281
10 0.077568482922317
10 0.121936072486612
10 0.048265837205286
10 0.090638440453892
10 0.046311825425547
10 0.053817592192813
10 0.226572955793603
10 0.089401525170910
10 0.108547210721331
10 0.060328007148097
10 0.055002672104301
10 0.152008073167766
10 0.078674184942190
10 0.078770447170037
10 0.074324619273335
10 0.043885367681534
10 0.062324070773587
10 0.066796855340644
10 0.080556731350458
10 0.030604596863449
10 0.054572800340948
10 0.098670153660941
10 0.090070193118547
10 0.165286781083084
10 0.067817963497327
10 0.098914042871476
10 0.087713914358300
10 0.101081006081019
10 0.098633476449291
10 0.039258989542870
10 0.042179452954835
10 0.078968006284363
10 0.108866767293376
10 0.093547197401782
10 0.073457835632810
10 0.104481793896503
10 0.981287980390384
10 0.059066928511063
10 0.057184495771016
10 0.082523933816532
10 0.061387463148180
10 0.238712686637141
10 0.230108833094580
10 0.073319639272691
10 0.035499127798389
10 0.055881205824790
10 0.052195195970384
10 0.144877438625445
10 4.275248516395773
10 1.042490948357930
10 0.039169582555434
10 0.055575808690365
10 0.078471175884066
10 0.048952971938671
10 0.049176057028951
10 0.152874230649406
10 0.226931954859143
10 0.132194255844375
10 0.048213286725611
10 0.050186852541265
10 0.087306021995710
10 0.073430011641761
10 0.052903703314885
10 0.035607210717016
10 0.102111011484041
10 0.096635050662917
10 0.052172040321282
10 0.046851684389911
10 0.206540869260607
10 0.061366801568167
10 0.103130145717475
10 9.849320390667073
10 0.079143061152300
10 0.207055184093960
10 0.050756945828462
10 0.823402577910894
10 0.043290488853975
10 0.098190070722434
10 0.048762414199659
10 0.195365422724754
10 0.096882670311333
10 0.102379435229323
10 0.077224486803192
10 0.077458609505761
10 0.063457180758084
10 0.107378075304783
10 0.034563886022423
10 0.057750431424654
10 0.196756229043695
10 0.172404651756559
10 0.444717072381938
10 0.195497378780392
10 0.066058688526127
10 0.056141250324351
10 0.213272848424196
10 0.041321233802297
10 0.035960769097432
10 0.066821402412835
10 0.050406298646901
10 0.463165037825581
10 0.904375327575307
10 0.118875040694731
10 0.113618145423756
10 0.093575704682075
10 0.227277729725884
10 0.278709291042393
10 0.034272355229012
10 0.084577536082190
10 0.270664304215768
10 0.406425538146272
10 0.122063651625613
10 0.041673987930229
10 0.082447787194682
10 0.052864206425374
10 0.055213301528994
10 0.376031918972020
10 0.053824308241699
10 0.063383969698079
10 0.138548502494663
10 0.086161352249426
10 0.053178968911145
10 0.050964016505255
10 0.125073259958940
10 0.192760985711461
10 0.037124746464047
10 0.061521009486274
10 0.056980704963646
10 0.091285027070588
10 0.055765265693402
10 0.089334532512566
10 0.111482163771452
10 0.050022742643880
10 0.061219147389917
10 0.079023662512689
10 0.049467968081934
10 0.040200701138985
10 0.061536349699428
10 0.114403300513331
10 0.066966078512380
10 0.049803604717607
10 0.066058688526127
10 0.056141250324351
10 0.213272848424196
10 0.041321233802297
10 0.035960769097432
10 0.066821402412835
10 0.050406298646901
10 0.463165037825581
10 0.904375327575307
10 0.118875040694731
10 0.113618145423756
10 0.093575704682075
10 0.227277729725884
10 0.278709291042393
10 0.034272355229012
10 0.084577536082190
10 0.270664304215768
10 0.406425538146272
10 0.122063651625613
10 0.041673987930229
10 0.082447787194682
10 0.052864206425374
10 0.055213301528994
10 0.376031918972020
10 0.053824308241699
10 0.063383969698079
10 0.138548502494663
10 0.086161352249426
10 0.053178968911145
10 0.050964016505255
10 0.125073259958940
10 0.192760985711461
10 0.037124746464047
10 0.061521009486274
10 0.056980704963646
10 0.091285027070588
10 0.055765265693402
10 0.089334532512566
10 0.111482163771452
10 0.050022742643880
10 0.061219147389917
10 0.079023662512689
10 0.049467968081934
10 0.040200701138985
10 0.061536349699428
10 0.114403300513331
10 0.066966078512380
10 0.049803604717607
10 0.066058688526127
10 0.056141250324351
10 0.213272848424196
10 0.041321233802297
10 0.035960769097432
10 0.066821402412835
10 0.050406298646901
10 0.463165037825581
10 0.904375327575307
10 0.118875040694731
10 0.113618145423756
10 0.093575704682075
10 0.227277729725884
10 0.278709291042393
10 0.034272355229012
10 0.084577536082190
10 0.270664304215768
10 0.406425538146272
10 0.122063651625613
10 0.041673987930229
10 0.082447787194682
10 0.052864206425374
10 0.055213301528994
10 0.376031918972020
10 0.053824308241699
10 0.063383969698079
10 0.138548502494663
10 0.086161352249426
10 0.053178968911145
10 0.050964016505255
10 0.125073259958940
10 0.192760985711461
10 0.037124746464047
10 0.061521009486274
10 0.056980704963646
10 0.091285027070588
10 0.055765265693402
10 0.089334532512566
10 0.111482163771452
10 0.050022742643880
10 0.061219147389917
10 0.079023662512689
10 0.049467968081934
10 0.040200701138985
10 0.061536349699428
10 0.114403300513331
10 0.066966078512380
10 0.049803604717607
10 0.183022356456547
10 0.048880842957480
10 0.109540643289265
10 0.110102382336712
10 0.037095841435827
10 0.060190600659727
10 0.122410163579382
10 0.049197477357018
10 0.058994220863984
10 0.048565873765344
10 0.351714930367228
10 0.085215690788655
10 0.073727907053890
10 0.037042567283802
10 0.061477922413919
10 0.058999072248763
10 0.095666717081170
10 0.052080583697051
10 0.061409810034457
10 0.014238442749360
10 0.065591244092884
10 0.077567866331404
10 0.059447625410037
10 0.236633721383249
10 0.043453245006913
10 0.056867927316191
10 0.044344007126954
10 0.099168539586017
10 0.057540289458445
10 0.054507020903558
10 0.062280354886775
10 0.109280011029990
10 0.085217093271749
10 0.052336237707236
10 0.104917284116906
10 0.104250088857993
10 0.056434788587092
10 0.067064388231365
10 0.101379486222536
10 0.186776922799540
10 0.031702849953768
10 0.034746790077470
10 0.047191573285963
10 0.082467339018470
10 0.075333133484151
10 0.038474740568366
10 0.055759267136336
10 0.086291775520988
10 0.099789406554135
10 0.041429394693193
10 0.126184896458955
10 0.066642132754421
10 0.076154904487534
10 0.083090727970624
10 0.184641983794466
10 0.121903204455374
10 0.055231497344040
10 0.134421098695251
10 0.040615350613435
10 0.062693097143676
10 0.072699356557190
10 0.040368841373507
10 0.463373764923938
10 0.074530068407396
10 0.116165076503253
10 0.040596371001356
10 2.952472933283361
10 0.041203886888783
10 0.278977296365688
10 0.033023247526407
10 0.087748516839804
10 0.702765725582359
10 0.049401976678374
10 0.098074034430732
10 0.108690769348041
10 0.044417202239437
10 0.054217135935188
10 0.057537206457918
10 0.050449549992065
10 0.042441775840318
10 0.590436578911030
10 0.036163572633189
10 0.046481970753339
10 0.200119252827126
10 0.085970717529585
10 0.110184605614897
10 0.056021478138155
10 0.435883568795822
10 0.057065758600057
10 0.112691682641084
10 0.035669527159946
10 0.081744117073673
10 0.272705830483576
10 0.080213657213308
10 0.039550502770434
10 0.026475274911999
10 0.033438519094176
10 0.125079774275358
10 0.064861380539480
10 0.118263801236939
10 0.079706011541665
10 0.065088105466487
10 0.067617666356884
10 0.150016726694735
10 0.092490274147537
10 0.057477333518167
10 0.121450782040217
10 0.105022109128213
10 0.045627416373353
10 0.012853975117110
10 0.181344452065635
10 0.088359771246766
10 0.036245294721044
10 0.054921492866362
10 0.051581667280448
10 0.046330514953212
10 0.032719223613345
10 0.775200644171208
10 0.110705568144996
10 0.085548288030399
10 0.086434309613087
10 0.067904471795704
10 0.093191728469058
10 0.085923540921546
10 0.067063303677728
10 0.047228639068949
10 0.175167528968313
10 0.064602151482386
10 0.052928384013260
10 2.975810491356541
10 0.058725152567336
10 0.062346504600342
10 0.045891343008138
10 0.062415337050863
10 0.089893462683908
10 0.047811189136036
10 0.063475095925282
10 0.297673921652351
10 0.086100153441091
10 0.073661671237604
10 0.118394050015685
10 0.061163382090043
10 0.029197823892103
10 0.056025178568788
10 0.139282819339810
10 0.092776201118103
10 0.037663867404969
10 0.092459348246424
10 0.033553400093810
10 0.097282889261673
10 0.114238841199173
10 0.057647558422454
10 0.058353146393707
10 0.072384826109238
10 0.083910251069644
10 0.029188480885119
10 0.236939001141434
10 0.060022395940729
10 0.061354167055097
10 0.037975457804287
10 0.063847601127984
10 0.044761194976901
10 0.038909090573141
10 0.040459846491247
10 0.089571609282703
10 0.487696502358303
10 0.151331272682915
10 0.083686356919481
10 0.050692939112252
10 0.096746684633146
10 0.058917020045703
10 0.061891091148396
10 0.090397666896776
10 0.050699357668742
10 0.034306170875638
10 0.054031341247916
10 0.096746560223708
10 0.063130042594699
10 0.066252440378181
10 0.091543789016106
10 0.047911555665774
10 0.037011131001826
10 0.053716279444583
10 0.086196541722306
10 0.055758456555893
10 0.118117765147874
10 0.079563117571504
10 0.030052366495110
10 0.051438156145729
10 0.180458392086595
10 0.034636079864986
10 0.093500957364287
10 0.073830250612446
10 0.048517849469150
10 0.170264080676912
10 0.052033992296508
10 0.061187292013821
10 0.153077621591085
10 0.035931861329924
10 0.229670319577559
10 0.114168576586883
10 0.080542976584343
10 0.039008421929218
10 0.031823891146602
10 0.076045842248472
10 0.062542175779879
10 0.101228054202218
10 0.079174719551612
10 0.074571346345035
10 0.082130899222078
10 6.386579542651366
10 0.071841756549171
10 0.073732800061135
10 0.120189953098347
10 0.623832438069188
10 0.039428490917509
10 0.035824973988024
10 0.064356995521822
10 0.108103711644157
10 0.234820315263479
10 0.044993410386691
10 0.080913469003669
10 0.037751450492329
10 0.060306173219396
10 0.099531923833537
10 0.082751218450102
10 0.070632456544799
10 0.069776130349318
10 0.053890424890453
10 0.055792192068655
10 0.058854730687854
10 0.218786537877216
10 0.067012486011610
10 0.102120092624688
10 0.096048370112185
10 0.045556218175671
10 0.114424755156044
10 0.062748629796729
10 0.074337866443513
10 0.032702761047742
10 0.032468669610149
10 0.059665154571619
10 0.049889102729430
10 0.795303935237965
10 0.047868795901325
10 0.026189819633524
10 0.107416159696989
10 0.058787278021658
10 0.064888271770197
16 0.807882920870214
16 0.320769785561355
16 0.276904996383357
16 0.335684506519626
16 0.396641498061063
16 0.732208591516799
16 0.381988184249875
16 0.782758967152939
16 0.679801114291435
16 0.292407264249958
16 0.270571498910932
16 0.497619949149994
16 0.305163138131122
16 0.369397187534406
16 0.293466069522482
16 0.484879483692304
16 0.268931009516758
16 0.266953549608796
16 0.320674022232449
16 0.389741043524372
16 0.261729689710842
16 0.410319172171014
16 0.298578574391039
16 0.392736905202164
16 1.044477681794466
16 0.276110959416658
16 0.400911214345210
16 2.753583776201324
16 0.210040918229298
16 0.439269071805154
16 0.263146699257826
16 0.491875618710469
16 0.333928010921619
16 0.809944417299558
16 0.814402532248977
16 0.572895327688212
16 0.410086725564050
16 0.307710894039382
16 0.164217834295886
16 0.445411329454222
16 0.473614861690703
16 0.255660809653772
16 0.445788717727054
16 1.401310221909610
16 6.611125271817015
16 0.365295804960848
16 0.161736652611076
16 0.599340131147863
16 0.512453869737270
16 0.425322544436842
16 0.246427686235308
16 0.626238001393864
16 0.401666986564892
16 0.443069630214442
16 0.425234357987966
16 0.204527093462241
16 0.337545746148736
16 0.376639664922512
16 0.306764823125630
16 0.251315793758754
16 0.513921453046256
16 0.188823180212702
16 1.587660991196612
16 0.127415018677780
16 0.799284216251277
16 0.349043456131807
16 0.518877352596141
16 0.364010282169449
16 0.380961841467918
16 0.314659965732742
16 0.250853860367691
16 0.474443435709998
16 0.226987314735545
16 9.871006856223714
16 9.908376902390748
16 9.614079716975581
16 2.660214473695471
16 0.371906955785929
16 0.218253168467825
16 0.294678980591046
16 0.298951578342410
16 1.992463716156532
16 0.519798027583994
16 0.240700385863704
16 0.316208323426761
16 0.346903619197987
16 0.299122434632134
16 0.330485935392199
16 0.260564176949774
16 0.391397592335773
16 0.380600892884681
16 0.360352545418430
16 0.292321819322984
16 0.311036590766963
16 0.276317027678908
16 0.463844652543801
16 2.443990570935122
16 0.143764371559225
16 0.206317299328527
16 0.517395120869978
16 0.504586563528428
16 0.323626817056846
16 0.255745343372429
16 0.252086221376538
16 0.457129148282376
16 0.450046208665468
16 1.165047130373124
16 0.497470744402499
16 6.939069040125810
16 0.282393311256393
16 0.568062169212484
16 0.614631618254112
16 0.332650508660073
16 2.640902534917347
16 0.365161897005625
16 0.720431254858712
16 0.356580859528557
16 0.404044786811335
16 0.507178871970563
16 0.482406150763290
16 0.386381675282210
16 0.458610228203002
16 0.418798020413250
16 0.158925067500171
16 0.510849135608042
16 0.456369176113673
16 0.859233747080230
16 0.259640655770602
16 0.369320076254897
16 1.848449602442067
16 0.260131098423790
16 0.591191698257673
16 0.264549016488769
16 0.461775586946087
16 0.170131368023413
16 0.431948020874167
16 0.411295360162883
16 0.395714651909567
16 0.199090853805703
16 0.705356415175914
16 1.330617357851525
16 0.263569892256401
16 0.626204841693591
16 0.304133224741776
16 0.757659731931103
16 0.989558606984035
16 0.561465761367439
16 0.252331525364723
16 1.548258786105283
16 0.636271396101024
16 0.504586563528428
16 0.323626817056846
16 0.255745343372429
16 0.252086221376538
16 0.457129148282376
16 0.450046208665468
16 1.165047130373124
16 0.497470744402499
16 6.939069040125810
16 0.282393311256393
16 0.568062169212484
16 0.614631618254112
16 0.332650508660073
16 2.640902534917347
16 0.365161897005625
16 0.720431254858712
16 0.356580859528557
16 0.404044786811335
16 0.507178871970563
16 0.482406150763290
16 0.386381675282210
16 0.458610228203002
16 0.418798020413250
16 0.158925067500171
16 0.510849135608042
16 0.456369176113673
16 0.859233747080230
16 0.259640655770602
16 0.369320076254897
16 1.848449602442067
16 0.260131098423790
16 0.591191698257673
16 0.264549016488769
16 0.461775586946087
16 0.170131368023413
16 0.431948020874167
16 0.411295360162883
16 0.395714651909567
16 0.199090853805703
16 0.705356415175914
16 1.330617357851525
16 0.263569892256401
16 0.626204841693591
16 0.304133224741776
16 0.757659731931103
16 0.989558606984035
16 0.561465761367439
16 0.252331525364723
16 1.548258786105283
16 0.636271396101024
16 1.110119859224506
16 0.341798761869803
16 3.230344177707505
16 0.426508016054213
16 1.381906758600007
16 0.686602128942517
16 0.384429736617960
16 0.439494746693751
16 0.231511660495825
16 0.687053371016460
16 0.354784814573747
16 0.619153064582273
16 0.312044886711436
16 0.333643583698872
16 0.189024972155036
16 0.393354490115446
16 1.020858985757989
16 0.861613280206720
16 0.555461313214466
16 0.398135552966889
16 0.283552006390676
16 0.433453557416201
16 0.685177355988214
16 0.301472277732652
16 0.255332664327404
16 0.372373024938214
16 0.234720198031925
16 0.431439011802946
16 0.254882310286955
16 0.370035211582286
16 0.328908697900603
16 0.536168778573934
16 1.074623062968205
16 0.490922677297215
16 0.869049823473762
16 0.228732682266907
16 0.516862832120715
16 0.269767132365540
16 0.690893475373670
16 0.206846680938805
16 0.621942447141227
16 0.247455217278879
16 0.369595734904586
16 0.281295566023101
16 0.157075962739085
16 0.806868468575403
16 0.463714799086983
16 0.337580575644657
16 0.200135936521521
16 0.120861254016886
16 0.504586563528428
16 0.323626817056846
16 0.255745343372429
16 0.252086221376538
16 0.457129148282376
16 0.450046208665468
16 1.165047130373124
16 0.497470744402499
16 6.939069040125810
16 0.282393311256393
16 0.568062169212484
16 0.614631618254112
16 0.332650508660073
16 2.640902534917347
16 0.365161897005625
16 0.720431254858712
16 0.356580859528557
16 0.404044786811335
16 0.507178871970563
16 0.482406150763290
16 0.386381675282210
16 0.458610228203002
16 0.418798020413250
16 0.158925067500171
16 0.510849135608042
16 0.456369176113673
16 0.859233747080230
16 0.259640655770602
16 0.369320076254897
16 1.848449602442067
16 0.260131098423790
16 0.591191698257673
16 0.264549016488769
16 0.461775586946087
16 0.170131368023413
16 0.431948020874167
16 0.411295360162883
16 0.395714651909567
16 0.199090853805703
16 0.705356415175914
16 1.330617357851525
16 0.263569892256401
16 0.626204841693591
16 0.304133224741776
16 0.757659731931103
16 0.989558606984035
16 0.561465761367439
16 0.252331525364723
16 1.548258786105283
16 0.636271396101024
16 0.630332125299717
16 0.464978731949457
16 0.223021290616878
16 0.467692310737905
16 0.217083303309177
16 0.348452575043423
16 0.245787102019563
16 0.186649026778380
16 0.783408739239551
16 0.302285452318949
16 0.184229937562590
16 0.716021794625100
16 0.210411967710187
16 1.674159342808943
16 0.232346193866683
16 0.294331630787784
16 0.295159956011569
16 0.468932629766577
16 0.465893594971823
16 0.470673567600636
16 0.533656885235442
16 0.223283182808535
16 0.438610315078472
16 0.198102624335402
16 0.685303140893720
16 0.271406793352239
16 0.313629197184440
16 0.284021199535747
16 0.295232971081528
16 0.175777931510805
16 0.933738177393557
16 0.328845015841641
16 0.385809794077942
16 0.732416193454543
16 0.279163614829579
16 0.304187338264231
16 0.381185167335404
16 0.713133838356802
16 0.319638451675442
16 0.512977347652705
16 0.173917278278194
16 0.784013441397098
16 0.337536786892075
16 0.421367926832070
16 0.411373994505612
16 0.573989362959687
16 0.553497942740893
16 0.691544712573203
16 1.008723956885238
16 0.217981301830021
16 0.671015481796163
16 0.709428967896407
16 0.458214816743772
16 0.449589074292454
16 0.220446286550811
16 0.445454673134878
16 9.809193490918512
16 0.504167829388224
16 0.964248665095295
16 3.365218258115937
16 0.233050177871212
16 0.655990227537663
16 3.183935183656903
16 0.282479303324652
16 0.214652924488430
16 2.242817959000913
16 0.237059296832029
16 0.297621772220038
16 0.212856633789800
16 1.894389159937945
16 0.464362502401892
16 0.360721398011115
16 0.301067142153122
16 0.446178256965558
16 0.302621777492615
16 0.535252959212499
16 0.222100313240760
16 0.379294239400447
16 0.379237809471114
16 0.331301586713842
16 0.233632996150258
16 0.448452149213814
16 2.052472817462571
16 0.228941087819152
16 0.287136590593400
16 0.221821136460508
16 0.505977887239807
16 0.754847515462812
16 0.398692134947884
16 0.339380806491204
16 0.879916378771899
16 0.277788201901433
16 0.401243307814973
16 0.282445972378109
16 9.831210358895683
16 0.590106844756298
16 1.442837555770471
16 0.733074111514147
16 0.332993620986982
16 0.234979708443608
16 0.592753274438780
16 0.373138455117132
16 0.426250143655646
16 0.377215490217519
16 0.201244813630463
16 0.433858446944410
16 1.373614091360408
16 1.313929346774083
16 0.249754481334424
16 0.357226573206376
16 0.186185007760527
16 0.465525096214126
16 0.306390074658424
16 2.471096451812635
16 1.395946678639547
16 0.275743779829158
16 4.278555693856320
16 0.296508418363370
16 0.456856868345320
16 0.277897173873951
16 0.460789600633467
16 0.323618102862275
16 0.848940717890153
16 0.717677508446015
16 0.166187337883198
16 1.675999279152292
16 0.705750967384317
16 0.810283641521937
16 0.333586687752491
16 0.546102919631132
16 0.277627414421160
16 0.147298016608118
16 0.564848188768124
16 0.346379801677339
16 0.292189255161183
16 0.393978718580156
16 0.603234879340631
16 1.921821427683489
16 0.548188401932080
16 0.882422846190169
16 0.203777323471477
16 0.461454388478849
16 0.276108518630362
16 0.313414989064765
16 0.308414221040653
16 0.551315767511339
16 0.279053514993524
16 0.389053768255972
16 0.349094731199877
16 0.638629589313441
22 3.076816329408763
22 2.322438792383520
22 9.565472093773938
22 0.701669592432544
22 0.798913707216468
22 0.770254590133176
22 0.931946079143427
22 0.898711121939649
22 0.809219255039785
22 1.386203772438281
22 2.095715481215981
22 0.491201221374443
22 0.848501281104473
22 0.824188463532300
22 1.550897379449863
22 0.694635510563629
22 2.700574898610297
22 1.432565866541855
22 2.561891893792673
22 0.890735679499522
22 2.573700426232574
22 3.940797818921530
22 0.765428790672659
22 9.808161330058541
22 0.913025614524775
22 0.787199897026950
22 2.375946537584231
22 0.416703982309774
22 0.982213325892848
22 0.846572484993978
22 1.618656290851376
22 0.685070176406215
22 0.832381048472265
22 1.238293590273960
22 9.652198468822444
22 1.504236510475870
22 0.919789043236401
22 1.743553612794292
22 1.006072340050166
22 0.927507980118455
22 0.878952632300097
22 0.794275142327999
22 1.513438537083618
22 2.721387318317205
22 1.361617961953952
22 0.969909090491162
22 0.537096738867576
22 0.453399881634105
22 0.660363787025815
22 0.787890039949885
22 9.869669925236362
22 1.530122735200469
22 1.758679531107751
22 1.277111988712268
22 1.502196812007844
22 1.508898306840921
22 0.925300554554313
22 1.308370811691053
22 1.010837185157901
22 0.823649557287638
22 0.799404893687817
22 0.793331768203240
22 9.656394028378751
22 2.442982607066734
22 0.853212840495336
22 0.888759713069807
22 1.408933812874885
22 1.228005985312115
22 1.506545586538431
22 0.739849591702480
22 0.996903384086218
22 1.125294857289004
22 1.580037224636292
22 0.685318520323288
22 6.916332521892317
22 0.834030401711492
22 1.107615536682146
22 1.067239133580043
22 0.641115153758363
22 0.799073821504085
22 9.434029556885342
22 1.144083227325825
22 0.788804111561058
22 2.081957722806224
22 1.528790645428767
22 1.072647599600073
22 2.168803748834045
22 0.583483291820411
22 0.458181020470273
22 1.016885780288266
22 0.920953307632125
22 0.627385210921968
22 1.227531292101410
22 1.198219308287935
22 1.200828549197918
22 0.789413074818771
22 1.366426340562571
22 1.151976484642510
22 1.096917748908393
22 0.880951151068921
22 3.076816329408763
22 2.322438792383520
22 9.565472093773938
22 0.701669592432544
22 0.798913707216468
22 0.770254590133176
22 0.931946079143427
22 0.898711121939649
22 0.809219255039785
22 1.386203772438281
22 2.095715481215981
22 0.491201221374443
22 0.848501281104473
22 0.824188463532300
22 1.550897379449863
22 0.694635510563629
22 2.700574898610297
22 1.432565866541855
22 2.561891893792673
22 0.890735679499522
22 2.573700426232574
22 3.940797818921530
22 0.765428790672659
22 9.808161330058541
22 0.913025614524775
22 0.787199897026950
22 2.375946537584231
22 0.416703982309774
22 0.982213325892848
22 0.846572484993978
22 1.618656290851376
22 0.685070176406215
22 0.832381048472265
22 1.238293590273960
22 9.652198468822444
22 1.504236510475870
22 0.919789043236401
22 1.743553612794292
22 1.006072340050166
22 0.927507980118455
22 0.878952632300097
22 0.794275142327999
22 1.513438537083618
22 2.721387318317205
22 1.361617961953952
22 0.969909090491162
22 0.537096738867576
22 0.453399881634105
22 0.660363787025815
22 0.787890039949885
22 9.711659215747778
22 1.097306841629524
22 4.094854026013387
22 2.160576525029493
22 1.912686965145641
22 5.062251255686548
22 4.356771528774994
22 0.593456097690131
22 1.119182487067053
22 1.530546138818416
22 1.133048916330084
22 1.700558231687385
22 1.037474534517673
22 0.917120590388895
22 0.988164806232447
22 8.514958576299097
22 0.771413380815211
22 0.977972253672752
22 1.670786309977547
22 1.207707164172953
22 0.764223785877560
22 0.656371908886856
22 1.429716270026987
22 1.155105851112332
22 1.003096827380948
22 0.674978431903797
22 0.627266618517868
22 5.822276452917982
22 1.405174506529030
22 1.073629892492532
22 1.420733195127332
22 0.556139766740718
22 1.709445319580462
22 0.827535151008808
22 9.681341967889134
22 0.957659617411907
22 0.632462139471747
22 1.287763047390980
22 2.047954246894920
22 1.839458736947787
22 2.345186844135390
22 2.807994088022801
22 1.318203958071043
22 0.550522252673271
22 1.491179015513141
22 0.708677599668309
22 1.719619698060360
22 0.737578966127947
22 0.989030956047332
22 0.505479246711316
22 1.544279388624592
22 0.630593248163446
22 1.174850158597899
22 0.794662041074892
22 1.781517518432737
22 1.547827496180139
22 0.956022312245756
22 0.684095478351535
22 2.828811247260051
22 0.866968391428312
22 0.517967008765596
22 2.289663852929100
22 3.937259858513548
22 2.924602794493624
22 0.526180459171748
22 1.868061584843087
22 0.459397844249908
22 1.366908209655101
22 0.751156162829446
22 9.417979641149582
22 1.273551772872974
22 1.199717605931346
22 5.786493870435094
22 1.178027428149779
22 6.570091770523397
22 0.716058327400090
22 0.845676188117921
22 2.397710737220701
22 1.005409842276614
22 0.940255123562300
22 1.333791092805625
22 1.378029411005476
22 0.690813943110988
22 1.105573077183961
22 0.717806992222788
22 1.237870507152655
22 3.053024228381677
22 0.500192816067977
22 0.682119829493729
22 1.088322196759558
22 0.794567210195451
22 0.642653028939970
22 1.417432297643719
22 0.733144698389898
22 1.245188958507309
22 1.197172268356085
22 9.815188837823122
22 1.679483906512178
22 0.623668464151339
22 1.108522511088064
22 0.993254725900833
22 1.038570274990986
22 1.057626676211484
22 1.050218158404747
22 1.074574380671992
22 3.010733400911629
22 0.900939038915941
22 0.615710178388678
22 7.961023747648341
22 2.387095762642288
22 0.379458881270518
22 1.028426339767704
22 0.742529240142058
22 1.611437926866921
22 0.872467019721453
22 2.981893923393261
22 2.359654269760644
22 1.256680439487708
22 1.477941593242861
22 9.734168373575372
22 1.624057489916076
22 2.343137322867347
22 2.015863960024362
22 0.641357084051470
22 1.965194615551697
22 1.786316890890700
22 0.837904103050679
22 1.026913597581123
22 0.925769635773761
22 1.288269645694591
22 3.243040547266348
22 1.905497971043219
22 2.603931561127165
22 9.660690754926422
22 1.761510668594904
22 0.690340601973140
22 1.241073018809004
22 0.574048051240264
22 0.780978775625037
22 2.465491775048748
22 0.984646479337753
22 2.170816675316821
22 0.578001951221673
22 1.070671982074681
22 0.561209972838493
22 1.923550938275137
22 0.530544245623516
22 1.068818056515304
22 1.045056061798167
22 0.963861095909280
22 0.701239502111751
22 1.422932239853353
22 1.154954383105220
22 0.738604112687510
22 1.106264824648267
22 1.531705864646968
22 1.479547666084388
22 1.109318411200020
22 1.625627640280053
22 0.738808376526801
22 0.481491765909847
22 6.013460083452021
22 1.295146133324934
22 8.906534185878236
22 1.719855438216957
22 3.710294500174506
22 1.107038117490069
22 0.871723896991168
22 0.779556956591231
22 7.386094839514229
22 0.719722054400882
22 1.905278115745793
22 1.345252448170087
22 1.094989706655346
22 1.904644192689708
22 0.908996598966202
22 1.418459395535126
22 1.555240595136584
22 0.620087043658121
22 1.081010553617920
22 0.721561312634277
22 0.621142595818096
22 1.593835890981486
22 1.353156541632441
22 1.762611348123475
22 1.382001385086292
22 0.756174085207044
22 3.089227089285636
22 1.836019898360552
22 1.585490110613066
22 1.358977945603890
22 1.856863573718001
22 1.248239575254148
22 0.716095479805748
22 1.822350034224542
22 9.442841772674086
22 5.916737527529291
22 1.555399773223287
22 0.767506837893151
22 1.555853383753982
22 2.256002688328143
22 2.392436456239658
22 1.270497906695648
22 0.634498593459659
22 0.669114360594624
22 1.796534720136888
22 0.446651347673951
22 1.610315459234370
22 1.038751705816948
22 0.951459329078562
22 1.184815097397003
22 9.609835687874433
22 0.958864831061917
22 1.286569747110051
22 1.578061641836424
22 1.865042319585561
22 1.241991269944315
22 0.968958574835990
22 0.864172505130095
22 1.945738105882704
22 2.452705248980100
22 1.846929562191074
22 3.540982679143715
22 2.154896467394718
22 1.789882529793083
22 1.896254513721941
22 1.358432425265413
22 2.189049250403678
22 1.919509356842388
22 1.122792478928627
22 1.079038746703810
22 1.200137148972013
22 0.624228566084954
22 2.926325083417836
22 1.611679352357379
22 1.664241326099916
22 4.753887588017122
22 1.628702284841462
22 1.752135627301305
22 1.278626938596005
22 2.305750797925727
22 1.185638578551993
22 2.841482278971568
22 1.818152292476993
22 0.685544815276274
22 0.693393421358146
22 0.519938255134855
22 1.671420972271697
22 1.058538955497320
22 1.190859710148293
22 0.578130356438003
22 2.372687478550750
22 1.136308996861517
22 0.813019431445178
22 0.825369626464071
22 0.979981280357078
22 0.430034607136577
22 1.741164328431343
22 0.860865581008980
22 1.139139404161350
22 1.446935967641140
22 1.699186764492637
22 1.952307025103947
22 1.163964561621917
22 1.406769376474150
22 1.281263632766340
22 0.904524031264305
22 1.151803706334923
22 1.059989784253311
22 0.727296763054949
22 2.215654764728255
22 0.732842419867386
22 0.850318943013650
22 1.774053953425971
22 1.322286092697008
22 0.488521636568655
22 0.896994466031340
22 2.908400885295015
22 1.530041091474869
22 1.653792908055270
22 1.394244839533142
22 1.177017675459751
22 0.915046640332179
22 1.129877556817262
22 2.084516628866460
22 1.342986100201414
22 0.913308537229672
22 0.751772057986023
22 0.548397414318403
22 2.445797388696198
22 0.926449314152108
22 0.976044131453825
22 0.573277629459664
22 1.252149590746942
22 0.441099739540036
22 0.748985494038306
22 2.717922481539785
22 0.536193820378434
22 1.149067777895048
22 0.786586627967919
22 1.929427953820371
22 0.977317448687973
22 1.232367265118904
22 0.855279611049783
22 1.129380935484874
22 5.076021606110194
22 0.720094382715773
22 1.249396345191585
22 1.856976761732509
22 0.856693925232561
22 2.038614639501538
22 3.681982028227298
22 0.876079437550816
22 0.566785041501063
22 1.206429848919900
22 0.754832601440323
22 0.911201690450405
22 0.863443758629917
22 1.136781078358445
22 2.061453925349231
22 0.708989463547414
22 1.114345332323414
22 0.673486503114222
22 1.390102881185695
22 0.762089692788849
22 0.808193444451074
22 1.106702154076518
22 1.481925697834606
22 0.583670122819488
22 0.879478500408143
22 2.020792988531461
22 0.747366317964514
22 1.233964434662735
22 0.519977500343581
22 2.899462237066624
22 1.785251938818952
22 1.256682944687603
22 0.571255115115364
22 2.235157992153936
22 1.752506424685725
22 1.355220698664166
22 1.008195289437035
22 3.294534949146497
22 0.722629862314581
22 1.131340369755395
22 9.906512913426237
22 0.964433746254563
22 1.146402099754492
22 1.009604473149739
22 1.280104862800030
28 1.266568637308182
28 2.333205594711206
28 1.407810784560914
28 3.876486643845774
28 5.848897132949543
28 1.673685282974807
28 2.035417750217650
28 1.952550307646732
28 1.511350967187226
28 4.827891655961047
28 1.505249178581286
28 1.955817297889646
28 9.762285252860483
28 2.992576656835361
28 1.504143462777935
28 3.285231493708157
28 1.836497575630484
28 1.093777469118913
28 2.421736539792391
28 4.732714370536673
28 1.677204333302418
28 2.778669495174282
28 1.234947856121439
28 1.208530839083831
28 3.176628146652762
28 1.343146489827542
28 5.323034128867969
28 2.818821922914010
28 1.603297502547970
28 2.156227988736013
28 1.088614223950210
28 3.119056062706049
28 2.786931908637933
28 3.013725500748974
28 9.477904232982080
28 2.072976445635343
28 0.914940078076824
28 2.988312106196771
28 2.858465844591294
28 2.730663105620888
28 2.184501237274352
28 2.784267067376150
28 2.599674529325061
28 2.067781282700948
28 1.806185934867278
28 1.452431618047101
28 3.173934810521510
28 2.518086732954914
28 2.745021791010485
28 6.443731449661106
28 2.941083405642808
28 3.458780414296835
28 1.679746669672099
28 1.400329444609340
28 2.896825369691995
28 1.937269813787133
28 2.503821499800970
28 2.868156968818335
28 1.570995499170021
28 1.319038949721210
28 2.108575847735808
28 5.774790455798043
28 4.069653458850289
28 1.411342525076079
28 4.278405753188117
28 6.021777402031820
28 2.105354935490197
28 3.500772249369561
28 5.545725916394923
28 1.366130233184582
28 9.380451003829705
28 1.723734523477763
28 3.588607128712764
28 9.715917059049406
28 1.210349054716499
28 4.823115934966996
28 1.874320193451234
28 1.952182266677783
28 3.123842212648275
28 9.685003418849721
28 2.183431349149628
28 2.916544468444933
28 7.612257062035616
28 1.383050962452085
28 4.909831946484540
28 2.340038211423423
28 1.734418066254950
28 9.600665794443501
28 2.280903052073048
28 2.529419116809565
28 1.657867238916890
28 1.925743942215532
28 3.818063826375989
28 2.021481541959798
28 2.083323857468669
28 5.728547877589881
28 1.573879273515178
28 2.431135772827345
28 1.862895845341558
28 2.182672549148674
28 3.245994396246878
28 2.994709474319407
28 2.522312590761854
28 2.307593384247188
28 4.600014657513232
28 7.759028050158244
28 1.188707482404326
28 1.364022774269182
28 9.849275228826754
28 1.898259854944492
28 9.754279782759852
28 2.292321086885641
28 1.911320669914399
28 1.721478522175985
28 1.932439778879925
28 2.093241198542973
28 2.764829213235082
28 3.740020367954330
28 1.436212515335795
28 1.685017460284249
28 4.483604068068304
28 1.881221964075086
28 2.250323529464696
28 3.770305845964360
28 3.201393987047014
28 2.074670460249703
28 1.032281721502605
28 2.167438146346631
28 2.917028875863812
28 4.432269067072788
28 1.891485876160243
28 3.880792676497447
28 1.500055159350254
28 2.532732638872323
28 1.926119924145906
28 2.677382542694616
28 3.653848416810309
28 2.380873095165806
28 1.961825742924266
28 3.484701882799427
28 2.471534858331787
28 1.299170208490018
28 1.993763885423119
28 3.565313454673637
28 3.027932467198101
28 1.808495294226010
28 1.564372942182540
28 2.566396466281732
28 9.683077276008001
28 1.539709986649523
28 9.768556230235212
28 1.777135594524048
28 3.025418698801729
28 8.241751163791001
28 3.706524415664941
28 2.691534939539817
28 1.435955212577994
28 2.378149125232679
28 1.593965708985623
28 1.260975926126408
28 2.411959348589849
28 4.714249222725522
28 1.519388635592256
28 9.863536662638525
28 2.550486482796457
28 1.810568689251307
28 4.887718749122280
28 6.031801483993917
28 2.390375087176138
28 3.806012360756390
28 2.467507630288968
28 2.391740317929919
28 9.832523759986000
28 2.145238871959986
28 4.104888899413494
28 3.505129387233866
28 2.550080526551930
28 1.310414232352256
28 9.612607309963366
28 4.069611454370454
28 1.838358313167538
28 1.382012698017983
28 1.920185591635691
28 1.864482937468112
28 3.713661713514719
28 1.940609815255981
28 2.420459558334558
28 2.928256344010978
28 1.118101869260698
28 1.980915927849479
28 6.824934258058346
28 2.651933099658568
28 1.799861331096739
28 1.591642185592208
28 4.314401436224686
28 2.926129988340356
28 2.225425811174012
28 3.343016570121781
28 2.318666457413209
28 8.740728399761867
28 2.422564747923050
28 2.764970026993637
28 3.177547497403284
28 1.610578657861707
28 2.244147303855894
28 5.875785337014983
28 2.793962361381774
28 1.698939332763937
28 3.107097557040958
28 1.952531738447018
28 1.765216507853628
28 7.715451225391802
28 1.739403538822524
28 2.154595031175710
28 3.389735690965723
28 4.863697018381861
28 2.546009670732228
28 0.839321661863643
28 2.518028083623919
28 4.412335944282520
28 3.353116975077417
28 2.953909470336480
28 4.553110444282527
28 2.931467550311240
28 2.745623562375852
28 9.721639606425807
28 2.428128352914423
28 2.158587056510194
28 3.800918456917049
28 1.894441878392484
28 1.987508701417466
28 9.454573681669055
28 1.898436869039721
28 2.287387891333669
28 1.832573323767987
28 1.669561018970961
28 4.994402952760352
28 2.929789694144133
28 1.311649788308275
28 4.042852457949065
28 5.305998396156633
28 2.394315071187431
28 3.182027059045414
28 2.986900694484178
28 1.642941482758298
28 1.443519509421950
28 2.665023753044509
28 1.504782056590940
28 2.153323607778275
28 2.275894650470881
28 0.917449019509244
28 1.517839496534703
28 1.933494459627696
28 3.177278315160069
28 3.123377092318553
28 2.394649444353568
28 1.801714642897373
28 1.332203627502185
28 2.752746638022407
28 2.886866367117338
28 4.185686058308188
28 3.166607043563141
28 4.273434377989578
28 5.010599378989858
28 3.888476766793665
28 9.577314403379356
28 2.934347781748284
28 1.450769988813259
28 3.616886226777828
28 1.389051791609011
28 6.312151079776673
28 2.640358735308641
28 1.189738648402451
28 1.891983910690588
28 9.449881749964256
28 1.708388899215852
28 2.641214948276032
28 1.346761568957819
28 2.743176515856113
28 2.269861629596980
28 2.656327176182730
28 2.248129463303838
28 2.104928203754175
28 2.544923815277595
28 1.463344790119644
28 1.447761688535393
28 1.471017061358462
28 7.743798757092238
28 1.957592795479978
28 5.618221317906192
28 1.286986519225888
28 3.951717707259646
28 2.325657035377906
28 5.088033915724396
28 4.283295625255551
28 4.305218698622859
28 3.660836765687966
28 1.798647663536309
28 9.729421067458656
28 4.231508899229037
28 5.788780717036615
28 9.718224498749521
28 1.518036401502351
28 2.237267985404906
28 1.958449809263661
28 3.650930664481522
28 2.146725211226136
28 9.796204928662483
28 3.165924533726888
28 1.966444522482495
28 4.265127654773959
28 9.506442837103444
28 1.204450879610095
28 2.572152412750929
28 1.578003615546956
28 1.594481076903381
28 2.829535638514162
28 1.977461992636465
28 4.525645473416477
28 3.028289608878856
28 1.884338458902049
28 2.429267355641879
28 3.157277223317929
28 2.717191455217850
28 1.654377268092852
28 9.748839058432388
28 3.060238716878775
28 1.627925274684629
28 1.258661738810912
28 2.632598817953027
28 1.911373192933587
28 2.790967866431702
28 1.043625755037342
28 2.426637897867888
28 1.634949819645323
28 1.867404376320839
28 2.285759587001924
28 1.405349400022640
28 2.136749648432898
28 3.321746469104712
28 1.889378513176267
28 2.725917943413600
28 1.853449735268171
28 0.852714568931669
28 1.829298617628685
28 1.785452303381160
28 3.082754286761920
28 2.056452494720328
28 2.256888196847997
28 1.218381686608633
34 3.155022888556762
34 4.210520823930649
34 7.601129419214671
34 9.729976037855511
34 2.438394121194959
34 2.427040117738311
34 4.260388616770472
34 2.958470473591588
34 9.574893474636159
34 2.305616155144049
34 9.447894279723567
34 4.867176462888951
34 3.080629260678864
34 2.261888184303696
34 4.729655354591434
34 3.170608640029193
34 4.400757300822256
34 1.974525477059960
34 2.427695468193693
34 5.927180242752290
34 3.112078578804557
34 4.224355917884386
34 3.217931764194447
34 7.602299864806580
34 9.906764529776797
34 3.303106597221218
34 3.972223812021351
34 1.924030746966536
34 1.711997308432264
34 4.223506031148346
34 3.408887633408944
34 4.587542285121042
34 6.289065439136093
34 6.260487645307317
34 4.347809293595769
34 4.625525927001504
34 5.666557781662462
34 4.668169352966657
34 3.128072805848882
34 6.151985706391873
34 3.095413378324030
34 5.654526258046586
34 6.103142727952853
34 3.541326680995311
34 3.293087255105612
34 9.820368187483309
34 4.104465959586379
34 2.000302485269046
34 8.905816758883340
34 6.230266807990560
34 2.455137994545914
34 3.651016991227233
34 4.713959521189342
34 4.772928056580430
34 3.108779841628112
34 6.106480603287094
34 3.328327518706119
34 5.730402388600670
34 3.001626682392451
34 2.443965488018368
34 3.978944338015795
34 3.558171146547589
34 1.923673792366207
34 5.703590696418781
34 5.586875792968835
34 1.979504587116303
34 2.456603856361127
34 6.025413789354364
34 5.709856541718086
34 2.110565366043923
34 9.654877206544519
34 6.986211175117978
34 3.729304117791862
34 2.512371998199605
34 9.514008906491703
34 8.101610431896544
34 7.864618860544416
34 3.621591548383136
34 5.366042779143138
34 2.248432301207589
34 4.134769086846342
34 9.714514466679731
34 2.273205171469553
34 4.896809987220544
34 9.756802611363401
34 1.710924001021465
34 9.393289312105701
34 4.694697287081707
34 5.980805524070136
34 3.708840513355933
34 1.789421135037487
34 4.473419778550113
34 2.921439015746655
34 4.259757662126690
34 4.452806367768480
34 3.545291508885025
34 4.297696948057470
34 2.757600112021834
34 7.650573044276229
34 3.594423720305647
34 3.021412156331067
34 9.526678911558339
34 1.669378067435586
34 3.029448624208143
34 2.605225354150498
34 4.186502006853884
34 3.876829189669579
34 4.283775005933880
34 5.484638861157313
34 5.090330957265145
34 3.971590333812648
34 8.968812823965276
34 6.726303708934033
34 4.076328083897048
34 7.963987325364560
34 4.641576239533149
34 4.101641451737478
34 4.903086282859097
34 3.964930641594078
34 4.429233086228045
34 6.929557608812454
34 3.288348954693930
34 6.396937530651808
34 3.167096390567151
34 3.391930992916793
34 3.133262491816834
34 4.620738411831146
34 3.449369359488670
34 4.145977471234286
34 2.472234279971375
34 3.934882002440053
34 5.136387279027402
34 9.669664455021342
34 3.879806890597622
34 5.383275543115592
34 4.355929986759557
34 4.705185592127259
34 3.337900600567350
34 5.317665383405024
34 7.525946983076793
34 4.003477227227374
34 3.410792138930874
34 2.635594115585742
34 2.429498525131708
34 2.885780254656134
34 2.497817861611717
34 2.055164406755616
34 5.230865637706778
34 5.993924917677347
34 9.704151789183525
34 3.796528900438346
34 3.454921473726702
34 6.575564126890222
34 5.174857642529616
34 7.464630906292899
34 2.647367262863905
34 8.062394902278196
34 4.243379932726850
34 2.733096941532454
34 4.159102968687097
34 8.348652174976458
34 3.665723425759960
34 5.588606873241472
34 7.821560336623469
34 4.126484143386644
34 5.020707650360992
34 1.968681345653075
34 2.305742963803112
34 2.687812266675594
34 3.908986088449497
34 2.775471127565352
34 2.861632472491401
34 4.904618389212197
34 5.472104280557519
34 4.521092006472379
34 3.649348856575671
34 2.930696912019044
34 2.324255226519721
34 5.883508171430135
34 4.291099706315880
34 2.466478975462251
34 5.091524084537417
34 4.169187297327189
34 1.785477698817704
34 2.707331277607429
34 3.067222141269366
34 4.126448238812836
34 5.455510785912653
34 2.904934589779264
34 3.164405323574382
34 3.357987100602513
34 4.520008917106353
34 1.593857576665231
34 4.513100866633764
34 2.589790905898591
34 8.039685901764180
34 3.651942178153038
34 3.083094013233925
34 5.078762978776147
34 5.689961021380848
34 5.040436056712007
34 7.274915038380580
34 3.674342247493980
34 2.878336299154924
34 4.048830156890999
34 3.942847552493524
34 2.665803752486195
34 2.734756969401135
34 3.342344965367758
34 2.200697635796999
34 2.482759725701258
34 4.669058809362467
34 9.664017196718495
34 7.023153869111362
34 4.266683125714284
34 3.091616306261572
34 2.718223375838876
34 6.866413368772220
34 2.681930549142015
34 5.548902266385582
34 4.066929438003866
34 4.884554249791058
34 3.669187684379420
34 2.711964069183034
34 9.235366925684099
34 4.818135304052683
34 6.568781685820281
34 4.158858824440083
34 3.620161025485698
34 9.550736306167691
34 4.600293540601900
34 9.667692702507859
34 8.835812787426750
34 3.004572221826441
34 2.485351835862347
34 1.949571236933463
34 6.249428286247207
34 7.875913404817325
34 3.577155673764046
34 2.423102910668500
34 3.944631911405498
34 3.481416220336740
34 3.975198878695922
34 4.249213715812595
34 4.494693968073993
34 6.213564346629878
34 1.818323840046485
34 3.375279242854052
34 2.643811655285311
34 4.529801533373393
34 5.447616591027439
34 7.258173039757532
34 2.940082631145033
34 2.322598427392319
34 3.297511686558833
34 3.502852289862729
34 2.098995135966449
34 2.114138555878853
34 2.404670854712723
34 3.343049701851598
34 1.937075703117003
34 5.122002780284318
34 7.370812830087706
34 2.810484439831087
34 2.130544146130442
34 3.980748120424138
34 5.375013347741311
34 1.753091677014085
34 9.560393118047802
34 4.200443930850994
34 9.756030825031907
34 3.703436048215528
34 2.081805922488183
34 9.752571529290197
34 3.548338201222663
34 3.525966453365417
34 5.307863409418700
34 7.572742165133620
34 2.868502349003740
34 1.643981089807097
34 1.746339823873201
34 2.599649545843295
34 9.910409366443339
34 4.546836361644639
34 6.568387268040641
34 9.556501578562429
34 3.321030007119815
34 2.155602526716165
34 6.841279414078278
34 1.798654324155313
34 9.577731101220724
34 8.321915066812274
34 3.507514159807282
34 5.676413772903492
34 3.118858397784712
34 9.502276798678064
34 2.327401264232127
34 6.508419215320348
34 3.933512948443868
34 4.712589440144636
34 3.303892845109996
34 4.543339918995521
34 2.072373291242067
34 4.579470508608170
34 9.831760473304859
34 2.201727653073566
34 3.924577517959804
34 9.706283212307603
34 5.563951059847674
34 4.237066095696136
34 3.785790090201614
34 3.397979570989731
34 3.648739191157884
34 5.858032660870633
34 2.426117553790464
34 1.704947207779910
34 2.849065324641710
34 6.482711319946719
34 5.401885401128087
34 6.614141386091326
34 3.530821567237276
34 9.600262281316910
34 3.695996437142176
34 2.638404737491504
34 9.573781866590831
34 2.678788855504661
34 5.958195681477618
34 3.325682021002349
34 3.644528725579773
34 7.636416098583361
34 2.603890771456450
34 2.840730889176982
34 2.876685147809849
34 1.949198443860350
34 4.837452466520068
34 1.667473371469940
34 3.641922444908372
34 2.838972067679234
34 3.544904841401321
34 3.428076232109870
34 3.387372779503811
34 3.399201717503837
34 2.486298275857198
34 3.686893547065452
34 4.522357590038770
34 7.213187888296632
34 5.999334031780140
34 3.115202396585254
34 9.463697926836787
34 5.103065785317380
34 2.725900945417536
34 9.710616081356013
34 7.026299627662350
34 4.650937268486576
34 5.431265831270203
34 4.262634510866843
34 2.224817047665582
34 3.678687515299552
34 9.812303173196163
34 5.907495425511727
34 9.541659435183798
34 2.709965343633385
34 9.063071472740617
34 9.753697290796296
34 3.807112718038579
34 9.569975218214559
34 9.791013862416175
34 3.688538546681226
34 3.063392799924037
34 4.133136653031945
34 5.187401137932838
34 3.163637622537344
34 3.610725139040671
34 5.243293124719230
34 9.657171930907722
34 1.787656416338249
34 2.258420562770645
34 4.636081129347153
34 2.283057213020699
34 8.388659491820064
34 3.822730615961953
34 9.740457266115666
34 6.228298483497291
34 2.343305460217298
34 6.739547863225820
34 7.108843377689751
34 5.712920229264215
34 1.919678094767429
34 2.521747686026272
34 6.110483618710071
34 5.295193232727149
34 3.364790175274811
34 3.364213495465688
34 3.370254957233333
34 3.679999938818556
34 9.225083516483085
34 3.538249100951464
34 2.930768579203999
34 4.742827991760056
34 2.488485920329881
34 5.447616591027439
34 7.258173039757532
34 2.940082631145033
34 2.322598427392319
34 3.297511686558833
34 3.502852289862729
34 2.098995135966449
34 2.114138555878853
34 2.404670854712723
34 3.343049701851598
34 1.937075703117003
34 5.122002780284318
34 7.370812830087706
34 2.810484439831087
34 2.130544146130442
34 3.980748120424138
34 5.375013347741311
34 1.753091677014085
34 9.560393118047802
34 4.200443930850994
34 9.756030825031907
34 3.703436048215528
34 2.081805922488183
34 9.752571529290197
34 3.548338201222663
34 3.525966453365417
34 5.307863409418700
34 7.572742165133620
34 2.868502349003740
34 1.643981089807097
34 1.746339823873201
34 2.599649545843295
34 9.910409366443339
34 4.546836361644639
34 6.568387268040641
34 9.556501578562429
34 3.321030007119815
34 2.155602526716165
34 6.841279414078278
34 1.798654324155313
34 9.577731101220724
34 8.321915066812274
34 3.507514159807282
34 5.676413772903492
34 3.118858397784712
34 9.502276798678064
34 2.327401264232127
34 6.508419215320348
34 3.933512948443868
34 4.712589440144636
