10 0.064453546054061
10 1.548241980889050
10 0.069539963483754
10 0.404426138784030
10 0.112776578789314
10 0.031777159993310
10 0.040334908580714
10 0.034627371059394
10 0.065810496404210
10 0.294309263280657
10 0.121577939113028
10 0.132402140381994
10 0.093112012807834
10 0.062974725791070
10 0.062506405178293
10 0.087747342208449
10 0.115423285697031
10 0.059004099684137
10 0.079574598250225
10 0.076422684819311
10 0.073803088225960
10 0.035464832845670
10 0.057288428524487
10 0.062505246596914
10 0.043170409323861
10 0.049112530544371
10 0.058428459233477
10 0.083066202662424
10 0.041963812050835
10 0.235097541191286
10 0.043196900700890
10 0.066394709212509
10 0.045099857727723
10 0.080532175404966
10 0.063629079253369
10 0.058093988385697
10 0.062552900692885
10 0.037694789465251
10 0.113951372366870
10 0.142768631331047
10 0.042615066386124
10 0.054645402134521
10 0.096015509683154
10 0.129026334096261
10 0.094092764666510
10 0.035792938531950
10 0.062659862423746
10 0.041655443688635
10 0.081509785672917
10 0.098528790719972
10 0.044417114119431
10 0.076365502168392
10 0.173925419172100
10 0.048031423145879
10 0.073998678248548
10 0.102625411135083
10 0.124826603024152
10 0.137336223981007
10 0.055003674076668
10 0.061395155715124
10 0.076492093138283
10 10.000000000000000
10 0.028282100553987
10 0.128387830236589
10 0.157361256681841
10 0.045246923048074
10 0.053405986174938
10 0.072656165992573
10 0.068224222273719
10 0.089167381045617
10 1.145408152421582
10 0.160945092326508
10 0.129580613499805
10 0.023090229756279
10 0.084123511359006
10 0.071724529535598
10 0.041270086066928
10 0.050189068519856
10 0.046589106644876
10 0.058439481133291
10 0.096236691514386
10 0.070162264286240
10 0.045684764523571
10 0.042413438546865
10 0.138399956482297
10 0.062179212316273
10 0.069184591498968
10 0.086513104085466
10 0.042544052194733
10 0.079989691051423
10 0.110170535681140
10 0.033968569977855
10 0.055596541750612
10 0.085526259869343
10 0.113937664645558
10 0.056961486940735
10 0.034536390371366
10 0.066392116043760
10 0.121199217690504
10 0.415620539943651
10 0.055776148038028
10 0.074763397552674
10 0.064104860529008
10 0.208504483747862
10 0.054650296877903
10 1.336465965329249
10 0.875221402634167
10 0.443668028538704
10 0.060701535962097
10 0.111420379402563
10 0.227606769470864
10 0.052397833290012
10 0.056813156795773
10 0.050554661943461
10 0.072558894542347
10 0.069811739514613
10 0.053646531831571
10 0.072682866269955
10 0.081827985669998
10 0.169140771952705
10 0.093681803652656
10 1.944614971281179
10 0.327791294361558
10 0.082599615542258
10 0.138470101048339
10 0.082234397967004
10 0.061858640719197
10 0.089196446305476
10 0.057693063959601
10 0.043987667190123
10 0.520464024166841
10 0.024625754578817
10 1.533494246973687
10 0.128296113178338
10 0.050792692766561
10 0.042187961164416
10 0.039426149309985
10 0.055134729847985
10 0.068216200660386
10 0.351547232571953
10 0.039474948544424
10 0.022491407305212
10 0.074951705590170
10 0.023840266573640
10 0.043361572203313
10 0.062884788997311
10 0.106129645727726
10 0.091004788120109
10 0.103543368026053
10 0.061909889847067
10 0.033196442255937
10 0.060329043850371
10 0.087748094691616
10 0.073164802567431
10 0.048686928055932
10 0.097632794912471
10 0.123599965190230
10 0.096912252500183
10 0.053943485389724
10 0.031310681919784
10 0.063555452387433
10 0.223077864217434
10 0.064090158727125
10 0.046879971060160
10 0.037588748875358
10 0.089689031161834
10 0.065455790320977
10 0.048161244547745
10 0.081866100195965
10 0.129441174785190
10 0.165552292079294
10 0.044283210354051
10 0.208309915331308
10 0.065971953222051
10 0.083107241403133
10 0.042384432520117
10 0.072803534923304
10 0.042428568230217
10 0.050062954781377
10 0.048749384331668
10 0.021379112020957
10 0.110470836396819
10 0.040688172926544
10 0.116052935935992
10 0.081765774983195
10 0.086827673265306
10 0.190869724262417
10 0.058991616770480
10 1.406766654302454
10 0.070695677629883
10 0.048636417495723
10 0.119111922712816
10 0.036262148954924
10 0.054224251066097
10 0.060926091732511
10 0.120306420421354
10 0.056918053977894
10 0.074950903981403
10 0.057285868319019
10 0.096361273211627
10 0.093642978081632
10 0.093052817411064
10 0.063770354937394
10 0.050617943861140
10 0.035363609913992
10 0.053459592047846
10 0.049134799537025
10 0.079726290271967
10 0.227586807868335
10 0.099615876799023
10 0.064412799899656
10 0.064022713630212
10 0.107825660649286
10 0.068929568607223
10 0.044433470035848
10 0.034695478337558
10 0.063798702627213
10 0.058109383487297
10 0.038934621860841
10 0.065236150696026
10 0.065667959750261
10 0.093247501334023
10 0.078498480426316
10 0.087550040517542
10 0.049338205820261
10 0.482440570423196
10 0.041759769603864
10 0.093073759226490
10 0.061412055864523
10 0.054557436564580
10 0.147421831527041
10 0.136159512854761
10 0.066818422404111
10 0.236630072729231
10 0.052783352783336
10 0.039462365154392
10 0.107273932492232
10 0.069742867958904
10 0.088403826398111
10 0.134772203398740
10 0.090301027146102
10 0.056185245250665
10 0.094383190287710
10 1.067325986485475
10 0.091899828298239
10 0.116622347651516
10 1.366163489291922
10 0.813753401106564
10 0.101261134445719
10 0.046715732413122
10 0.059169595627353
10 0.087052839470184
10 0.068547929344716
10 0.135028057147028
10 0.061308463276640
10 0.126706734353363
10 0.034543322135669
10 0.104494955125997
10 0.053937553893458
10 0.148925042211681
10 1.956984582581723
10 0.091792472932206
10 0.036184771392522
10 0.032181559499589
10 0.193537671574750
10 0.100730371980729
10 0.850902243210522
10 0.044696085856676
10 0.069032377341887
10 0.039694402472533
10 0.176391817443853
10 0.031283771482955
10 0.076785179231492
10 0.075739274745825
10 0.058329488558970
10 0.070734567740258
10 0.069891671286656
10 0.026311989245418
10 0.088969999505377
10 0.070920883425922
10 0.031917114844299
10 0.044068058528982
10 0.038261982280907
10 0.318066809049173
10 0.045618640711224
10 0.068183062057930
10 0.111563548135073
10 0.042442892489129
10 0.335588401179101
10 0.084433195818311
10 0.120231216950250
10 0.055096166104042
10 0.045260402589648
10 0.081047900044669
10 0.098638481239328
10 0.278610277207367
10 0.074632450705479
10 0.039173690420242
10 0.090022713702132
10 0.053914423232993
10 0.123469986797678
10 0.082323046796264
10 0.087385913857230
10 0.071878918204898
10 0.041632535208487
10 0.066621686506565
10 0.033133369331034
10 0.078859176813391
10 0.106907652703629
10 0.082475543787003
10 0.068978481116817
10 0.042747018105950
10 0.061427954767045
10 0.195062834352699
10 0.061567690293419
10 0.049397784563824
10 0.043211032909454
10 0.088946650783968
10 0.088729544481057
10 0.113167920656228
10 0.085066659881590
10 0.032354605429128
10 0.080962761309519
10 0.109405932068620
10 0.056363371984590
10 0.038096156592351
10 0.050898224644447
10 0.047060203025395
10 0.057947516763422
10 0.046342903286263
10 0.064185756030753
10 0.037981132475808
10 0.125442907215517
10 0.099662850415282
10 0.046676231343857
10 0.082229831902650
10 0.051386395511690
10 0.121111811216400
10 0.045812072304538
10 0.080455709655531
10 0.070666281994862
10 0.048257034404895
10 0.107625764964536
10 0.048666800262136
10 0.097744872761672
10 0.038216886069065
10 0.071263271405043
10 0.087831407314092
10 0.049385017503998
10 0.203359556571811
10 0.073392452739027
10 0.134397660824779
10 0.034491120156016
10 0.141273407532889
10 0.066582675266377
10 0.319502609232232
10 0.120135620280355
10 0.206902074652120
10 0.064595420280864
10 0.113315856929630
10 0.048240380960022
10 0.165784491269256
10 0.046763557833586
10 0.081907977076138
10 0.135716712486602
10 0.041159703926803
10 0.056893683130094
10 0.068409163458591
10 0.070471607775731
10 0.051378069488047
10 0.090803184845504
10 0.061917487350187
10 0.057760721052486
10 0.081574207607635
10 0.079455446539802
10 0.079843792387479
10 0.471667584665933
10 0.055726215994244
10 0.068274613648827
10 0.105176601073514
10 0.063002234696874
10 0.043726647582340
10 0.043352982307848
10 0.067087335616911
10 0.046566895186581
10 0.054349712828924
10 0.069661979605550
10 0.037180265250616
10 0.065899125845362
10 0.070213708050177
10 0.177238984962024
10 0.149218868469736
10 0.081348894683196
10 0.050639641444189
10 0.176943558919618
10 0.084171290155900
10 0.057053924072529
10 0.060231107312688
10 0.082212235456939
10 0.084180797415987
10 0.106702143082209
10 0.040098594627333
10 0.048625589043783
10 0.042347725778382
10 0.048475484939879
10 0.480258300486202
10 0.102645095520233
10 0.096206273722245
10 0.057878765965460
10 0.047336570733181
10 0.095571140142171
10 0.026458771712458
10 0.044748050078451
10 0.181880867082793
10 0.040275343690086
10 1.530635884762823
10 0.629741595204338
10 0.183581924805280
10 0.083614714111203
10 0.046227073444542
10 0.056748653253869
10 0.064758032344646
10 0.029127387158676
10 0.162356126522508
10 0.050167366836988
10 0.050472445365269
10 0.062078718727586
10 0.114919242064852
10 0.088923210209430
10 0.051776717375924
10 0.134601027676594
10 0.050846236753551
10 0.099856171864514
10 0.078178450776187
10 0.043479230574766
10 0.042720892786640
10 0.330569555158917
10 0.069046311424665
10 0.066456675484456
10 0.090987676671653
10 0.062703129524018
10 0.083305650287700
10 0.069667964344567
16 0.376737423837787
16 5.290799170018088
16 0.706757317677090
16 0.307834708708916
16 0.280796327545105
16 0.234875447182825
16 0.372698843112770
16 0.409387522535144
16 0.206548812423341
16 0.368400209279647
16 2.427327873151275
16 0.268211048977968
16 0.378077775111449
16 0.217865325219258
16 0.478802302939566
16 0.648230222166859
16 0.188556045834791
16 1.003926505470085
16 0.229020442537762
16 5.426857837128173
16 0.253667313865577
16 0.367792775781475
16 0.179088472877530
16 0.274707201620188
16 0.363859551823381
16 0.274196592878057
16 0.313441788977293
16 0.347799547544976
16 0.269008682214345
16 0.228231396428228
16 1.985853855196159
16 0.415168474306188
16 0.187626726262122
16 0.411479803118471
16 4.686143516382572
16 1.549006892481015
16 1.925198914266288
16 0.241110822424194
16 0.341236263495329
16 0.426918370863042
16 0.489459281177396
16 0.766665552109540
16 0.274307181127329
16 0.238498318860801
16 0.406802505894185
16 0.339584501038722
16 0.359344268204678
16 0.736926402725964
16 0.350356005769968
16 0.347973623947345
16 0.319129765681684
16 0.661157692785933
16 0.221802718136785
16 2.375783177973896
16 0.516822026533422
16 0.352939234612881
16 0.798658480459828
16 0.606154981582739
16 0.376966258144374
16 0.134106947927867
16 0.226814394471582
16 0.200013223512403
16 0.230264884107062
16 2.924405610606502
16 0.323169322098203
16 0.452903495061223
16 1.624330302116604
16 1.296068214716231
16 0.530435179737157
16 0.609908155889408
16 0.358002192933589
16 0.449490316843381
16 0.732919862153540
16 0.642034332865471
16 0.865852281573014
16 0.333465658560853
16 0.364493902631339
16 0.288120042034643
16 0.879502434965540
16 0.272836323679609
16 0.315687736406390
16 0.441087403362114
16 0.518662851224094
16 0.298494234265805
16 0.464726205186166
16 0.669493234971272
16 0.236457506824566
16 0.560035992572226
16 0.245997663915732
16 0.397706337482487
16 0.280445121461967
16 0.933672967239465
16 0.674499529321515
16 1.827016228012940
16 0.364887982846733
16 0.208441141593524
16 0.486429708721829
16 2.144878923230838
16 0.855598806194963
16 0.279460593816893
16 0.312073734917865
16 0.614700106440401
16 0.215560541145691
16 0.429872913206838
16 0.278109486092557
16 0.258204617792946
16 0.468626048901980
16 0.391927245362043
16 0.247464990978812
16 0.333684415522948
16 0.714378917306841
16 0.336149690402834
16 0.313551229831416
16 0.277050764410635
16 0.297709292702410
16 0.588687825912999
16 0.865113396731507
16 0.228239874034744
16 3.964073515110252
16 0.571263559851076
16 0.567359855336150
16 0.318396047047948
16 0.292419088628781
16 0.331109430401003
16 0.480234906034551
16 0.171860190964430
16 0.734068674900231
16 0.359554540951513
16 0.236609845910596
16 0.382471547428709
16 0.289338977475824
16 2.586959586047887
16 0.403241801598075
16 0.179312431861580
16 0.670705368284660
16 9.562817312250971
16 0.248369498665446
16 0.324845848606058
16 0.255874471034073
16 0.338420889592538
16 9.612463078191748
16 0.133969836633032
16 0.390860379289262
16 1.691670541439524
16 0.373859996366567
16 0.396713558390968
16 0.473178654620763
16 0.429322581802007
16 0.190554698021892
16 0.216346424178308
16 0.387806269110803
16 0.420896274443744
16 0.309381340624838
16 0.960509615460095
16 0.293654738774082
16 0.219100987444613
16 0.167501588425382
16 0.240262272416177
16 0.770066584654641
16 0.328059411572338
16 0.233141117531001
16 0.336931671730298
16 0.294952698399334
16 0.321734884663333
16 0.232403520818462
16 1.218308619134638
16 0.303427853865890
16 0.200330405079085
16 0.323840923867706
16 0.261981225770569
16 0.363663475368660
16 0.392718731290039
16 0.371650642262452
16 1.050635537094477
16 0.251426300623955
16 0.321481428085331
16 0.181103560023764
16 0.558999260634685
16 0.357123975383185
16 0.275185956674946
16 0.224402150956660
16 1.359274724644124
16 0.294770537236306
16 0.390078020982838
16 0.373275243433962
16 0.723254131943658
16 0.366513676978122
16 0.406161970913437
16 0.589298762459443
16 0.414167205642970
16 2.150767120275774
16 0.268073823563477
16 0.589577503919121
16 0.358240120046535
16 0.465802959461262
16 0.436804099978034
16 0.449796021446223
16 0.774406238325651
16 0.175888864808841
16 0.888937696739942
16 0.658042627806437
16 0.234212267633010
16 0.314642241162067
16 0.430594070875510
16 0.369776377278290
16 2.571296898206544
16 0.241116102151907
16 0.694186504512739
16 0.164165728632532
16 0.669835001429299
16 0.332306585964563
16 0.389996017635586
16 1.210249593429575
16 0.348173908570927
16 0.893352094674409
16 0.522102410912691
16 0.305684838873721
16 0.627342305509352
16 0.341745596462549
16 1.427919260707866
16 0.206427125050630
16 0.278655616766154
16 0.254693108574349
16 0.263898316924765
16 0.150980253018107
16 0.373959416731447
16 0.342733490314101
16 0.378655295642735
16 2.955126349988747
16 1.531011775047672
16 0.472012508697902
16 0.578467420593452
16 0.449497075088894
16 0.326834873184547
16 0.439005217599501
16 0.183855542987969
16 0.285961270566948
16 0.402364945955551
16 0.530839623495408
16 0.186275475810599
16 0.320666964585326
16 1.486941896993533
16 0.410351300229106
16 0.223247189562318
16 0.893481644644154
16 0.464631038042135
16 0.252554726531410
16 0.306092779779046
16 0.303101351477051
16 0.270649300481871
16 0.319129765681684
16 0.661157692785933
16 0.221802718136785
16 2.375783177973896
16 0.516822026533422
16 0.352939234612881
16 0.798658480459828
16 0.606154981582739
16 0.376966258144374
16 0.134106947927867
16 0.226814394471582
16 0.200013223512403
16 0.230264884107062
16 2.924405610606502
16 0.323169322098203
16 0.452903495061223
16 1.624330302116604
16 1.296068214716231
16 0.530435179737157
16 0.609908155889408
16 0.358002192933589
16 0.449490316843381
16 0.732919862153540
16 0.642034332865471
16 0.865852281573014
16 0.333465658560853
16 0.364493902631339
16 0.288120042034643
16 0.879502434965540
16 0.272836323679609
16 0.315687736406390
16 0.441087403362114
16 0.518662851224094
16 0.298494234265805
16 0.464726205186166
16 0.669493234971272
16 0.236457506824566
16 0.560035992572226
16 0.245997663915732
16 0.397706337482487
16 0.280445121461967
16 0.933672967239465
16 0.674499529321515
16 1.827016228012940
16 0.364887982846733
16 0.208441141593524
16 0.486429708721829
16 2.144878923230838
16 0.855598806194963
16 0.279460593816893
16 0.693627834517656
16 0.625545795522894
16 0.196156547104182
16 0.323980393020324
16 0.314350617055012
16 0.267699925581787
16 0.278610678748459
16 0.278138076215334
16 9.908942873683898
16 0.252448607515387
16 0.298727157311445
16 0.394501722912351
16 0.406988857374547
16 1.203197190609320
16 0.421033084952007
16 0.264056279803794
16 0.215853746318388
16 0.179631244371675
16 0.263935850134633
16 0.337593632374704
16 0.363062859964387
16 0.418610076341566
16 0.391713705339503
16 0.465098950432153
16 0.370156999343190
16 0.284656525890145
16 0.183117313431987
16 0.197543483788844
16 0.404832317437858
16 0.329169295122733
16 0.714657178016560
16 0.198194694850535
16 0.410595705699190
16 1.024169367159981
16 0.294826495366684
16 0.349448151971749
16 0.457488786626279
16 0.350638192187199
16 0.533678039316159
16 0.190864010346591
16 0.249288943738621
16 0.334528380717455
16 0.516850716514246
16 0.237998451338790
16 0.321163293845588
16 0.902556136809888
16 0.536319468109794
16 0.257965772358185
16 0.471719189731224
16 0.256725077485676
16 0.692931305445978
16 0.349594863640945
16 0.434568226249620
16 0.461076134401304
16 0.407789127021666
16 0.642637761137239
16 0.432220359959981
16 0.350232670031067
16 0.349840683053083
16 0.149864188081458
16 0.541606466534145
16 0.165372719505764
16 0.389378556983385
16 0.338535395264528
16 0.413892811395926
16 0.422593172448371
16 2.984440135104021
16 0.188429004057503
16 0.276921427828840
16 0.378908618275902
16 0.329895684162677
16 0.429832130749564
16 6.102305784262569
16 0.681784895941279
16 0.249313159415957
16 0.323942017575948
16 2.383243916857040
16 0.226577029837992
16 0.407128152326640
16 0.289146131989964
16 0.403311623478506
16 0.289873905698529
16 0.250689597828990
16 0.196283129350262
16 0.179390102647652
16 0.287402355859678
16 0.249162436885196
16 0.369879272292256
16 1.885632743614948
16 0.244711304763499
16 0.460602596873240
16 0.495408407136749
16 0.564101094499947
16 0.462769550485935
16 0.355647993416233
16 0.264772367014949
16 0.508689287107845
16 0.253067447828277
16 0.468997304362285
16 0.356548257311911
16 0.669785108390191
16 0.550835656418027
16 0.820183480545246
16 0.416356775039548
16 0.672659979890308
16 0.688951872307149
16 0.588285356814734
16 0.359362424664316
16 0.236100527187450
16 3.210543580830779
16 0.391204270816942
16 0.282886478203623
16 0.174524695317423
16 0.719276722718725
16 0.243526177128267
16 0.221195872017257
16 1.155945860746230
16 1.215558247499220
16 2.962816689905642
16 0.276246528021029
16 0.299309019221988
16 0.261239112418493
16 0.555564659920785
16 7.805429386586619
16 0.493088113053332
16 0.295274592839384
16 0.429210212868586
16 0.558664888485782
16 0.224619258566014
16 0.621539367237599
16 0.204494610426266
16 0.600985355856746
16 0.294436553435925
16 0.556777618451848
16 0.820963250813541
16 0.210311473629766
16 0.232937648759444
16 0.590475078221854
16 0.239642266293733
16 0.439140719341163
16 4.356410462792318
16 0.322695133717154
16 0.462715490544032
16 0.273594002814773
16 0.272378644283964
16 1.294029062797001
16 0.488110144782627
16 0.285596734549351
16 0.293954969152914
16 0.382957125278979
16 0.349153578191735
16 0.227568573882503
16 0.507591628605872
16 0.839654134793341
16 0.356190920228245
16 0.247120536621574
16 0.358468767104010
16 0.527182896388195
16 0.699166915534763
16 0.219333148196690
16 0.339704424243982
16 0.431726885449578
16 0.219940568562113
16 0.216176218010030
16 0.181764671263868
16 0.363071404835575
16 0.275150267973549
16 0.366365241622285
16 0.827898759924862
16 0.265509721957306
16 0.676344471472153
16 0.347065511781706
16 0.146836634055024
16 0.224858948730671
16 0.716973958360557
16 0.245172996615847
16 0.216378067733530
16 0.287100151301637
16 0.160447700227207
16 0.587831567939998
16 0.902587576101845
16 0.323335221843854
16 0.298026422336878
16 0.795027939765011
16 0.276670094714849
16 0.197315399304724
16 0.369466853932604
16 0.452477985698304
16 4.967887492506517
16 0.654708532765867
16 0.204372404686857
16 0.552692405349627
16 0.334058560967774
16 0.696393617839822
16 0.216139415434395
16 0.362301090197231
16 0.662642054445863
16 0.254478109836429
16 0.319478419111055
16 0.256297432817721
22 2.342135871585530
22 1.746517623247347
22 0.566805438163224
22 1.251768577140774
22 1.337078250348662
22 0.990569638778446
22 1.937642746029676
22 1.120787839004427
22 1.122238968555109
22 0.948111350843960
22 1.412665230836399
22 1.951665516947432
22 1.388615488829427
22 1.416863603821162
22 1.257709191713166
22 1.523412851570780
22 1.032332611243864
22 1.090715453081382
22 1.132511248776196
22 2.984231666385938
22 1.882338749670589
22 1.437380599833620
22 0.915880249296468
22 0.846857968554537
22 1.301944449363257
22 0.942472449440563
22 1.292375878065484
22 0.908861455258074
22 1.585371978652654
22 1.843760788706088
22 0.520357482146358
22 1.619838186112363
22 0.838796237352770
22 0.591141531964660
22 0.686146855361842
22 1.455055185705667
22 0.741324733410901
22 1.675140453558460
22 1.129715911769720
22 0.805687526634183
22 0.502985808671131
22 0.872514917760482
22 1.151983552495691
22 1.431700679541824
22 0.756353521559342
22 1.266340227272175
22 1.023967021546431
22 0.959844469187849
22 0.838004527167509
22 1.417644809188990
22 1.358167650108608
22 0.598376636927332
22 1.492913025149846
22 1.133439016157276
22 0.675035847598408
22 9.871722818622038
22 0.720457709766839
22 1.483671286916317
22 0.540058741118842
22 1.086212161303449
22 1.157965596468959
22 0.789788742791386
22 2.024456440735136
22 1.827316416796953
22 0.657148758659982
22 0.653815821174482
22 1.201146577721657
22 2.080902211601250
22 0.667616438301050
22 0.676859792318294
22 0.423422533433435
22 0.697636969114151
22 2.495328849456905
22 1.564466046736354
22 0.781884265084643
22 0.844543237979146
22 1.109537340980329
22 0.872951753351582
22 0.936133511779627
22 1.122423214899835
22 1.902786178326446
22 0.908453847787221
22 1.615479941095703
22 4.729586504617543
22 1.119327729532378
22 1.048538699512228
22 0.592818157902562
22 4.119730695212806
22 2.912272291704435
22 0.494174286419160
22 0.673308296224798
22 0.700501226008358
22 9.609019352741726
22 0.734736506787219
22 0.802888354879800
22 1.957301750091404
22 1.481755824534821
22 1.603388778812852
22 1.279122014520188
22 1.129731947831121
22 2.342135871585530
22 1.746517623247347
22 0.566805438163224
22 1.251768577140774
22 1.337078250348662
22 0.990569638778446
22 1.937642746029676
22 1.120787839004427
22 1.122238968555109
22 0.948111350843960
22 1.412665230836399
22 1.951665516947432
22 1.388615488829427
22 1.416863603821162
22 1.257709191713166
22 1.523412851570780
22 1.032332611243864
22 1.090715453081382
22 1.132511248776196
22 2.984231666385938
22 1.882338749670589
22 1.437380599833620
22 0.915880249296468
22 0.846857968554537
22 1.301944449363257
22 0.942472449440563
22 1.292375878065484
22 0.908861455258074
22 1.585371978652654
22 1.843760788706088
22 0.520357482146358
22 1.619838186112363
22 0.838796237352770
22 0.591141531964660
22 0.686146855361842
22 1.455055185705667
22 0.741324733410901
22 1.675140453558460
22 1.129715911769720
22 0.805687526634183
22 0.502985808671131
22 0.872514917760482
22 1.151983552495691
22 1.431700679541824
22 0.756353521559342
22 1.266340227272175
22 1.023967021546431
22 0.959844469187849
22 0.838004527167509
22 1.417644809188990
22 0.627797993091480
22 0.640585758703567
22 0.547173003010490
22 1.747885928324265
22 1.024743966196722
22 0.525017955963603
22 1.323987547846719
22 1.305753463054619
22 0.869087908375840
22 1.647119179013455
22 0.583100870490258
22 0.935651756368262
22 1.004524341809055
22 1.088401076660310
22 1.221231529116600
22 1.072426981786820
22 2.834615366466181
22 1.699317627724831
22 0.901146778041825
22 1.962111751156143
22 1.763521208806385
22 0.790706096115446
22 0.962885747968753
22 0.506364324952853
22 1.029501613378878
22 1.558718079625909
22 0.765631183241537
22 9.494301874124560
22 0.626023841690404
22 0.793151551315765
22 1.238027550651361
22 0.795697407108266
22 1.483107457811860
22 1.259337885390284
22 0.804217890310105
22 1.072883862354564
22 1.186707702780314
22 1.144992255438002
22 0.637106359206175
22 3.340129185090879
22 0.614794361836323
22 0.569218161418662
22 0.683231600105477
22 1.000001906827978
22 9.544459017862874
22 1.650227658427012
22 0.709201807606525
22 1.250695483026314
22 1.683482425664002
22 1.177103237356176
22 1.118967471265103
22 0.716386662007385
22 0.821189354980171
22 1.582592056742375
22 0.746806282900880
22 5.716037420407588
22 2.488941196909629
22 0.591573188533761
22 0.826126241009660
22 0.966475506685691
22 0.800705468192866
22 1.801808724227593
22 1.281095107033984
22 0.989319512298822
22 0.491184644245345
22 0.969018611091477
22 1.952392565084731
22 0.831309727446125
22 0.897933304421553
22 1.535913796008164
22 0.745650776681061
22 0.823437926951345
22 1.370163013959989
22 1.193495282449384
22 1.461443986429865
22 0.998773065534193
22 2.518930479524220
22 0.931994496298542
22 0.992659934365454
22 0.915027581834857
22 1.211952266542907
22 5.628482101373148
22 0.680255043639659
22 1.264488212090683
22 0.503624875569830
22 1.924080177915401
22 1.228910154927796
22 1.107747584899558
22 0.789314432244744
22 1.729191371099496
22 0.894121742846498
22 1.485164386522953
22 1.267605348240674
22 2.235278890572282
22 0.862700070186458
22 1.229250201368137
22 1.360690446573771
22 0.640315863625874
22 1.420790338282502
22 0.851850273686100
22 1.289999739830073
22 0.951871239919688
22 0.932111743390440
22 1.317978331023704
22 0.716948992790644
22 1.061575383108010
22 0.968375804657417
22 0.509347834750652
22 0.547721163481218
22 0.929530273734493
22 0.719146695132538
22 0.971591900255000
22 0.889369654686971
22 3.586487380639451
22 1.352242567218963
22 0.997242761173899
22 3.380541823758465
22 0.624311914545252
22 1.040370377820850
22 1.185509878086092
22 0.819680356248218
22 1.315364371967562
22 1.601351273327531
22 1.538660729321816
22 0.957921828304219
22 0.919358468043469
22 0.728969749146469
22 3.429879051809289
22 0.809119142704378
22 0.940133566324391
22 1.055736594825233
22 1.257770508149125
22 0.924731678895236
22 0.973113767226350
22 1.255415990725714
22 0.879102446135069
22 0.889797709227326
22 1.244112193328188
22 1.208163593946285
22 1.316885207514498
22 0.705097744497462
22 0.932170630748653
22 1.450322637683834
22 0.526339801041882
22 0.636618365524618
22 1.200834754501335
22 0.684019952444137
22 1.078593290015699
22 2.259432460256216
22 9.732797877881591
22 1.316727888143128
22 0.701003988390030
22 1.065272055486286
22 3.693539725646682
22 1.110715948309017
22 0.486984986419888
22 5.846358529299437
22 1.691394448794385
22 1.607391653047746
22 1.010137595582641
22 1.282667371382931
22 0.963230859292536
22 1.850526253848895
22 1.227967804673405
22 1.027504230675196
22 1.803652729261010
22 1.335248195272485
22 0.654725661546861
22 0.993203866679798
22 1.090392150625902
22 0.696284006821933
22 0.704006004124031
22 1.499453825961012
22 0.712883327489365
22 1.680086914278416
22 6.748713991214946
22 0.726288784510355
22 1.743116793630022
22 1.156533275262793
22 0.838411040233864
22 1.799768177072694
22 0.786579340304143
22 0.951130268753348
22 2.156953217869533
22 1.438901096074892
22 0.743734397784662
22 2.069974276617469
22 1.363465184332663
22 1.163955236801128
22 1.119924825188056
22 0.776505693798252
22 0.606310524677824
22 0.945408618403134
22 0.886406729207109
22 0.549460577144501
22 1.109392386898274
22 0.727258736346934
22 0.791332230494685
22 2.501284279939127
22 0.605026652978147
22 1.115887565452203
22 1.691476665787985
22 0.677905708028580
22 1.093142582534518
22 6.500569484052792
22 1.791121172128820
22 2.638906241100160
22 0.978281420175888
22 1.151093672782738
22 0.647201985593106
22 1.028514818050120
22 0.766700482318318
22 0.690230701226663
22 1.250708497956643
22 2.312693119304465
22 0.612132688943190
22 1.154032314854702
22 0.530689204396609
22 8.347506268481574
22 2.769474530447373
22 0.973381999370690
22 0.928622654549693
22 1.347214642526213
22 1.179154274055236
22 0.752082103297005
22 0.738685314032435
22 0.972151324892676
22 1.544604609280728
22 1.146279028265790
22 1.092495035908665
22 1.231903776215864
22 0.720740891632973
22 0.705865610140891
22 1.054342507156217
22 0.988967913851357
22 0.580281946120343
22 1.237716385312789
22 1.134711803556109
22 1.564955806975385
22 0.623621742191962
22 8.953070915394779
22 0.616827270338490
22 1.151898407012818
22 1.896706973006462
22 1.225327122094584
22 1.629114354715617
22 0.468805229920709
22 0.649556884963737
22 0.853705243288046
22 0.571009991068792
22 1.726170551650421
22 6.372079808065572
22 0.931203449163666
22 1.379354000103566
22 3.537764209578911
22 1.235244002082146
22 1.568299420643951
22 0.839210926614889
22 2.259390339145509
22 0.722473765913831
22 0.798909069272399
22 0.849407701327643
22 0.678037114918678
22 1.564162199506869
22 0.813335692494664
22 0.466365742798728
22 1.007217568844196
22 0.391459592139141
22 0.794336587739950
22 1.471163029653310
22 0.917322960953494
22 1.238698460785606
22 2.607486615504592
22 0.570721810618186
22 1.830664058322119
22 1.319566422377805
22 0.698761286747148
22 0.948007025190945
22 0.652461692155361
22 1.123070647093987
22 9.719552569835034
22 0.654311797257807
22 1.233662376020340
22 1.128063941164916
22 1.313983474908098
22 1.602133224433619
22 0.404147998127999
22 1.079266519791476
22 8.191652189305735
22 1.958537095515844
22 9.490410405779130
22 0.997290702453372
22 0.938524067304830
22 1.296445125525984
22 1.343013653922944
22 0.785384024769122
22 2.704591109794059
22 0.905892739111334
22 7.912575933384383
22 1.617949687272661
22 2.055692215861889
22 1.052822744794768
22 1.201529963809594
22 1.845966707273790
22 1.436228557171630
22 9.381875263468388
22 4.491930661388357
22 0.706513617403223
22 0.443232863333312
22 1.606856194456666
22 1.752605085466826
22 1.352706546999835
22 1.274087173906737
22 1.806962815623342
22 1.552007057215068
22 0.895020637100925
22 1.207392755350869
22 1.022363356502467
22 1.217540040300240
22 1.327831269546306
22 1.162264041994368
22 1.308017871013617
22 5.343528953075718
22 1.044295971239857
22 2.383223465436191
22 1.431617586701662
22 0.922414534246761
22 1.289285266144767
22 0.696583470124498
22 0.846102213334032
22 1.274669253255347
22 0.829188304968699
22 0.675235646601793
22 1.332576815040687
22 1.246519222297195
22 4.554580829099281
22 1.161488202111754
22 0.651168790947000
22 4.410765177833303
22 0.965571299565158
22 1.188600847740412
22 1.683462604774826
22 0.961134348364917
22 2.873163491616965
22 0.648582190123336
22 1.362851314210142
22 0.910899147891233
22 0.827905821292523
22 1.834054481509804
22 0.369732816735501
28 2.585519639317202
28 2.875472854854751
28 0.794051807730239
28 5.676710547092110
28 1.196736391294907
28 2.399243760689726
28 2.842534679112896
28 5.111267372121837
28 3.513144361855360
28 2.819612782837293
28 2.246554787176919
28 1.659967098184452
28 9.737120795208149
28 2.799539413139838
28 9.592144491504364
28 1.129194526437889
28 8.867283419810096
28 3.903886588081678
28 9.594508314281398
28 1.192995264527909
28 1.189077102120481
28 3.136392682856372
28 1.211073587613465
28 3.664964059231017
28 3.827055998254576
28 3.370513090382810
28 2.376644771672786
28 2.046668686217403
28 3.191160420058129
28 1.302634576156825
28 1.965550567542534
28 4.608364748133273
28 2.759714183930143
28 2.928927519093215
28 9.625097614072700
28 5.187000395875920
28 1.526738311386468
28 2.372138856817544
28 2.437129854656990
28 3.024971516584507
28 3.282165603632737
28 1.450277646049928
28 1.482951841302134
28 1.913600705357591
28 1.799747881939094
28 2.749421151794848
28 1.080955798669407
28 2.108270637283097
28 1.239998493070401
28 3.381960667725036
28 2.681982974178996
28 2.194832898762062
28 3.045684882017197
28 9.326702862857047
28 2.641125534808134
28 2.324670320112050
28 1.793176484897407
28 4.062924765753078
28 2.161232126027823
28 3.642239125377454
28 2.961751208366228
28 5.027841202429408
28 6.799572871603294
28 2.601048091178014
28 2.027766878947074
28 4.759794798963187
28 2.679109999401386
28 2.569068217454148
28 1.365194068926643
28 1.108683133045046
28 1.715975062337125
28 4.213881877004789
28 1.236434537857482
28 2.551792049410533
28 2.430939384149125
28 9.770327508443735
28 2.109946233034584
28 1.723564297214764
28 1.699487822591061
28 1.824756472953905
28 1.172459188328081
28 2.213951570484594
28 1.176150827177501
28 1.226837463849524
28 2.480948303058101
28 2.328152130218279
28 1.596028958434275
28 9.483865902442439
28 1.176784787910420
28 2.473899257615547
28 7.205055668388125
28 9.524692766359358
28 2.136402812879672
28 2.097925111884074
28 3.147326104201268
28 2.413454774545773
28 1.249692858003879
28 3.063436080235493
28 2.723044238748459
28 1.474376812407748
28 2.528090713156585
28 2.034704060772980
28 6.800642651968513
28 4.737866941954151
28 1.810785898874329
28 2.295103393457996
28 2.211737333538368
28 7.889213638462155
28 4.328891524797713
28 3.856368320812297
28 1.212848769426541
28 1.828916180055935
28 8.776190197252388
28 1.648196615463910
28 1.202866309884916
28 7.328772540991913
28 4.104051086629441
28 1.430410276824565
28 1.319771949940203
28 2.947214950476547
28 1.499484740654064
28 2.842978521311919
28 3.075222697655476
28 2.173093424677751
28 2.798932364501957
28 2.663719617247325
28 1.756761943455696
28 8.911536791842869
28 4.376550564134996
28 3.589722473222457
28 1.256822679486891
28 2.507008239061264
28 1.452622186773671
28 3.346340779522178
28 2.185604379735065
28 2.067018277533538
28 1.963800689531565
28 1.586435823812786
28 1.989099566368608
28 1.689738998505298
28 6.613865975100293
28 1.917727835778588
28 2.128118853808911
28 1.587138015802044
28 2.608415524549444
28 3.798396954632255
28 2.203669812731207
28 1.939607419905943
28 1.895090921834093
28 2.068546332306534
28 2.525063571861610
28 2.376390961488781
28 1.101665799310814
28 9.863853212921967
28 0.998810392548528
28 1.481019942747614
28 3.808006848363126
28 2.872527788615327
28 1.336180296799394
28 1.146744128690412
28 3.830226133857942
28 3.027113371725241
28 6.485432296780093
28 2.304980497947014
28 3.421896698372739
28 3.237113049162973
28 2.746625604384026
28 3.124266402668311
28 1.283453067496342
28 1.942195243298777
28 7.203739593500972
28 1.786428503301270
28 1.981722566781638
28 7.774596394377963
28 2.007255710521809
28 2.884057883276133
28 3.166542562414898
28 1.202672696334580
28 1.637659820528559
28 1.993479065649044
28 2.862777414299178
28 2.335933057734525
28 1.149825060730451
28 1.728931040912523
28 2.262524756113198
28 1.593444328095353
28 2.572571532248019
28 1.475691358564915
28 4.411246525678218
28 1.444514337675092
28 0.976398551087821
28 3.114464495145630
28 2.272847653970597
28 1.675297059240804
28 3.077647314787540
28 1.279835562850613
28 2.674907945475420
28 2.989162136974334
28 1.436689451025948
28 3.351918253285164
28 2.146696750240532
28 1.670013362263079
28 1.520870026335053
28 1.096737604898294
28 3.070625459863025
28 9.093851683515819
28 2.013399629558418
28 4.179554012374846
28 1.824008512708940
28 1.789642340534291
28 2.537904578116587
28 2.326973945515925
28 1.744543420329943
28 2.430954109070345
28 1.535540948983217
28 3.220100646173118
28 0.864895768136473
28 8.843613195386999
28 1.974716428166616
28 1.392338017005778
28 4.332296286295545
28 1.622947241312069
28 2.683775131525045
28 2.150892953257852
28 2.050730883812978
28 1.490049043913063
28 1.738082965609441
28 1.629635513108122
28 1.464388258486055
28 1.830737053496629
28 1.491160875592712
28 2.708623864215304
28 2.844116091361923
28 2.898640702628721
28 5.701033720942402
28 1.442255953891689
28 2.252722798737759
28 1.109718925175541
28 2.354401043813143
28 2.360734612575844
28 1.362251138046458
28 2.092409183296042
28 1.360583103423988
28 4.315282907004028
28 2.291879455183478
28 1.344951925393115
28 1.778959560351790
28 7.242470957830595
28 5.471876221523526
28 1.451221731554464
28 2.315690361752737
28 3.993351511148330
28 1.730964096688465
28 2.755707721107393
28 0.802374735920346
28 2.245971007085600
28 4.068789726435690
28 3.559073340215453
28 1.928573489990839
28 1.524369343545021
28 3.419019698805538
28 1.785298033969463
28 3.070431497290817
28 9.602951131033588
28 3.985787085260843
28 9.795116389443264
28 4.353853715798741
28 2.159975776206720
28 1.000247598242256
28 2.354320512041240
28 3.389714808956844
28 2.260297257626151
28 2.561037958987600
28 9.577508070234916
28 1.337539811510859
28 2.125506526520729
28 1.399028997936911
28 4.317455597565243
28 1.457170241240837
28 2.150898846866285
28 0.889469309455484
28 1.223958973272604
28 1.820377309397601
28 4.508992091413852
28 1.250261902847981
28 5.339470759651117
28 3.140712096755267
28 9.831020776446554
28 1.947845964030151
28 1.386823735405671
28 1.857732307787239
28 1.980174879864941
28 2.065143087442890
28 1.349477189896780
28 2.733726703368585
28 0.999199008682375
28 1.664432784086279
28 1.409752778721211
28 2.506994962100885
28 3.032924795988332
28 7.019595077568377
28 7.984349251982995
28 2.263526939271985
28 1.431340183862638
28 2.713673404128262
28 1.469838236602293
28 2.298354461488249
28 9.657786756293433
28 1.006405972500065
28 1.867223672379665
28 9.554699698380425
28 2.584794180339927
28 2.593454913947759
28 1.084731867686791
28 2.435108992572964
28 9.845096314225602
28 9.937669590724434
28 2.064310222408297
28 2.066435645892922
28 1.629839325213286
28 2.279835920756429
28 2.868905987656512
28 1.179183336737594
28 2.051688549147286
28 2.979957127962449
28 2.668413940288878
28 2.191976240633636
28 3.481032723290096
28 1.404246632137726
28 2.777355755503600
28 2.498468258165824
28 2.891329481695222
28 3.615440513620820
28 9.489890858895869
28 3.990107500315816
28 2.930438027206179
28 2.345787064621389
28 9.586426060697601
28 1.731411317077795
28 2.931644082866781
28 4.354716394771917
28 2.189826111597509
28 2.597049794356125
28 0.917406608252444
28 1.841357961299473
28 3.313293569523935
28 2.436521127490713
28 9.761247290816465
28 1.330069302435543
28 9.873715528349287
28 2.315690361752737
28 3.993351511148330
28 1.730964096688465
28 2.755707721107393
28 0.802374735920346
28 2.245971007085600
28 4.068789726435690
28 3.559073340215453
28 1.928573489990839
28 1.524369343545021
28 3.419019698805538
28 1.785298033969463
28 3.070431497290817
28 9.602951131033588
28 3.985787085260843
28 9.795116389443264
28 4.353853715798741
28 2.159975776206720
28 1.000247598242256
28 2.354320512041240
28 3.389714808956844
28 2.260297257626151
28 2.561037958987600
28 9.577508070234916
28 1.337539811510859
28 2.125506526520729
28 1.399028997936911
28 4.317455597565243
28 1.457170241240837
28 2.150898846866285
28 0.889469309455484
28 1.223958973272604
28 1.820377309397601
28 4.508992091413852
28 1.250261902847981
28 5.339470759651117
28 3.140712096755267
28 9.831020776446554
28 1.947845964030151
28 1.386823735405671
28 1.857732307787239
28 1.980174879864941
28 2.065143087442890
28 1.349477189896780
28 2.733726703368585
28 0.999199008682375
28 1.664432784086279
28 1.409752778721211
28 2.506994962100885
28 3.032924795988332
28 1.202700520619816
28 0.858045236212030
28 1.199687029526883
28 2.215911552072712
28 2.224825539845383
28 2.068406897305669
28 9.478211312524806
28 2.915047585777469
28 2.794443287635721
28 1.293587120607942
28 2.269268876652940
28 2.029235345061142
28 9.588088777283806
28 2.528424984012213
28 5.553177360758814
28 2.992943218201166
28 1.891457948117867
28 2.220231533586182
28 5.656701665856637
28 1.229653922427645
28 4.743498636761325
28 3.186215613409418
28 1.629779503797918
28 2.377008411732430
28 2.421191479581044
28 2.240273026261036
28 2.923683110056607
28 0.935327813228243
28 1.683963555945485
28 3.297912346429517
28 9.662530556258258
28 9.551527748946530
28 2.327948559374108
28 1.631304238818430
28 2.278413122301182
28 1.446702657029654
28 2.789931480037409
28 1.285226074689023
28 1.646258545954995
28 1.478073804175140
28 2.531544543432519
28 1.876510826071486
28 1.314018322630539
28 1.308420895310825
28 8.869459630011640
28 2.193315061261580
28 9.425693494459200
28 2.585814863299321
28 0.808871887190308
28 2.920298898090924
28 1.484363863330698
28 6.321246628918437
28 9.629963761802649
28 2.661540315782186
28 3.309019657424402
28 1.566383976207270
28 3.164559583150835
28 1.409075536956682
28 5.796299926554472
28 1.490049772492549
28 2.681812041377768
28 3.287593840950782
28 1.918858047454663
28 2.145350532496483
28 1.652255530960679
28 2.566238336648118
28 3.440813867518817
28 1.088906658884513
28 1.547712357246709
28 2.179382306163827
28 2.438194939483968
28 1.025122660456835
28 1.975262871449166
28 2.085627636892210
28 1.713018864454279
28 0.990766078087332
28 1.225851286047116
28 1.491267836130465
28 0.869771395017851
28 3.678261546582025
28 3.199671793360203
28 2.170646640717137
28 2.839269186049536
28 4.392300457011364
28 1.364788200988178
28 2.886853889480778
28 2.381681290306511
28 1.232615592415232
28 2.373771995307015
28 2.389280184667445
28 1.861679670308093
28 1.216958568261548
28 1.123671584060064
28 1.623792231681845
28 4.930329045933209
28 1.518923119170349
28 1.627744415440127
28 1.873098967366301
28 6.433305192669232
28 1.897039587128211
34 2.542263197956164
34 3.015169465802468
34 2.202011635343383
34 5.734303624461088
34 2.334066341332355
34 2.210403346620493
34 4.152136902730710
34 4.753708168989315
34 4.185895989017053
34 9.759834453389345
34 2.897014887973551
34 2.836345257833400
34 2.922889401654685
34 9.537885225261835
34 4.111930071766591
34 3.472087907474481
34 7.907015213833810
34 3.896517784936576
34 1.972838542422814
34 3.164212949485443
34 3.450432868878192
34 4.280461469516829
34 3.315297511956684
34 4.492644829404072
34 5.623498560395355
34 2.819870873765393
34 1.863075821880447
34 3.489005432938859
34 5.335205234480827
34 2.203972788377824
34 9.882939990047923
34 1.501822887438773
34 4.106958530213514
34 3.444130184871475
34 2.858397380021893
34 2.390164054960063
34 4.578959348848684
34 4.672287616596487
34 3.576722075004660
34 1.464229870391457
34 3.681606620942917
34 2.613429450656310
34 9.744655657932046
34 6.467288119191871
34 3.474326935949210
34 1.758824607589110
34 5.531445447906596
34 2.531798681401930
34 3.971055340722597
34 2.259419284156349
34 2.161872748895471
34 3.580900270104832
34 2.668402238228740
34 3.727011867944774
34 4.077642613027067
34 7.539219666989986
34 6.172766387471158
34 6.120491089565528
34 4.096842345330944
34 5.598468023385354
34 1.652216978501352
34 4.467797633697161
34 7.927317278716714
34 8.809209730618072
34 2.445805053103847
34 9.491580732546845
34 2.092301753122822
34 4.574716127863569
34 2.398187323572027
34 4.138150093467623
34 3.405229173066612
34 3.084377105427182
34 3.241904599287540
34 3.304453380419960
34 4.718198957003168
34 2.913835352361736
34 2.122369844862232
34 3.538976729933278
34 3.761454011771675
34 2.009476366139912
34 2.454345766686261
34 5.070759060824352
34 5.005427017645660
34 2.204561820377872
34 3.050033304522630
34 3.893818861788561
34 3.175190460601947
34 1.998210961180574
34 5.488738135341453
34 4.969346553732209
34 1.959042767450607
34 4.757959352256410
34 4.992340365822500
34 5.319060044759146
34 2.161501755893440
34 3.500647994080810
34 6.488370466966894
34 1.942930938300878
34 2.885182133063354
34 2.943172081481546
34 3.936427264854852
34 9.750558151415117
34 4.122350609535300
34 5.829380475470488
34 3.085369447574386
34 2.132588981069906
34 4.624972835043186
34 4.332857849765862
34 4.040594595528224
34 2.808171118218027
34 4.131873717532560
34 3.527880855362754
34 2.762914491582425
34 3.178445118335332
34 7.870851499023008
34 5.137766471930926
34 5.640779737933348
34 6.361774690797818
34 1.544091323451542
34 3.202827777251398
34 7.014711022180541
34 3.713023266079950
34 2.918452197550961
34 4.301703641010669
34 2.081230667188819
34 4.681464204449227
34 9.817358029498557
34 9.494649697826818
34 3.651454388292949
34 3.709500131275546
34 9.624068266901851
34 6.003841135512183
34 9.561217659778130
34 8.744578901489913
34 7.451542716408800
34 3.173732902358700
34 3.466109196849477
34 3.300247327332535
34 5.395384671999465
34 2.979886489814233
34 3.234774200688952
34 9.785370638576552
34 4.354403781960270
34 5.857405604631786
34 2.700067720932948
34 2.267747025601690
34 3.683456828383206
34 5.170746332471389
34 3.425327534553911
34 3.946530232887024
34 4.046888394677078
34 6.520043455445213
34 6.390869936741053
34 5.523784780213747
34 9.662293244372286
34 5.228984584893493
34 5.335322696315678
34 9.880766384206042
34 3.584889291572655
34 2.246135163442853
34 3.409180400796894
34 5.127640043300425
34 2.456609357214363
34 2.332110174142787
34 2.833418796234325
34 6.603596336671932
34 5.155250934517382
34 3.345991150934977
34 3.680985576655734
34 2.710264571351929
34 5.705435661430977
34 8.042782411401472
34 1.850857843132638
34 1.737937428761023
34 2.499789121904516
34 9.838780566170724
34 5.796080726345609
34 1.458926915898351
34 9.161444125097304
34 1.353722828553864
34 3.745081585934795
34 2.671435472342180
34 8.413108201966292
34 2.976388066086815
34 6.648619760144722
34 3.761810603073285
34 2.011860097594134
34 4.993150542448891
34 4.089923225123833
34 4.792307031317280
34 1.747504773227608
34 4.282341707431789
34 3.310180420807144
34 8.965813572806869
34 9.466828017153492
34 3.354243085930694
34 2.860522462143552
34 5.444038556011496
34 5.529116964126711
34 5.808365134511234
34 4.046888394677078
34 6.520043455445213
34 6.390869936741053
34 5.523784780213747
34 9.662293244372286
34 5.228984584893493
34 5.335322696315678
34 9.880766384206042
34 3.584889291572655
34 2.246135163442853
34 3.409180400796894
34 5.127640043300425
34 2.456609357214363
34 2.332110174142787
34 2.833418796234325
34 6.603596336671932
34 5.155250934517382
34 3.345991150934977
34 3.680985576655734
34 2.710264571351929
34 5.705435661430977
34 8.042782411401472
34 1.850857843132638
34 1.737937428761023
34 2.499789121904516
34 9.838780566170724
34 5.796080726345609
34 1.458926915898351
34 9.161444125097304
34 1.353722828553864
34 3.745081585934795
34 2.671435472342180
34 8.413108201966292
34 2.976388066086815
34 6.648619760144722
34 3.761810603073285
34 2.011860097594134
34 4.993150542448891
34 4.089923225123833
34 4.792307031317280
34 1.747504773227608
34 4.282341707431789
34 3.310180420807144
34 8.965813572806869
34 9.466828017153492
34 3.354243085930694
34 2.860522462143552
34 5.444038556011496
34 5.529116964126711
34 5.808365134511234
34 9.891096725946607
34 4.420507539109842
34 5.519215886271674
34 9.313594495767443
34 1.704787459488434
34 2.601162346575842
34 4.722354950056145
34 9.766771683005871
34 6.771683589569880
34 3.697470754502421
34 1.688893438935322
34 3.975626989069312
34 3.781520302863199
34 3.579216177732876
34 8.030629722646982
34 4.538512508441812
34 9.777578674485333
34 1.742608419494811
34 2.314595339383319
34 3.330375989167827
34 6.791394075583980
34 2.463459495966464
34 3.144497105997026
34 3.671727842365676
34 9.621832833915358
34 3.553804950289188
34 2.062076373820600
34 5.090479663428502
34 2.441079880148096
34 1.922685063131557
34 4.161648248402473
34 4.822054750295401
34 9.798707749692300
34 2.333628178871372
34 2.575801016549429
34 2.181761964812374
34 5.323707925607516
34 9.709565165317962
34 8.081394621685863
34 6.982951227339361
34 2.603791894575035
34 9.830406450412928
34 4.061289475958111
34 2.123373410645548
34 5.625395137940806
34 7.177995261797260
34 3.413422254077654
34 2.101624963968794
34 2.967647800370120
34 4.960510449663201
34 9.891096725946607
34 4.420507539109842
34 5.519215886271674
34 9.313594495767443
34 1.704787459488434
34 2.601162346575842
34 4.722354950056145
34 9.766771683005871
34 6.771683589569880
34 3.697470754502421
34 1.688893438935322
34 3.975626989069312
34 3.781520302863199
34 3.579216177732876
34 8.030629722646982
34 4.538512508441812
34 9.777578674485333
34 1.742608419494811
34 2.314595339383319
34 3.330375989167827
34 6.791394075583980
34 2.463459495966464
34 3.144497105997026
34 3.671727842365676
34 9.621832833915358
34 3.553804950289188
34 2.062076373820600
34 5.090479663428502
34 2.441079880148096
34 1.922685063131557
34 4.161648248402473
34 4.822054750295401
34 9.798707749692300
34 2.333628178871372
34 2.575801016549429
34 2.181761964812374
34 5.323707925607516
34 9.709565165317962
34 8.081394621685863
34 6.982951227339361
34 2.603791894575035
34 9.830406450412928
34 4.061289475958111
34 2.123373410645548
34 5.625395137940806
34 7.177995261797260
34 3.413422254077654
34 2.101624963968794
34 2.967647800370120
34 4.960510449663201
34 3.124631912992206
34 4.833405272719844
34 4.460624850827011
34 4.327759678132241
34 3.906161658126923
34 9.799229899456066
34 2.965932286567305
34 4.794943811658767
34 6.172702374846150
34 3.849382817002576
34 3.434817872433347
34 4.637510064243830
34 6.779249482232954
34 3.128900937123268
34 2.637949583511233
34 3.460534785384416
34 5.039184732498861
34 2.600927858685353
34 2.222780275184715
34 2.345723512214366
34 4.243521389982570
34 4.066894159865087
34 9.607834864735917
34 6.167437845926786
34 4.485075690642027
34 4.042619949699826
34 9.205880993378599
34 2.986172575521896
34 9.543728106849269
34 4.403256448080613
34 4.091293458038646
34 3.950742007968302
34 1.764430529172268
34 2.641045795608282
34 5.634298330356947
34 3.300406856221409
34 4.576044701942427
34 3.051512167766991
34 4.081958123835222
34 2.711190789944360
34 2.973676344813673
34 3.561383672206611
34 3.689928499487001
34 4.462402929063078
34 8.347264311249942
34 7.837025640897052
34 2.689179119101398
34 8.209198250548624
34 5.685781284249465
34 3.180374759701156
34 9.398638042821831
34 9.816277870247534
34 3.956487304740202
34 3.694791849762700
34 4.521167885787246
34 3.472888337948056
34 5.467056939543468
34 3.079335992506718
34 5.414215268927638
34 4.536162195283159
34 7.671552625438590
34 4.461430895009014
34 9.722671437727971
34 2.715055998491666
34 5.200753335324488
34 1.886890945085335
34 6.687956571897139
34 5.417207303691315
34 6.445929183638090
34 6.753049680185645
34 2.933835350272646
34 2.789633830717574
34 2.997406763295397
34 3.982770944371391
34 6.058247106877820
34 5.835279134159614
34 1.900520192118781
34 3.294471069171626
34 1.875765503533227
34 6.107194322405348
34 3.271409956277894
34 5.453842550561234
34 2.614666387763288
34 3.714487983717151
34 9.803521071331947
34 2.350232515058901
34 5.641258241305883
34 2.439655168637894
34 3.258739538704814
34 2.790300844756482
34 6.137921686102450
34 5.938694202557852
34 6.718219660693162
34 4.252370913115120
34 1.948849320465804
34 2.643174684754849
34 3.451119083826555
34 4.076586018758790
34 2.603801861681122
34 2.073733007174522
