10 0.044589763399633
10 0.038204960341403
10 0.043299330143782
10 0.061286706112454
10 0.074389182914865
10 0.057957164966314
10 0.031920956460146
10 0.029927917156050
10 0.051385405012021
10 0.037619843356338
10 0.023399307999948
10 0.043232064737590
10 0.057808209293988
10 0.040089544433838
10 0.040576520884444
10 0.030626660545630
10 0.025218862155107
10 0.032636280512417
10 0.063712051590066
10 0.031589048275081
10 0.033617337014939
10 0.058211122948599
10 0.054375761724026
10 0.064108875894959
10 0.038353089866969
10 0.030082099280738
10 0.095190841239067
10 0.044491565810834
10 0.027787907436522
10 0.034427279328260
10 0.052596903494130
10 0.031195330068166
10 0.041274745228817
10 0.030683689139956
10 0.020458594433560
10 0.035292309380790
10 0.059945820494515
10 0.062835081719451
10 0.049475908982719
10 0.025212861971286
10 0.056461749951529
10 0.061704088199170
10 0.026805325240081
10 0.027788362553453
10 0.033356174711089
10 0.032070957165398
10 0.043203045807239
10 0.032259265284007
10 0.031226923734692
10 0.028392783564587
10 0.036265026440445
10 0.027852894989112
10 0.062565286489453
10 0.042687414404907
10 0.054971183408973
10 0.056581438687747
10 0.048756644181322
10 0.032566533228635
10 0.045204843175514
10 0.042992533742550
10 0.072450441048350
10 0.036669317026961
10 0.040265495455713
10 0.051832078062603
10 0.020535810777833
10 0.021946680034739
10 0.042775495028074
10 0.052391983187790
10 0.073920401614534
10 0.066451976278066
10 0.035474847124710
10 0.091771144117713
10 0.053172891734749
10 0.051655313939230
10 0.024228166499922
10 0.064312468470430
10 0.076967424322091
10 0.042320060644589
10 0.037731125635911
10 0.037575187115241
10 0.058063338321340
10 0.030851458981597
10 0.060944773870322
10 0.072257458804976
10 0.022666583707886
10 0.040306224073652
10 0.047899062654624
10 0.039812424413202
10 0.021272657976750
10 0.061797651939339
10 0.037499853024067
10 0.034396440619546
10 0.030628065581797
10 0.046092889413167
10 0.032841449635809
10 0.029519012570497
10 0.025940397039956
10 0.055812856611095
10 0.031469102876720
10 0.024295106740789
10 0.022402657867828
10 0.041417372063462
10 0.026762396651520
10 0.028753220204497
10 0.035810816114828
10 0.050450529666977
10 0.061078017633416
10 0.030478901406683
10 0.036925848335049
10 0.020472935014089
10 0.034969260599692
10 0.048395811285838
10 0.040874515887470
10 0.049067534943797
10 0.026581998106298
10 0.068869423038302
10 0.032725004191745
10 0.050102561616627
10 0.042308232959895
10 0.021552301902596
10 0.045463493498608
10 0.033642455806343
10 0.083568317577167
10 0.037133806141264
10 0.027318814926690
10 0.035730088463173
10 0.047091278322713
10 0.042458713569236
10 0.043172003902952
10 0.026709013282048
10 0.057840091247116
10 0.074160613461955
10 0.038819686056683
10 0.048821887228910
10 0.037852737301707
10 0.040541459530117
10 0.038033599886405
10 0.045862537680494
10 0.062924996211714
10 0.042343205686819
10 0.040438307179457
10 0.055503054109700
10 0.037219611215407
10 0.042830788435555
10 0.042963616229589
10 0.050617310636461
10 0.040138177471173
10 0.018455881338030
10 0.032738231771258
10 0.062500015842813
10 0.062802347005399
10 0.037939075890966
10 0.040838536129567
10 0.034038602709577
10 0.049879883784093
10 0.031962895249851
10 0.052513774180840
10 0.046021935835203
10 0.025583153928329
10 0.038590081051821
10 0.038683077944091
10 0.059009246336192
10 0.046209147559249
10 0.042526873044599
10 0.038941587416020
10 0.029731929640811
10 0.038513824016978
10 0.076923280068100
10 0.033533335254822
10 0.031641948717362
10 0.032123932689006
10 0.051749789280086
10 0.062341531776087
10 0.041366967574916
10 0.045131713158097
10 0.025638305965279
10 0.059983785688578
10 0.043067259282114
10 0.046980783663327
10 0.048972049647460
10 0.035439433692382
10 0.047774946312755
10 0.032602347717801
10 0.032163471289339
10 0.042118549842844
10 0.030387316497828
10 0.041477581416971
10 0.033626349215163
10 0.046285959925727
10 0.045976191608374
10 0.025664270415067
10 0.045381934601301
10 0.051020808756313
10 0.040656455269922
10 0.028009002961022
10 0.053955031880580
10 0.026395500608837
10 0.051245240919499
10 0.035129748466084
10 0.049402893548127
10 0.041202659795498
10 0.020501341855948
10 0.042089825826566
10 0.069977754548376
10 0.044944919951053
10 0.041018077233213
10 0.032476229358997
10 0.035586817614452
10 0.049087986555833
10 0.079671666880649
10 0.036204520470349
10 0.043106476617536
10 0.050497540844301
10 0.046378650345198
10 0.054631483083456
10 0.028467258199708
10 0.018227595606669
10 0.058935677533422
10 0.041842142795169
10 0.039516110845444
10 0.033176955520041
10 0.044045759940273
10 0.025056849437359
10 0.098755047140905
10 0.048484593383294
10 0.037082861169878
10 0.054280192877054
10 0.049414775168621
10 0.093293544107218
10 0.035949379142657
10 0.040773854014081
10 0.040846824292787
10 0.020024300074450
10 0.045025562330376
10 0.022323206962977
10 0.054995911854789
10 0.073227883469240
10 0.035451645595925
10 0.038809502374800
10 0.063421262435426
10 0.038202128109196
10 0.079545733838753
10 0.048199360619332
10 0.046454170192307
10 0.049163850548612
10 0.029726552075134
10 0.064831983929666
10 0.082271060971503
10 0.088677963485259
10 0.049183206253257
10 0.035786528064762
10 0.031188211291387
10 0.047098069721786
10 0.019938667373372
10 0.074539504520941
10 0.059030301188480
10 0.037893471192462
10 0.068053349819608
10 0.050098544572379
10 0.046225461879640
10 0.055885738690150
10 0.022866240838481
10 0.025249191855884
10 0.037706750216673
10 0.025020564327632
10 0.044796361387846
10 0.067683288427627
10 0.025382130522647
10 0.055786090234236
10 0.030252040283674
10 0.040353930483195
10 0.044069550685661
10 0.091457095191587
10 0.037037098736164
10 0.031245562756793
10 0.064485550319713
10 0.028317195129826
10 0.070761904789956
10 0.041584928337089
10 0.038571107336092
10 0.054573391327772
10 0.063724426764323
10 0.033019845660378
10 0.039328880155924
10 0.051879044062844
10 0.047074236295604
10 0.039329200558298
10 0.048594978578795
10 0.020899326099329
10 0.028005715195016
10 0.026945776074982
10 0.042679810723660
10 0.057427812394232
10 0.058094036684229
10 0.033225526935391
10 0.068636015462221
10 0.056992875722114
10 0.046570195914636
10 0.036693339200613
10 0.062289967057769
10 0.037868144036824
10 0.029190697815156
10 0.027682135150103
10 0.031222593740085
10 0.067651948445218
10 0.051895296556330
10 0.041477351402704
10 0.035477200536069
10 0.067935339123749
10 0.030778275427676
10 0.068817848529101
10 0.055603789179256
10 0.052499445600608
10 0.037725113379643
10 0.031574522506533
10 0.029316283847476
10 0.026941178604686
10 0.042178380971309
10 0.038607934147666
10 0.027540118100521
10 0.031633040825571
10 0.024167356404137
10 0.041293200368076
10 0.040864815375281
10 0.050788417301947
10 0.053701975891459
10 0.030615601386138
10 0.075404828102288
10 0.032005280882397
10 0.028830292307504
10 0.028856668230693
10 0.034776131214291
10 0.044526480175726
10 0.041458942386456
10 0.051803427322433
10 0.064422907494752
10 0.032407717918167
10 0.066700090695030
10 0.051061578871258
10 0.038042861973018
10 0.075481839394032
10 0.035166205656050
10 0.030901013936113
10 0.027375709869742
10 0.032884665139359
10 0.035020182438416
10 0.055106910643673
10 0.055476918996515
10 0.068687023926468
10 0.075808879895566
10 0.034228889223864
10 0.054978838575531
10 0.043944446129208
10 0.032537929053083
10 0.037754867588756
10 0.031364003875576
10 0.028383844748842
10 0.050562196539677
10 0.016383152133877
10 0.052303357691345
10 0.038995122948979
10 0.063823831999551
10 0.061835427184422
10 0.027378951628070
10 0.050407349228051
10 0.062395311061367
10 0.035610761252269
10 0.030728527732023
10 0.033648824042370
10 0.043041080071802
10 0.042095272805760
10 0.052682548205730
10 0.046190908033898
10 0.020351133509119
10 0.076300323066715
10 0.044495695301495
10 0.044638150459106
10 0.059279068955577
10 0.060242894077651
10 0.021861607288206
10 0.048530180547677
10 0.050276845879478
10 0.044893881312377
10 0.056572073721403
10 0.025477815815539
10 0.027363641794741
10 0.051251122489115
10 0.028579664475488
10 0.028526935250513
10 0.040198383076568
10 0.046211143392594
10 0.025677007037765
10 0.056434817758060
10 0.032888340363131
10 0.051154870130118
10 0.069233427260463
10 0.051866039867529
10 0.052943313007717
10 0.045364554035830
10 0.043196176382514
10 0.067794924459694
10 0.043709741662281
10 0.069412809746695
10 0.047603215534062
10 0.053029141300049
10 0.051363835168396
10 0.033848742971403
10 0.031270213787958
10 0.034684106609371
10 0.078936698544689
10 0.042374407236474
10 0.059607991674807
10 0.030486419968454
10 0.032399176272714
10 0.052406537893847
10 0.053484976628074
10 0.046674969365994
10 0.064239574168976
10 0.063217558363108
10 0.083338467184692
10 0.038623477615551
10 0.042301801171468
10 0.030487667617959
10 0.038244729550824
10 0.032683264787968
10 0.068259386121136
10 0.042076497789131
10 0.024907917550609
10 0.052631432168366
10 0.046590184348767
10 0.026591174304055
10 0.056757836920960
10 0.025048430322389
10 0.043946105390937
10 0.033993091429941
10 0.053868061426581
10 0.034971313793176
10 0.047244038213518
10 0.034107624509759
10 0.040511794957901
10 0.064363036638764
10 0.067852635980837
10 0.054278444329634
10 0.054639979345090
10 0.055290206907066
10 0.057000593194902
10 0.085529582411604
10 0.057758275052859
10 0.051045115846930
10 0.042679078764116
10 0.041158846599161
10 0.033201252963989
10 0.072732499695628
10 0.069678122711538
10 0.053218045955644
10 0.055183723972478
10 0.050639552146808
10 0.061291120744275
10 0.056811841129312
10 0.035267735563692
10 0.041351112522575
10 0.030596360571723
10 0.041523921325001
10 0.024695054420896
10 0.035485749292173
10 0.046381424816352
10 0.060684063109248
10 0.042586641403592
10 0.061450869510169
10 0.037411198329262
10 0.027267751233565
10 0.048749584250279
10 0.061235552477573
10 0.029971782605944
10 0.030589525824102
10 0.027990179770726
10 0.057569842278793
10 0.078907046016088
10 0.041211889529502
10 0.025943988218943
10 0.026144649713086
10 0.028944711231054
10 0.068883784069380
10 0.024842568251087
10 0.047601263605064
10 0.037295393338734
10 0.051115284374559
10 0.033051304526982
16 0.202362541275631
16 0.244615409339950
16 0.267627606645632
16 0.186200372527987
16 0.227351652716174
16 0.352795644072521
16 0.243221018392858
16 0.210754854347092
16 0.335558541774150
16 0.205282135324454
16 0.292121582923512
16 0.267827951140526
16 0.216189617957759
16 0.141123579038211
16 0.188697307206364
16 0.200279252281758
16 0.248929794106609
16 0.274913757064632
16 0.241834585611412
16 0.343016989030437
16 0.224481277828134
16 0.242136626457315
16 0.196526327487200
16 0.161631552303581
16 0.286919046293052
16 0.216986691730959
16 0.261337003631968
16 0.271191557572989
16 0.345187465546439
16 0.224132138300877
16 0.165085465218718
16 0.192569632844095
16 0.182684552006232
16 0.176764028305644
16 0.373429548911058
16 0.217869103167978
16 0.230443485724556
16 0.175545568167431
16 0.245598431620209
16 0.244426164339887
16 0.331744579074408
16 0.344089057291002
16 0.304805441828808
16 0.237188966128517
16 0.196013295872568
16 0.179464899124564
16 0.201474846066867
16 0.257511648268316
16 0.328286983509066
16 0.179339282707016
16 0.262246449533801
16 0.203840317413633
16 0.224810109993158
16 0.463579603568024
16 0.230457039282080
16 0.265913336740339
16 0.165587550030108
16 0.333626301922316
16 0.261047539942355
16 0.191006397848210
16 0.135729646734643
16 0.238713012977668
16 0.150810444526104
16 0.140776718553730
16 0.351983717664740
16 0.250527464351030
16 0.350348332022777
16 0.163099597335408
16 0.280004852957257
16 0.181113723066721
16 0.347942587226336
16 0.190036311380595
16 0.208951409424185
16 0.276780283958558
16 0.251701067894917
16 0.145082436050095
16 0.344717783240458
16 0.108990750416313
16 0.194566770029513
16 0.151073659692072
16 0.248244180255658
16 0.242331357007951
16 0.153635371457230
16 0.271689724510159
16 0.303010739234166
16 0.134854122032932
16 0.141956945906630
16 0.314544732685027
16 0.211404329406109
16 0.236266553582419
16 0.160069423472883
16 0.294599585246323
16 0.220961301162034
16 0.248652771321094
16 0.287291641465261
16 0.190441154457958
16 0.355250029465345
16 0.241827567225320
16 0.279681173403905
16 0.378645891230433
16 0.185599403128440
16 0.176778648885048
16 0.316662814233838
16 0.274956357428711
16 0.277726661420473
16 0.225143794491547
16 0.225103326805383
16 0.266264254354051
16 0.339368363428532
16 0.240369895305195
16 0.189714202061334
16 0.259088842138362
16 0.279225178978212
16 0.344714136121501
16 0.263414646851765
16 0.191609904623913
16 0.096148822054351
16 0.186197518433718
16 0.345622199442603
16 0.322344205204780
16 0.242014003923732
16 0.202811634465803
16 0.264774415091808
16 0.166240267283023
16 0.277334052724768
16 0.162569328365801
16 0.322880309028591
16 0.411687351060827
16 0.193796631816504
16 0.220295492000326
16 0.267434729802895
16 0.192444879979173
16 0.264036909021308
16 0.295342732512418
16 0.139224448794354
16 0.227283354329969
16 0.213403557242464
16 0.240288059041003
16 0.232562252911745
16 0.222283186182155
16 0.270001976619175
16 0.466854129314789
16 0.203774838381272
16 0.136670769046376
16 0.234256484250169
16 0.163463790559002
16 0.224726601630368
16 0.296269211166715
16 0.305565814446967
16 0.424533329647743
16 0.380356484349951
16 0.337987514790547
16 0.226027755789325
16 0.291110579536671
16 0.236501147213914
16 0.189009110647366
16 0.187265570257793
16 0.146117828136775
16 0.216669978012228
16 0.251150479398094
16 0.170529031543133
16 0.350903799166867
16 0.193872040495629
16 0.192093514306090
16 0.383984290073017
16 0.268305353661537
16 0.317003288233200
16 0.176459747396407
16 0.228776668457122
16 0.222505240609912
16 0.153837749027584
16 0.094499158601805
16 0.172309242287751
16 0.180354173405536
16 0.183918216974051
16 0.237864275564583
16 0.097143742417896
16 0.362241843626663
16 0.175455523955707
16 0.248791574160914
16 0.166243587322035
16 0.168328766353134
16 0.196108297637788
16 0.298027830076156
16 0.256947387963290
16 0.218418019452508
16 0.218789819268408
16 0.203941028110549
16 0.162392951322214
16 0.357255022093414
16 0.130636363092225
16 0.180623949256418
16 0.193179358446479
16 0.157310150110606
16 0.330792908474270
16 0.265861999692233
16 0.221699939826571
16 0.203326468196312
16 0.198488120554529
16 0.150655568830647
16 0.303778196360936
16 0.284658064788156
16 0.258382677511488
16 0.170116485437835
16 0.169708991628422
16 0.301472362625993
16 0.198484341609533
16 0.204625937904461
16 0.122146913975988
16 0.292910841698613
16 0.271484459906056
16 0.219431293106162
16 0.230129288661905
16 0.266578236107785
16 0.160965360834368
16 0.214456074039616
16 0.229234908361416
16 0.305215372543705
16 0.187531589838586
16 0.253439808929602
16 0.347489908738911
16 0.279149739270521
16 0.334137283249498
16 0.148475269133606
16 0.235279580297028
16 0.246418043194271
16 0.147190728492663
16 0.108090559524893
16 0.224842977690739
16 0.250876306276686
16 0.305640892581972
16 0.181834298029107
16 0.277297020434480
16 0.140184616388227
16 0.351630106412909
16 0.347654585996421
16 0.103605713932318
16 0.196218693221914
16 0.231202862002896
16 0.187066909266141
16 0.324648146538599
16 0.252658521165022
16 0.195452483890753
16 0.216743068265577
16 0.207547119641873
16 0.272609894478935
16 0.163380803487512
16 0.147595961304833
16 0.208947055466165
16 0.170618945196994
16 0.386188828549801
16 0.254786725953000
16 0.210869352038704
16 0.196487164304469
16 0.220770155647426
16 0.272374949332958
16 0.249204000073751
16 0.191596908192087
16 0.157968186412008
16 0.225156519187390
16 0.345622115030442
16 0.316382526400397
16 0.272865284395976
16 0.191960269725893
16 0.185252335912196
16 0.253995765017372
16 0.163107628475364
16 0.162561080872081
16 0.197181026986615
16 0.260797916376723
16 0.187679190663538
16 0.219190297452801
16 0.145402933263743
16 0.161782102289897
16 0.286481522603085
16 0.237009997871453
16 0.227068404157753
16 0.150462628572655
16 0.211569923653927
16 0.219124518399484
16 0.143426950097738
16 0.177067308061123
16 0.213040712317935
16 0.201157137459193
16 0.126822646999615
16 0.218431289519867
16 0.207185326814304
16 0.237988391555394
16 0.201590690727299
16 0.231161716369199
16 0.264173413631337
16 0.381981137210141
16 0.269867423570674
16 0.229918801604046
16 0.171854759580570
16 0.248206800280340
16 0.143259210985990
16 0.242378412609627
16 0.239916018931682
16 0.427303842788858
16 0.217236144252238
16 0.182208711475754
16 0.157024856417366
16 0.240969133515635
16 0.359017709817805
16 0.389750660493835
16 0.282231109208142
16 0.344688777957962
16 0.306172212123620
16 0.216424982050355
16 0.203579036159003
16 0.328710116350663
16 0.323451121110259
16 0.200022992917694
16 0.312835103682720
16 0.145721731109401
16 0.212101410580581
16 0.244372818419886
16 0.271207850832463
16 0.195404741715950
16 0.203914756486763
16 0.406408542183998
16 0.162508644273166
16 0.373426179500518
16 0.177587915789601
16 0.130348999863731
16 0.273551650182295
16 0.134720262137126
16 0.236664028976326
16 0.178490422493342
16 0.285851332831210
16 0.203614839384490
16 0.228617716564694
16 0.177062033214841
16 0.136181669555526
16 0.311164789887962
16 0.270140295768163
16 0.243694017954115
16 0.292677910228034
16 0.228048659114118
16 0.262923660556072
16 0.167563865152319
16 0.157106164751635
16 0.228104953350067
16 0.113560858583029
16 0.167226543571970
16 0.173985813373058
16 0.471472469755829
16 0.169276376348829
16 0.450617241166127
16 0.173460728544918
16 0.231435643425097
16 0.218716394823990
16 0.194417079617258
16 0.231645367511580
16 0.152877792760438
16 0.212836649262565
16 0.214327061814416
16 0.366294621538587
16 0.159499514527447
16 0.256159864249288
16 0.259298747881097
16 0.285403439353400
16 0.270878926384666
16 0.183780864165654
16 0.244144265729801
16 0.263938375210669
16 0.149754903146231
16 0.192511878354510
16 0.214329985493330
16 0.164999399088481
16 0.095612395347576
16 0.251607290448186
16 0.271239996395522
16 0.329229096423827
16 0.151155403394085
16 0.337425871217435
16 0.243811786478387
16 0.168168605483310
16 0.200707485626443
16 0.267979171282931
16 0.194180412341768
16 0.202863355842109
16 0.307836702433572
16 0.134891012632896
16 0.215566894948699
16 0.203542163280638
16 0.215572476143858
16 0.221413672171463
16 0.304612597065677
16 0.156080451532540
16 0.183458353983953
16 0.241276930026399
16 0.294902888776237
16 0.174648034049479
16 0.263185059061093
16 0.129475082843534
16 0.337787570692612
16 0.298016586874745
16 0.181546249508612
16 0.373279017977598
16 0.328704405355017
16 0.263660011964184
16 0.218136750241626
16 0.211940189317398
16 0.183022520015809
16 0.457486666678069
16 0.356635478348362
16 0.176765076431775
16 0.168164142648780
16 0.152745075752436
16 0.205092061938963
16 0.253103834392645
16 0.172984793398162
16 0.329912891616166
16 0.361312676491867
16 0.142062985618086
16 0.199064299799851
16 0.164373657996669
16 0.156021977876804
16 0.190399037057442
16 0.119446165357477
16 0.312401258747135
16 0.170724904391778
16 0.255888702211563
16 0.187873609965364
16 0.164542818085747
16 0.143081652199244
16 0.117877450102503
16 0.287960361939424
16 0.181200140462694
16 0.328611792582109
16 0.320297899726098
16 0.289539550088119
16 0.220352660838206
16 0.155879403496183
16 0.267289289448898
16 0.284263810320737
16 0.232233200089841
16 0.172609582507985
16 0.176570659605098
16 0.242416371309919
16 0.375913105571314
16 0.157333501709675
16 0.277511058818609
16 0.379423610608614
16 0.199315775493349
16 0.192177646720748
16 0.211560927696814
16 0.208547822396072
16 0.192318289564601
16 0.141205444045229
16 0.209648259324716
16 0.265142383898375
16 0.189998115528041
16 0.376244602297903
16 0.249996249595156
16 0.202872021978486
16 0.165527163804600
16 0.238509012613994
16 0.380179959346348
16 0.181686289844203
16 0.258324829759454
16 0.232110823282272
16 0.124449414092933
16 0.262362788721834
16 0.143364755037028
16 0.294269883049997
16 0.147088908145728
16 0.229488205611923
16 0.216572259169223
16 0.310834662516998
16 0.173270171983506
16 0.370419991486963
16 0.385305663249357
16 0.144069777358857
16 0.278195902250872
16 0.155788839771303
16 0.315700684550865
16 0.203404491133632
16 0.192085019177076
16 0.400369975514056
16 0.298799002804430
16 0.428110616136462
16 0.255078117398775
16 0.230776127456647
16 0.149630706659591
16 0.348047998276989
16 0.242948131196942
16 0.164929652170843
16 0.286234204527137
16 0.200380517508694
16 0.294353162722055
16 0.120012205127900
16 0.354356376118479
16 0.197677449660718
16 0.295475546049826
16 0.217875399921586
16 0.245070569719156
16 0.341199969063790
22 0.495387855115067
22 0.971102848583633
22 0.606101439623832
22 0.508574330534525
22 0.857662629852544
22 0.498098212675691
22 0.523645969245096
22 0.472958189580314
22 0.765879539984924
22 0.693526976006729
22 0.339572217749492
22 0.791260454291105
22 0.432277471159852
22 0.746246672620350
22 0.451205317875648
22 0.501407458149191
22 0.907411006581048
22 0.765374838397464
22 0.573338608072318
22 0.476309297053163
22 0.358643071447914
22 0.920600248648020
22 0.832288791717149
22 0.635948812922661
22 0.940846057491223
22 0.636708816718499
22 0.555257032567060
22 0.571070397389964
22 0.945461088381495
22 0.804639027925078
22 0.757030394323379
22 0.622489630297681
22 0.571782716500118
22 0.442100959303858
22 0.690826667311811
22 0.631223018654991
22 0.739934804438077
22 0.460354762175640
22 0.331854073020557
22 1.211518122692386
22 0.525765518631604
22 0.745424956388034
22 0.518079647949098
22 0.352056718813190
22 0.402573790330603
22 0.818808473741623
22 0.517578046744497
22 0.482389595395587
22 0.884293151110358
22 0.638011022363200
22 0.671459603427163
22 0.765691148960861
22 0.734807004391518
22 0.447399257112110
22 0.339765031108641
22 0.325873789394313
22 0.660833574500332
22 0.471092808304046
22 0.576327000785802
22 0.442160542626955
22 0.628990845240085
22 0.495397524713679
22 0.757687096395150
22 0.597627219444784
22 0.456023541640415
22 0.968558478749856
22 0.878181394205011
22 0.535943390800734
22 0.571871157701810
22 0.552165805270783
22 0.311455245582795
22 0.998781428074839
22 1.261015933693252
22 0.443996330373458
22 0.687702522496726
22 0.848677411428887
22 0.431905211725128
22 0.399719845204162
22 0.522953506934001
22 0.370634908059483
22 0.481200729142245
22 0.427542474286378
22 0.663201439991497
22 0.732027118343355
22 0.401347920520323
22 0.909377236980067
22 0.594522349014744
22 0.479784293410806
22 0.856774413114926
22 1.000678024234442
22 0.536111440553181
22 0.508810342512704
22 0.419469602838135
22 0.631125398830505
22 0.830870652834780
22 0.678133781679970
22 0.747305848983619
22 0.691512624869305
22 0.579563244625539
22 0.329571607268550
22 0.756621891761552
22 0.801054073076497
22 0.729430571554557
22 0.822475082414912
22 0.421134181199954
22 0.743677563156709
22 0.784499577488418
22 1.268799225132479
22 0.840836244412507
22 0.778649314952241
22 0.566011022310118
22 1.484999424464736
22 0.462411035782717
22 0.557133930149800
22 0.441729140987315
22 0.842777496469233
22 0.440558595494741
22 0.628875077677814
22 1.041391311320486
22 0.378036616000436
22 0.998160428181306
22 0.408832983698726
22 0.357512778235990
22 0.731974259585633
22 0.605716154591571
22 0.617682728537359
22 0.572600054978370
22 0.864240971064011
22 0.419338919147650
22 0.978731022034124
22 0.638416726220816
22 0.606441847104840
22 0.818179094489420
22 0.383365335984503
22 0.516702686901540
22 0.421533025246854
22 0.612299437634641
22 0.871087464874883
22 0.753692424153307
22 0.902717418570352
22 0.419608246641989
22 0.809584442501561
22 0.902121224885303
22 0.957602507962824
22 0.934702508960284
22 0.589191023125887
22 0.411638504107545
22 0.597257790070122
22 0.643599345488079
22 1.008317917497348
22 0.756621891761552
22 0.801054073076497
22 0.729430571554557
22 0.822475082414912
22 0.421134181199954
22 0.743677563156709
22 0.784499577488418
22 1.268799225132479
22 0.840836244412507
22 0.778649314952241
22 0.566011022310118
22 1.484999424464736
22 0.462411035782717
22 0.557133930149800
22 0.441729140987315
22 0.842777496469233
22 0.440558595494741
22 0.628875077677814
22 1.041391311320486
22 0.378036616000436
22 0.998160428181306
22 0.408832983698726
22 0.357512778235990
22 0.731974259585633
22 0.605716154591571
22 0.617682728537359
22 0.572600054978370
22 0.864240971064011
22 0.419338919147650
22 0.978731022034124
22 0.638416726220816
22 0.606441847104840
22 0.818179094489420
22 0.383365335984503
22 0.516702686901540
22 0.421533025246854
22 0.612299437634641
22 0.871087464874883
22 0.753692424153307
22 0.902717418570352
22 0.419608246641989
22 0.809584442501561
22 0.902121224885303
22 0.957602507962824
22 0.934702508960284
22 0.589191023125887
22 0.411638504107545
22 0.597257790070122
22 0.643599345488079
22 1.008317917497348
22 0.756621891761552
22 0.801054073076497
22 0.729430571554557
22 0.822475082414912
22 0.421134181199954
22 0.743677563156709
22 0.784499577488418
22 1.268799225132479
22 0.840836244412507
22 0.778649314952241
22 0.566011022310118
22 1.484999424464736
22 0.462411035782717
22 0.557133930149800
22 0.441729140987315
22 0.842777496469233
22 0.440558595494741
22 0.628875077677814
22 1.041391311320486
22 0.378036616000436
22 0.998160428181306
22 0.408832983698726
22 0.357512778235990
22 0.731974259585633
22 0.605716154591571
22 0.617682728537359
22 0.572600054978370
22 0.864240971064011
22 0.419338919147650
22 0.978731022034124
22 0.638416726220816
22 0.606441847104840
22 0.818179094489420
22 0.383365335984503
22 0.516702686901540
22 0.421533025246854
22 0.612299437634641
22 0.871087464874883
22 0.753692424153307
22 0.902717418570352
22 0.419608246641989
22 0.809584442501561
22 0.902121224885303
22 0.957602507962824
22 0.934702508960284
22 0.589191023125887
22 0.411638504107545
22 0.597257790070122
22 0.643599345488079
22 1.008317917497348
22 0.354024313345606
22 0.605953058424346
22 0.617463364375480
22 0.524493496879359
22 0.408724476710159
22 0.632342450415327
22 0.481864199367726
22 0.652160895349501
22 0.629214470162984
22 0.930879902834962
22 0.505614522576860
22 0.824872656867665
22 0.574285707015263
22 0.550178750528882
22 0.558254511433775
22 0.906271036477693
22 0.468755150364411
22 0.686023245791481
22 0.351225820470344
22 0.485852619542881
22 0.531943008937925
22 0.848094220256089
22 0.435758298998552
22 0.471195507637496
22 0.812382655791802
22 0.639894741271074
22 1.065722386837339
22 1.121943162604815
22 0.669743512022491
22 0.827713016365041
22 0.578210247601587
22 0.492357317909009
22 0.568030500571355
22 0.846576289215598
22 0.448373843504956
22 0.696438358350788
22 1.301801053022651
22 0.745145072238006
22 0.555308436559028
22 0.703572365658011
22 0.339052562300962
22 0.459847866916006
22 0.549923905112170
22 0.362812645972753
22 0.756616860381145
22 1.038494198024983
22 0.466434930728136
22 0.642843659032644
22 0.612554742249038
22 1.275377666595697
22 0.376209036252840
22 0.412554073830263
22 0.867561154564573
22 0.957581492459065
22 0.580630758851322
22 0.677078183890115
22 0.404523299385584
22 1.182236390031064
22 1.074264035302913
22 0.620733682004160
22 1.423283140118319
22 0.687019429859916
22 0.783279784934492
22 0.878152320692855
22 0.527452362483288
22 0.733523772483977
22 0.531015637731802
22 0.343113886276369
22 0.485500870447265
22 1.034948233683851
22 0.472658237526498
22 0.748529217840849
22 0.564092033003614
22 1.645279824551925
22 0.720851995566402
22 0.581007494385896
22 0.637194127417532
22 0.659528987198043
22 0.450174135849502
22 0.452841353191954
22 0.426133343241106
22 0.998878319528242
22 0.471680549292878
22 0.502385156906478
22 0.667151386258530
22 0.884206984975062
22 0.993974726879314
22 0.470027271201860
22 0.460095922179764
22 0.363371365665810
22 0.378942761442136
22 0.453771593710643
22 0.966307040419091
22 0.512697472682974
22 0.819067500737628
22 0.376237717503009
22 0.749754190774971
22 0.811469405476887
22 0.367513412793234
22 0.871350873786540
22 0.865126592449768
22 0.563324958007720
22 0.451735813257309
22 0.310146951289753
22 0.399906069804951
22 0.491664449631092
22 0.445503411775463
22 1.062271076462711
22 0.836694378748529
22 0.776799781822825
22 0.648159381466788
22 0.462644148685858
22 0.525512885336920
22 0.534603759554567
22 0.577492762382738
22 0.950091220755819
22 0.581000579013052
22 0.595744998365302
22 0.437679302556710
22 0.533920460487393
22 0.640467998200651
22 0.461604251218834
22 0.384556487951380
22 0.548115072037461
22 1.297639385433063
22 0.457316180132059
22 0.829333649016503
22 0.860495099674126
22 0.448142060868123
22 0.728940898161143
22 0.776078690486500
22 0.329180532244008
22 1.292314625543950
22 0.521508012019038
22 0.762411862833857
22 0.591713161657763
22 0.554562209800889
22 0.627483242450218
22 0.686714603908896
22 1.020411853532090
22 1.167541640657471
22 0.540319631876175
22 0.510509153330077
22 0.462363749138097
22 0.598843162355049
22 0.843082936699395
22 0.866255781125854
22 0.378216331414490
22 0.541372010421862
22 0.505436206419031
22 0.739744306146041
22 0.473950960930728
22 1.021099041951262
22 0.415067213584133
22 0.873294427609352
22 0.409656630226886
22 0.662578786274036
22 0.555782398114468
22 0.477293724091340
22 0.995067515291023
22 0.355790735109428
22 0.723691512016036
22 0.815506949598926
22 1.131070003326591
22 0.917220338497719
22 0.468008083690946
22 0.789890744002406
22 0.449348600535457
22 0.658826424217309
22 0.532810353279606
22 0.568524009382147
22 1.063830080909812
22 0.435194048622101
22 0.838930767807157
22 0.851958682915649
22 0.890886328214188
22 0.518112896871448
22 1.257188905088657
22 0.568943297798256
22 0.915707614745854
22 0.468131468763809
22 0.808729102802387
22 0.563966244226672
22 0.593002397945669
22 0.557890757323930
22 0.423518758225137
22 1.073117901172949
22 0.591938229014755
22 0.546746881227567
22 0.709876204063277
22 0.345962550962157
22 0.475344391536192
22 0.480953693132474
22 0.624787729988153
22 0.568652318559705
22 0.638380784732722
22 0.575918142016238
22 0.371925828355036
22 1.124756142201447
22 0.757388289115994
22 0.619616201767704
22 0.641464623551106
22 0.567085554338854
22 0.745452026764746
22 0.524573266479538
22 1.083450556129457
22 0.617171956250630
22 0.698765723880420
22 0.747363684778908
22 0.888944773268004
22 0.448622755040530
22 0.968587386700447
22 0.847878833899439
22 0.284579894781253
22 0.662981711179159
22 0.827996508657157
22 0.655119095444043
22 0.806487833259734
22 0.540508196474669
22 0.364265239614053
22 0.291211822585996
22 0.405281175556695
22 1.067138593630966
22 1.119634431688151
22 0.596531117319701
22 1.218591378032780
22 0.519249689271665
22 0.814989612565972
22 0.289349358631043
22 0.514612031519599
22 0.517596107241885
22 0.507887758502825
22 0.738504744273397
22 0.511916247280933
22 0.457824149873877
22 0.820199838648605
22 1.062457665972341
22 1.108067439685739
22 0.745317102635870
22 0.492770055914916
22 0.626118164241373
22 0.504228352388287
22 0.414422652570847
22 0.528366081603133
22 0.578387150169903
22 1.062306638812031
22 0.724555787754422
22 0.798966012070336
22 0.574912923272656
22 0.801743694492704
28 1.113110811362927
28 1.085725581806837
28 1.963149756946342
28 1.049601068095453
28 0.567771130461052
28 1.018489327208976
28 1.662610676922076
28 1.122429529175066
28 2.173148306778768
28 1.204518579598899
28 1.256583972021327
28 1.116077402752906
28 1.615873775689823
28 0.595438994746358
28 0.946792704815666
28 1.560518288688905
28 1.174746818871776
28 1.219413504436694
28 1.527587984852776
28 1.564690766939584
28 0.561525712080903
28 0.656885745209853
28 1.053797287760427
28 1.702486618169195
28 1.895409740236057
28 1.168967302126783
28 1.117405109888971
28 1.194225633782618
28 1.144642564960343
28 1.440747756376402
28 0.878810190438467
28 1.197208269691297
28 1.257271884465186
28 1.047615410366932
28 1.771524103085785
28 1.391589313237922
28 1.708849982235967
28 0.973428665071936
28 1.288315441888201
28 1.982008890987075
28 1.499981121061113
28 0.865906259445431
28 1.893699249696718
28 1.770150329112985
28 1.125346801876137
28 1.220782152760672
28 1.577867020751655
28 1.770285984945164
28 1.279535140988746
28 1.199177772985851
28 0.890058270805863
28 1.947739896114662
28 2.362012698625331
28 0.654431285980701
28 1.603233920543931
28 1.100510785952293
28 1.518811668079014
28 0.767901528476322
28 0.846851755230829
28 1.100183739241184
28 0.972930262957116
28 1.000197340562217
28 0.858593232807475
28 0.981715784192352
28 1.402862244738192
28 1.252003109256858
28 1.190840565023381
28 1.307229091593261
28 1.118335407416581
28 1.229031281303942
28 1.263101605913623
28 1.613076084619236
28 2.358330016288803
28 1.266809132129350
28 1.161019340649046
28 0.980133279539531
28 0.910036512510326
28 0.832048709735985
28 1.242831039540959
28 1.078396958695327
28 1.001915500985047
28 1.442283757569738
28 1.447690504613468
28 1.459977684556433
28 1.604982566838085
28 1.937657455637866
28 1.782531054310899
28 1.346180460999266
28 1.124902660943524
28 1.177102362837389
28 1.810883605329729
28 1.404581299793954
28 1.487948915132559
28 0.941391775892471
28 2.232616127830684
28 0.873848467816308
28 1.489072486518802
28 1.115036765872096
28 1.285189501137325
28 0.775952781974218
28 2.069254379439689
28 1.124266373555357
28 1.719712747396699
28 1.476485048741189
28 1.987978387918977
28 0.821873189432420
28 0.838278754286733
28 2.163103236450095
28 1.284885039529687
28 2.081123434981751
28 1.287224300090377
28 1.513974327645973
28 1.275128053924283
28 1.029182046687339
28 1.107615647406331
28 0.995257384017620
28 1.991646917125851
28 2.199426523600906
28 2.186162321405303
28 0.638548722258407
28 2.932196570898203
28 1.565747875025605
28 1.660700138055161
28 1.344400165840033
28 1.834710071625012
28 1.672983741518964
28 1.927341515393165
28 1.456072228718807
28 1.773348295665989
28 1.817731663268647
28 1.698621927469197
28 2.304758646674230
28 0.998959616020660
28 1.530355132191311
28 0.891162622764401
28 0.972028876988600
28 1.210698523971824
28 0.935286031236992
28 1.232667101852436
28 2.339109831350842
28 1.543612548687274
28 1.733360909870834
28 0.804213360800905
28 1.782725777657050
28 1.270242582315334
28 1.192809662733511
28 1.066614678978712
28 1.717332898342232
28 1.426618788002145
28 1.683287695878550
28 1.507969049797027
28 1.064865952904441
28 0.971319423739410
28 0.660655092628799
28 1.157551050981393
28 1.289459802259163
28 1.110956675010979
28 1.578222293120047
28 1.480503867901283
28 1.347344729733513
28 1.305968694331180
28 1.159194152681808
28 2.194046866796524
28 1.721028312978524
28 2.328302855245534
28 2.070327016921360
28 1.253525319077355
28 1.030822701999669
28 1.051002211327227
28 1.015644217846942
28 1.811124048543285
28 0.858236160207841
28 0.741379960545523
28 1.896776390109116
28 0.948189620239813
28 0.978403119169307
28 1.125173510089597
28 1.080552073036254
28 1.589066099261228
28 1.133935335117371
28 0.902863531497760
28 1.523378596916429
28 1.199819179257233
28 0.987937390961206
28 1.353705575510398
28 0.893696677255636
28 1.292644345975042
28 1.944113823373722
28 1.520234341970529
28 1.418156229528706
28 1.136103291324971
28 1.124866268821162
28 1.511612968961446
28 1.640399262139066
28 0.916098839943007
28 0.995082944432942
28 1.136918639294795
28 1.131527123287596
28 1.480260731036381
28 1.690011032480182
28 0.970020239553909
28 0.962850129041444
28 1.578017955547417
28 1.568876410333171
28 1.663559155886112
28 1.495826079751387
28 0.964458278926185
28 1.464429547089633
28 1.001293082559345
28 0.738117501372872
28 2.284796536773247
28 0.789983576609961
28 0.585926433268942
28 1.077608568695577
28 1.036660743787325
28 1.088598172743068
28 1.524742632041989
28 1.252968791083293
28 2.159315364231742
28 0.783994999374380
28 1.254323046000010
28 0.846161296477670
28 1.212669867498393
28 1.554999229738876
28 0.842438531891590
28 1.097837851455138
28 0.735114927064842
28 1.564214712307002
28 1.576364803370527
28 1.503691305944741
28 1.163665133348789
28 1.213424775737669
28 0.695877772823683
28 1.671663517270170
28 0.932938309291496
28 1.700410010887497
28 1.813384344403777
28 1.027921006017545
28 1.077490359039009
28 1.881868504647968
28 0.900906259470274
28 1.487469738877847
28 2.101362658942287
28 1.348425173424189
28 0.986585228772601
28 1.494287682499060
28 1.565575676180214
28 0.995823742692524
28 1.741599604499538
28 1.506556155796534
28 0.970020239553909
28 0.962850129041444
28 1.578017955547417
28 1.568876410333171
28 1.663559155886112
28 1.495826079751387
28 0.964458278926185
28 1.464429547089633
28 1.001293082559345
28 0.738117501372872
28 2.284796536773247
28 0.789983576609961
28 0.585926433268942
28 1.077608568695577
28 1.036660743787325
28 1.088598172743068
28 1.524742632041989
28 1.252968791083293
28 2.159315364231742
28 0.783994999374380
28 1.254323046000010
28 0.846161296477670
28 1.212669867498393
28 1.554999229738876
28 0.842438531891590
28 1.097837851455138
28 0.735114927064842
28 1.564214712307002
28 1.576364803370527
28 1.503691305944741
28 1.163665133348789
28 1.213424775737669
28 0.695877772823683
28 1.671663517270170
28 0.932938309291496
28 1.700410010887497
28 1.813384344403777
28 1.027921006017545
28 1.077490359039009
28 1.881868504647968
28 0.900906259470274
28 1.487469738877847
28 2.101362658942287
28 1.348425173424189
28 0.986585228772601
28 1.494287682499060
28 1.565575676180214
28 0.995823742692524
28 1.741599604499538
28 1.506556155796534
28 0.738361528178022
28 1.685786786938811
28 1.784860874942624
28 2.931590105476475
28 1.160061766148025
28 1.417985439756531
28 1.103492198535860
28 1.144361570446592
28 1.555448421304573
28 1.581829678051610
28 1.444065571100277
28 1.807882894244927
28 1.055998436608132
28 0.879229572410838
28 2.106926895243169
28 0.840002051036999
28 0.845644560894337
28 1.117498557340588
28 1.081182093477419
28 2.232205579750082
28 2.029713052847129
28 0.999634091253491
28 1.717160050743266
28 1.910243550202673
28 1.295883503729925
28 1.453082409600433
28 1.355560332153797
28 1.033894150740710
28 0.919110472953518
28 1.203815927059905
28 1.305069703281909
28 0.904110280427443
28 1.982096005641237
28 1.207378919273208
28 0.929457815582603
28 0.813492028770809
28 1.221297837920709
28 1.619210057174856
28 0.949476188759185
28 2.425170068428985
28 1.710024733844194
28 1.137239685071870
28 1.464727194648604
28 0.795308167791708
28 1.847445345294954
28 1.402976140213750
28 0.631596319684658
28 0.592593348045591
28 1.671608932584603
28 1.387468808908578
28 1.170177796864999
28 1.734836198393730
28 1.458253860375062
28 2.341313610457236
28 1.123361285089243
28 1.017707801961488
28 1.728481156562276
28 1.277320918488540
28 1.414561406291599
28 2.227019281797462
28 0.669111347405678
28 1.692402107401151
28 0.706740115651239
28 2.705899184192298
28 1.571700350393531
28 1.158073973678365
28 0.758883810227577
28 2.152415853069948
28 0.817783642824609
28 1.943796178156787
28 0.742821915723900
28 2.144969773209148
28 1.338262070546604
28 1.523393339226075
28 0.915385513927917
28 1.273122454886880
28 2.239618695462627
28 1.047016766404772
28 1.723329482808166
28 1.204125973482665
28 1.600004039027366
28 0.981243715973723
28 0.961906738626849
28 1.181510017484443
28 2.496655806532266
28 2.021709851460693
28 1.503907763114916
28 1.672013060842811
28 0.964557648285772
28 1.092973192669680
28 0.753059536661825
28 0.905181871737113
28 0.889599496949369
28 1.116152078632408
28 1.036699800747433
28 1.806667225856576
28 1.228340899675652
28 0.662942488296535
28 0.783808446851421
28 1.866877075307436
28 1.241682195988805
28 1.001790890302139
28 1.234330672162927
28 0.840639697138331
28 0.851317940533875
28 0.986438547653786
28 1.058772547560025
28 1.805615689894647
28 2.023614620969966
28 1.318669541799327
28 1.096120468937711
28 0.763376236853932
28 1.199848120890699
28 0.995120530917705
28 1.559910652288102
28 1.190475109413040
28 0.694297841702956
28 0.738311759491439
28 0.593781311196724
28 0.788907036243886
28 1.708234376702472
28 0.604280490701507
28 1.080931747904440
28 1.097968993542443
28 1.833647471453185
28 1.488999862061467
28 1.490646139509347
28 1.363422529148129
28 3.031553323315559
28 0.895993129029412
28 1.538071933903555
28 1.810276881432695
28 1.485065480365999
28 1.099461703609871
28 1.017898990167002
28 1.621563621981601
28 1.144936474505960
28 0.971095142921143
28 0.962561896390198
28 1.459369740790352
28 1.053545712275188
28 1.287690372574876
28 2.012913496424757
28 0.980673255388282
28 1.831851809136271
28 1.561528894107524
28 1.580215889145947
28 0.711462497670474
28 0.702362130227250
28 1.575814605048380
28 0.808511433784250
28 1.804849941058936
28 0.840463088243598
28 1.861525228592471
28 0.567773813863669
28 1.551101696477531
28 0.697998648030698
28 0.972352885000482
28 0.818415825746109
28 0.792097633820792
28 1.326762720057362
28 0.851895649357383
28 1.606184078313305
28 0.891810886874832
28 0.808352638469186
28 1.188440865188576
28 1.645848477454949
28 0.878942764751431
28 1.184220088524425
28 1.674093662602446
28 1.986697950086605
28 0.750132245523434
28 0.610280997646560
28 0.798002109996442
28 1.299379089609608
28 1.671944775851799
28 1.846671427112529
28 0.995331463730779
28 1.890819659413457
28 1.020291952563678
28 1.413090041728976
28 1.442066475584381
28 1.446645969849524
28 2.105895798077068
28 2.114372978270529
28 0.809764208761530
28 0.970677735977294
28 2.099717540727417
28 1.610437373594749
28 1.792960833934926
28 1.115584640633155
28 1.418880144167733
28 2.396702321048687
28 0.864088915699649
28 1.542753036004773
28 1.922116602841443
28 1.382234843242023
28 0.624260292964563
28 1.239738012089675
28 1.695122154640104
34 1.203818304934413
34 2.474004876280833
34 4.103351976471367
34 1.372655486569026
34 1.814155764040176
34 2.054440145197223
34 1.835831993531175
34 2.541391734462348
34 2.942618869472505
34 1.226473120536932
34 1.823673097865578
34 1.225812507325854
34 1.963520899690370
34 2.074766490964316
34 2.077011274711321
34 1.583964520423091
34 2.531056835799294
34 1.954498475685836
34 1.638975936534396
34 1.101845064829367
34 2.297782637540080
34 2.619331299751980
34 3.212681246191574
34 2.031129464675610
34 2.024178261657513
34 1.523149761877999
34 2.509364110126209
34 1.876219475444729
34 2.455022117185110
34 1.805828344290567
34 1.750185238223493
34 3.400899362744668
34 2.069612372695029
34 2.685102416250140
34 2.707628784640701
34 2.384578278928487
34 2.116012372965073
34 3.057942167873333
34 1.786205630889014
34 1.334602605940590
34 2.030283646007303
34 1.970168935963160
34 1.240825087538203
34 1.804665383826448
34 1.727234566360653
34 1.320763711750399
34 2.528772816056084
34 1.445595193824735
34 1.684966588660662
34 1.354197473448928
34 0.912214576492604
34 2.306846708033067
34 2.735218147498884
34 1.572833930472792
34 1.343223457680314
34 2.463151729891666
34 1.475715038708278
34 2.237126958422486
34 2.806214907215224
34 2.234863843194506
34 3.668103732951449
34 2.030492532686007
34 1.716368117532813
34 3.037714077366395
34 1.154335388553678
34 1.603161516356756
34 2.075276499504136
34 2.349852331519737
34 2.296426221657111
34 1.297734017884697
34 2.522067733378856
34 1.977777101080118
34 2.630675081088043
34 1.648738988174004
34 1.769859277067846
34 1.877304624772174
34 2.553708822660258
34 1.645964388695101
34 2.972016159617072
34 1.377788832934677
34 2.861154639084877
34 1.230834664248940
34 1.874508112143018
34 1.921324029533074
34 1.482712565546974
34 1.784831775837262
34 1.912078607459157
34 1.734207118542348
34 1.741454220557999
34 1.451244437460343
34 1.768443878140341
34 2.694670624031038
34 2.601329731238371
34 3.657658569623679
34 2.991219560996622
34 1.496835466998153
34 1.208962807686941
34 2.592459756860555
34 1.635952925817647
34 2.925364059194169
34 2.183668761511040
34 2.823102086625075
34 1.707562231019844
34 1.326040177726120
34 3.246377225125102
34 2.127528918716871
34 1.896046504434224
34 2.880944440892419
34 1.916931145174727
34 2.078452136045249
34 1.420442017727563
34 2.772821956087579
34 1.256505335342039
34 2.260378846272125
34 2.474447952294738
34 1.543111607337731
34 1.609646927303297
34 1.389141956880247
34 2.384553895825715
34 1.587840467214594
34 2.804210085307519
34 1.719555447491070
34 2.270583825821800
34 1.640862659777084
34 1.957172509513941
34 2.296638723336126
34 3.037296543727218
34 4.321847049247348
34 1.466989052568236
34 1.218991808988621
34 1.909309174935907
34 1.530524279319009
34 2.463956508447733
34 1.373216957934321
34 1.529651104066134
34 2.090652564031695
34 2.209035247414422
34 3.687394790834695
34 1.500326457891643
34 1.794416190902669
34 1.616989207182445
34 4.761500724652640
34 2.191800936735640
34 1.709146105131762
34 2.434842344494926
34 1.469158529204223
34 2.094242151526821
34 2.083105307695950
34 1.796283035729695
34 3.393235861575098
34 1.963561783393383
34 2.549928335478308
34 1.885225773872543
34 1.140309217926262
34 1.330817845846065
34 1.571720272702041
34 4.138891502897986
34 2.169426175341682
34 2.023160202458372
34 2.420572792813454
34 2.346667920227556
34 1.301175570292690
34 2.665897753247779
34 1.147285377681825
34 1.489368417679603
34 3.299127588350132
34 2.456710275385965
34 1.681677365400792
34 0.917913272142235
34 2.234611257053065
34 2.660777680216645
34 1.584946376381608
34 1.967201528241851
34 2.292283676305421
34 1.711267259810408
34 2.535111183674977
34 1.867608258665479
34 2.831294266682218
34 1.580059426270241
34 2.026677394580749
34 1.170697277179150
34 2.313202066893968
34 1.893436960669350
34 0.851309823915746
34 2.117699182614511
34 0.875607968947192
34 1.896260404939226
34 1.438536800118598
34 1.667452775219728
34 1.268177048345472
34 2.341888443321141
34 1.378840382713129
34 2.046294276753291
34 1.982154728783819
34 3.236231399946463
34 2.323024319245573
34 1.678787652090334
34 2.205401074208568
34 2.554519911039391
34 1.200210806581653
34 1.854385562074335
34 1.511633147810607
34 3.160226702327268
34 2.660937994979994
34 1.562058229283542
34 1.358394694876394
34 1.515603473216216
34 1.856168865137229
34 2.509389533316561
34 2.729278484651997
34 2.802469407013635
34 2.723473314197732
34 1.675174504465220
34 1.551263948737896
34 1.722111058275745
34 1.085852629614970
34 1.075658097395451
34 3.450647286223480
34 3.256038452141208
34 3.015562818626167
34 2.732350301796650
34 0.910938187839196
34 3.504853192168214
34 2.794473633941242
34 2.436380150557089
34 1.579218194223707
34 3.096268623969076
34 1.892306134227677
34 2.197784473228486
34 1.741920188385225
34 1.001599741701325
34 1.417963705698767
34 2.116108264996662
34 3.001481475155630
34 2.021335088174702
34 1.932943441920453
34 1.559479278452190
34 1.780158768716609
34 3.881508884327928
34 1.704188951639397
34 2.450319874711266
34 1.604511996282078
34 2.836191382315217
34 2.775677389832343
34 1.786396637398478
34 1.780134268272432
34 2.835387495663146
34 1.618469546392933
34 2.470590221582724
34 1.431422977009727
34 2.674659844285920
34 1.881863845600105
34 2.583536325909001
34 1.475898193012353
34 2.405274950477372
34 2.025768892233162
34 1.025521090800517
34 1.539659444305921
34 2.339606752266678
34 2.775355641048788
34 1.642996504372777
34 3.506730292610029
34 1.989214690915214
34 2.539971735579125
34 2.525009931800162
34 1.768133532734788
34 1.779474545826239
34 1.630598555847309
34 1.726781707914621
34 1.974214539584144
34 2.384252304257997
34 3.100298665980697
34 2.859428894246036
34 1.489494870488640
34 1.851530562926519
34 1.788220006850199
34 1.523248601235365
34 1.427003667036182
34 1.299123700642814
34 1.183975454196906
34 2.518858654835176
34 3.317276921844615
34 1.693821234512174
34 2.166017367884308
34 3.084646537451806
34 2.000714685996701
34 3.903930295424392
34 1.795065688140184
34 2.280608425244413
34 1.754091388799345
34 3.272216875475937
34 1.660613398203203
34 2.027962342924165
34 1.472459076012688
34 1.501894220659434
34 1.393345241831211
34 2.416818589308412
34 2.192627899616356
34 2.118970905503433
34 2.345561440819856
34 2.754361937836911
34 2.358554526004915
34 1.306114559488138
34 2.265035032820041
34 1.432776369407349
34 1.386673479542018
34 2.873052023135193
34 1.434415406568573
34 2.243559230649605
34 2.140764209902481
34 1.294410296081339
34 1.718577588092720
34 3.079777396224516
34 1.738338162461637
34 1.251367144270241
34 2.579647403984354
34 2.819287299799907
34 2.046882669197282
34 1.797788399850790
34 2.151738770221168
34 3.281229413422322
34 1.544715436427184
34 1.277035599109045
34 1.177269253299403
34 2.721662764660497
34 1.771521283225626
34 2.827492004378152
34 1.605401566256528
34 1.994724397226872
34 1.785382348642982
34 3.815900483659733
34 2.165521683148875
34 4.052995106163175
34 2.124249306796814
34 4.033689026266805
34 1.567199044042060
34 1.205678564098162
34 3.220728523929165
34 1.187979806580869
34 1.315816469441144
34 2.494603480175884
34 2.069710073224971
34 3.123797584641061
34 2.097380692264672
34 1.591848621384095
34 2.146018390480848
34 1.169399123202359
34 2.271469171431082
34 3.222585091144725
34 1.267494896133345
34 2.754361937836911
34 2.358554526004915
34 1.306114559488138
34 2.265035032820041
34 1.432776369407349
34 1.386673479542018
34 2.873052023135193
34 1.434415406568573
34 2.243559230649605
34 2.140764209902481
34 1.294410296081339
34 1.718577588092720
34 3.079777396224516
34 1.738338162461637
34 1.251367144270241
34 2.579647403984354
34 2.819287299799907
34 2.046882669197282
34 1.797788399850790
34 2.151738770221168
34 3.281229413422322
34 1.544715436427184
34 1.277035599109045
34 1.177269253299403
34 2.721662764660497
34 1.771521283225626
34 2.827492004378152
34 1.605401566256528
34 1.994724397226872
34 1.785382348642982
34 3.815900483659733
34 2.165521683148875
34 4.052995106163175
34 2.124249306796814
34 4.033689026266805
34 1.567199044042060
34 1.205678564098162
34 3.220728523929165
34 1.187979806580869
34 1.315816469441144
34 2.494603480175884
34 2.069710073224971
34 3.123797584641061
34 2.097380692264672
34 1.591848621384095
34 2.146018390480848
34 1.169399123202359
34 2.271469171431082
34 3.222585091144725
34 1.267494896133345
34 1.631784220951703
34 2.301893065710790
34 3.064673066454888
34 1.254720182064203
34 1.995049131563333
34 1.815677148703782
34 1.415588433395922
34 2.094518570495047
34 1.786043708618478
34 2.192855841759942
34 2.421869041107386
34 1.394936928569890
34 2.217444806980859
34 3.593099521276900
34 1.770366942718992
34 1.548200926758540
34 2.218550082673999
34 1.725237420197834
34 3.749988283314718
34 2.271009822806273
34 1.227356641790526
34 1.637057297271259
34 2.079831806796459
34 2.288737932030270
34 2.414013769881009
34 2.780656038766524
34 2.292628955111245
34 2.161073296980378
34 1.479347427259508
34 3.239321685791003
34 2.885544728621176
34 1.756481263012013
34 2.894910691489271
34 1.670014135645302
34 2.898355737353566
34 1.898974862027202
34 2.218503075463958
34 1.342079910587937
34 3.041416774374993
34 1.616760179905236
34 2.072377991240233
34 1.702079475465250
34 1.879130788629588
34 1.669138131983247
34 2.705583885797152
34 1.098484656916055
34 1.516511296711819
34 2.804184520333905
34 2.645041191483921
34 2.067146414291854
34 1.823653844761747
34 1.898128629108566
34 1.940736407373157
34 2.025537449019225
34 1.526563124550050
34 1.631568175370177
34 1.730297346712786
34 1.196934257059252
34 3.257632789330980
34 2.019653529614955
34 0.932804685772514
34 1.688089450547730
34 3.262789576932708
34 1.823557954008659
34 1.334126795900475
34 1.588587064328653
34 2.740405844914319
34 2.112902568881165
34 3.027808221683767
34 1.944916248876806
34 2.674319283822734
34 2.271708074437816
34 2.158650639244233
34 2.886814993434053
34 1.573369528987893
34 3.743700037459310
34 1.866781224904337
34 2.038953936797981
34 5.055083323892011
34 1.479387525622578
34 2.024645247469197
34 1.534192905413368
34 1.791678352168955
34 1.935244105369628
34 3.611589154125681
34 1.466482023016354
34 1.208676735331751
34 3.004112506044394
34 2.155890502257301
34 1.691659805074492
34 2.752984614196526
34 2.567530509505135
34 1.450733910442652
34 2.380721434378018
34 1.761719865536683
34 3.214811156453625
34 1.959952235235037
34 2.845728425778383
34 1.846578565116403
34 2.147811249173135
