10 1.971131328023538
10 0.035287314065518
10 0.032815583879474
10 0.082605354814837
10 0.093427296298507
10 0.045899409042550
10 0.101784723270911
10 0.026556125425292
10 0.033573285260664
10 0.030086289710105
10 0.118696330451278
10 0.066515420769631
10 0.048667944626483
10 0.334626401987783
10 0.043264640398025
10 0.042589393619792
10 0.189699976144949
10 0.029177647167955
10 0.022903787462226
10 0.035899643468553
10 0.024867093544812
10 0.042213491156311
10 0.040023777433102
10 0.051042726474048
10 0.046848761650352
10 0.032717457557168
10 0.115525763897200
10 0.046793291649540
10 0.059187421797007
10 0.046840138417496
10 0.032871613200506
10 0.024283195802996
10 0.850069778891868
10 0.054719211292380
10 0.045232385051253
10 0.044119594438353
10 0.045730870895098
10 0.031861255311657
10 0.035380608758993
10 0.030500448716912
10 0.036693197130255
10 0.048478436029030
10 0.107132674987518
10 0.032136766085523
10 0.048490437882887
10 0.039328732639714
10 0.049278111574465
10 10.000000000000000
10 0.046888318939956
10 10.000000000000000
10 0.098626630479012
10 0.038937760104368
10 0.054850611181902
10 0.060145677841699
10 0.034438374340720
10 0.049082047990238
10 0.031344330065230
10 0.071771999172375
10 0.036109706005595
10 0.030539220302337
10 0.049649671549009
10 0.203822075737141
10 0.050303852132576
10 0.047612270965574
10 0.054623721838170
10 0.039988939141183
10 0.027774744028213
10 0.041534679551467
10 0.047001811777163
10 0.032420181744007
10 0.029752176966508
10 0.046938566090311
10 0.041749841405538
10 0.044347452340396
10 0.067796111677580
10 0.037516530566087
10 0.037124390113434
10 0.055305237564158
10 7.280490558582347
10 0.442211585287899
10 0.036654999680299
10 0.031407532775986
10 0.030017311628823
10 10.000000000000000
10 0.043846853045461
10 0.041302169854031
10 0.024357701457490
10 0.152139926779881
10 0.042355270311877
10 0.036368193970507
10 0.148271976600046
10 0.622288844529438
10 0.072974315506781
10 0.083202212431758
10 0.038727522649327
10 0.048902490829847
10 0.067519225055541
10 10.000000000000000
10 0.065377521860146
10 0.032146178117776
10 0.026627545465508
10 0.126463885680995
10 0.030207453237125
10 0.087750610382966
10 0.066208157045024
10 1.172478708212092
10 7.968851405445762
10 10.000000000000000
10 0.021823492137898
10 0.031022708688005
10 0.069008736150820
10 0.049553202255612
10 0.073008543888789
10 0.021494792470203
10 0.020645208779457
10 0.078009310566609
10 0.035604137772963
10 0.056993531686742
10 0.050658358727572
10 0.052229821661474
10 10.000000000000000
10 0.018528595491246
10 0.026050105158287
10 0.272898931358095
10 0.035354267095750
10 0.053382132278172
10 0.046887720355258
10 0.031430326966658
10 0.069149947222367
10 0.023590814594255
10 0.021416899574883
10 0.053906853118064
10 0.029969224586742
10 0.052636583300909
10 0.034233367405265
10 0.171376280059130
10 0.018840463303887
10 0.036095505496177
10 0.024739012964085
10 0.411203043498133
10 0.120184000590630
10 0.070044856463230
10 0.034163345359838
10 0.037677282221897
10 0.037190593073436
10 0.021896606596250
10 0.040092567590285
10 0.040755164303560
10 0.135977605215762
10 2.085246066432606
10 0.029555092514112
10 0.034824086235477
10 0.033900546960131
10 0.038103176131997
10 0.070125296357975
10 0.264570216977017
10 0.029353725750293
10 0.035660644342075
10 0.053039231375010
10 0.059539663650106
10 0.072262976552522
10 0.055823970490144
10 0.043315837820394
10 0.042326208178046
10 0.040382061323179
10 0.042759307792327
10 0.134187434978306
10 0.041230296084838
10 0.034458468397973
10 0.019513303829797
10 10.000000000000000
10 0.014717916654812
10 0.019828813610589
10 0.047950089254284
10 0.044168587537994
10 0.061956845793292
10 0.035769712910178
10 0.030636745106229
10 0.047990550721027
10 0.063746364224439
10 0.070474355953859
10 0.026846788213781
10 0.022589501554072
10 0.048236672327644
10 0.055335839650697
10 0.071699795348193
10 0.039935437946925
10 0.054344904543505
10 0.029934957382562
10 0.031771090271127
10 0.026775651221553
10 0.790904083097000
10 0.056908438077858
10 0.031629852658217
10 0.048996874468793
10 0.052413909269886
10 0.113853828904257
10 0.028018160699012
10 0.060760467001017
10 0.046348974917232
10 0.026879064527264
10 0.035346080878002
10 0.059565368703648
10 0.093374788135706
10 0.035202768538444
10 0.080087614316775
10 0.051323768509686
10 0.029256217576408
10 0.042868138340549
10 0.037663107282670
10 0.027510052001844
10 0.051089282989887
10 0.045216236481558
10 0.142730903641848
10 0.063762343074337
10 0.033276665163740
10 0.022902811044547
10 0.033927753988146
10 0.088998658867604
10 0.041501768118681
10 0.030968258659598
10 0.042861637754502
10 0.049006449688943
10 0.122352898930660
10 0.046225870844769
10 0.025085249471085
10 1000000000000000019884624838656.000000000000000
10 0.028696174693359
10 0.052974572892026
10 0.431475339518607
10 0.062776672981939
10 0.055426696660500
10 0.063149728060719
10 0.057273129453906
10 0.306404367018774
10 0.019328684290362
10 0.071230076090028
10 0.030419972716956
10 10.000000000000000
10 0.027689683016660
10 0.027472079399156
10 0.030935304317762
10 0.034608456153343
10 0.024235526800280
10 0.030909014230135
10 0.028842895902713
10 0.048220128046708
10 0.044345606762898
10 0.043225724930528
10 0.025780483458851
10 0.106792046948778
10 0.018862891287486
10 0.033342539024024
10 0.067938291870935
10 0.154758215572389
10 0.041379435615751
10 10.000000000000000
10 0.085743161837144
10 0.049713322134459
10 0.039390997368031
10 0.055116121618354
10 0.032669364836629
10 1000000000000000019884624838656.000000000000000
10 0.032133205544816
10 0.042445811092066
10 0.032936017825210
10 0.024482946898839
10 0.046672731228391
10 0.053090080534078
10 0.054925356980533
10 0.044147445866910
10 0.031318505012546
10 0.407214605634416
10 0.045711398754683
10 0.025147246603058
10 0.051252403512597
10 0.074937472045133
10 0.039615693026030
10 0.060775348383501
10 0.059302594132895
10 0.041615171397522
10 0.069148493453503
10 0.027270504197378
10 0.049224137919841
10 0.043359892779207
10 0.415207964283926
10 0.091685822708233
10 0.019748574053970
10 0.026763807923353
10 0.038810123905086
10 0.047184093641676
10 0.041318117593330
10 0.044129608281144
10 0.022687552282733
10 0.116670422947012
10 0.029847102016519
10 0.048348430447912
10 0.047623792481853
10 0.095487305496719
10 0.076115999929223
10 10.000000000000000
10 0.081259372882823
10 0.030374922126190
10 0.061191495466509
10 0.027524002523113
10 0.089097222062115
10 0.066460508962262
10 0.064265901891054
10 0.035734924323175
10 0.052901314665642
10 0.062181116611669
10 0.064332021004424
10 0.031782847778841
10 0.086578648091894
10 0.084713503057340
10 0.033010859496692
10 0.042145114182861
10 0.024897356212462
10 0.049644640197132
10 0.080649735796031
10 0.048250055063471
10 0.031651310302212
10 0.089960781906617
10 0.025459774143756
10 0.067121214099897
10 0.032940640136054
10 0.037887914814335
10 0.084425517764235
10 0.046065074118585
10 0.054235636045001
10 0.020719412656073
10 0.042749575740650
10 0.025334038417966
10 0.912931648895899
10 0.079652411302688
10 0.030616183754232
10 0.052729697489180
10 0.052329235650253
10 0.042362301622804
10 0.045666844262302
10 0.242064722761014
10 0.035879773739596
10 0.046048559244040
10 0.048552450184157
10 0.047866912084670
16 0.393664778434862
16 0.447356239361443
16 0.276069621516440
16 0.261518843770577
16 1.362450600166078
16 0.215222163541347
16 0.206695959691676
16 0.137951127487671
16 0.173302698989929
16 0.419425538211923
16 0.267190656561836
16 0.421997856227958
16 0.343280196007896
16 0.233612047082773
16 0.176963285864725
16 0.215036089150923
16 0.154268586241670
16 0.217994550685538
16 0.242492247249401
16 1.248306982590512
16 0.616703188681923
16 0.139114980712065
16 0.119966674326871
16 0.116726497513758
16 0.109116061564617
16 0.405713401926896
16 0.262686615123923
16 0.217323466661588
16 0.239684439063329
16 0.202637620452043
16 0.586923889463767
16 0.418762458179347
16 0.097937638037535
16 0.321521911331821
16 0.331142620236013
16 0.162494941449856
16 0.321846578867056
16 0.133562687780679
16 0.407076524981480
16 0.243333084643044
16 0.280105960780643
16 0.184529836815398
16 0.130928403801409
16 0.776086425684432
16 0.257793588593498
16 0.205529252394367
16 0.104417048659263
16 0.280047830850995
16 0.169736613076998
16 0.115499842565725
16 0.194502255295335
16 0.609084161966322
16 0.149802415210941
16 0.148512096513466
16 0.141350878581484
16 0.316814209403747
16 0.340121810941905
16 0.275319404826154
16 0.236856415075398
16 0.236756915999935
16 0.188594704795201
16 0.419016656141590
16 0.372685627878901
16 0.226506646225164
16 0.389934091589732
16 0.182808476729602
16 0.205878712882926
16 0.777430445965204
16 0.185335763974198
16 2.484596583828521
16 0.195634048227433
16 0.117064598655720
16 0.242777157788559
16 0.183410304734449
16 0.357707358669869
16 0.139782510023107
16 0.083434768313099
16 0.179261753523785
16 0.225430311364075
16 0.756468754528262
16 0.470889668610591
16 0.325988177150261
16 0.170252275523580
16 0.097905849262804
16 0.254046489741200
16 0.381466953235038
16 0.189312910927061
16 0.162352358886208
16 0.172540657485565
16 0.209723654444161
16 0.149102031497876
16 0.139429747688792
16 0.204124477457145
16 0.240836612932770
16 0.664238163272820
16 0.279097013230102
16 0.152702764681163
16 0.301436816492330
16 0.112261566312890
16 0.215038152103022
16 0.183568901425272
16 0.104088030021407
16 0.157000159366851
16 0.230647290224513
16 0.117179242176195
16 0.924344252464345
16 0.282718962939580
16 0.326566748927245
16 0.136930241093149
16 0.190138977556376
16 0.120588989326627
16 0.163735483590589
16 0.285543463901675
16 0.161620701303060
16 0.103143382304028
16 0.169215790865115
16 0.149784366020851
16 0.183458113052972
16 0.203073070668463
16 0.437275101695078
16 0.213754618029300
16 0.502099992713435
16 0.243625058584318
16 0.174874565042559
16 0.283979521148138
16 0.362863037972961
16 0.244462071971212
16 0.127871811590875
16 0.243238664325664
16 0.407542926635716
16 0.140339762993578
16 0.084542916206344
16 0.190989346511405
16 1.016427380939135
16 0.234554047103673
16 0.242916814065070
16 0.176989434003407
16 0.226424972042544
16 0.160487595812144
16 0.219706260738969
16 0.219430164711456
16 0.196271246704772
16 0.216000265746870
16 0.262447410829279
16 0.236404902509587
16 0.241291047394085
16 0.222047492783514
16 0.123438044009955
16 0.407311123383501
16 0.121492973046688
16 0.354393401822485
16 0.206965973121234
16 0.119182218200978
16 1.592351903693707
16 0.466752270631147
16 0.106435989731065
16 0.120401498381257
16 0.183966328225793
16 0.221651905787929
16 0.647867821743682
16 0.228659767496269
16 0.257639993413961
16 0.195775522589992
16 0.459459466698239
16 0.172700788626655
16 0.288606434119299
16 0.152809596100797
16 0.204590445409846
16 0.145804724185735
16 0.288095678813067
16 1.189028937360998
16 0.092916798185739
16 0.411826045337692
16 0.229313046669999
16 0.141193400111169
16 0.415206723014136
16 0.258113377748298
16 0.246348491783952
16 0.202069362759002
16 0.147649013579380
16 0.189107697192869
16 0.199400384226134
16 0.618495459734397
16 0.135668179453099
16 0.266329472981346
16 0.628077239294820
16 0.295742387463666
16 0.132105007790345
16 0.155896443242753
16 0.209111263488556
16 0.294751331760709
16 0.261109225840991
16 0.179857510100462
16 0.181320401183593
16 0.196756455799482
16 0.094090729555287
16 0.319210016898650
16 1.321215954038594
16 0.296073115221574
16 0.155710735234625
16 0.246453876599544
16 0.254051409336927
16 0.178118369632093
16 0.133349995578155
16 0.405698755084737
16 0.139066052171001
16 0.211336685279032
16 0.146346238608008
16 0.176255711542182
16 0.190737100080779
16 1.410752877882010
16 0.248475286493914
16 0.163651659220145
16 0.194661824284738
16 0.179345534014200
16 0.379924190563502
16 0.164787211708211
16 0.175560263869112
16 0.625886394561567
16 0.725866628393887
16 3.886662563263251
16 0.181581183758373
16 0.165506960013960
16 0.306676367225694
16 0.564531678855459
16 0.178195313856947
16 0.326241269042622
16 0.302841089347823
16 0.213903098070552
16 0.264823223315958
16 0.125255971427508
16 0.191530868886775
16 0.168947815319919
16 0.434012745579713
16 0.165042288738936
16 0.101414576745462
16 0.287366676649190
16 0.226838972014833
16 0.246198320780653
16 8.853603349075605
16 0.136757170324857
16 0.276478734627939
16 0.183381766406554
16 1.575638412004830
16 1.074188111913880
16 0.173648596557408
16 0.204849958606113
16 0.145090444463649
16 0.116634379159715
16 0.204261651670735
16 0.194298948374651
16 0.351606080851702
16 0.211263273446127
16 0.194427818434074
16 0.326597524921157
16 0.145242671054604
16 0.275350685631794
16 1.125092947928324
16 0.265369486010944
16 0.165068581156651
16 0.234665247648991
16 0.127689477604732
16 0.220914025808610
16 0.245737960152002
16 0.301646045120366
16 0.112469473176482
16 0.117795486961943
16 0.223042376926757
16 0.361623692834228
16 0.870413138700848
16 0.343864245020904
16 0.222767030030860
16 0.133154117785260
16 3.185961149469060
16 0.136962228168422
16 0.363654802764064
16 0.323504743737105
16 0.229378124790847
16 0.137772672178224
16 0.197535916730858
16 0.126532285243837
16 0.158584021531952
16 2.009867398302731
16 0.190914905998693
16 0.343408083554465
16 0.128580264331345
16 0.163850673271956
16 0.141273039345735
16 0.131128030846669
16 0.160076821422194
16 0.523382753564694
16 0.508878436905775
16 0.240188291852584
16 0.557693066538300
16 0.401050237276196
16 1.167164933758416
16 0.227140458771127
16 0.528101370570033
16 0.298227214683378
16 0.204451638680935
16 0.460693607493679
16 0.350255249875029
16 0.424721936867734
16 0.091491214900778
16 0.259542921195631
16 0.622063863753313
16 0.243836076401286
16 0.174710567527179
16 0.122459705915898
16 1.025354321290792
16 0.212527683820491
16 0.161732902071716
16 0.102470644959993
16 0.524224908109606
16 0.158024318994753
16 0.221350807962346
16 0.158500189375187
16 0.161237704047528
16 4.328279825241933
16 1.320698857505853
16 0.324478414635008
16 2.670962128109306
16 0.308710585696073
16 0.203961871906166
16 0.279882467720680
16 0.140682478465326
16 0.173033434472215
16 0.181250409006429
16 0.814646875249465
16 0.377322726289707
16 0.232113105520936
16 0.302358574597312
16 0.189633514466919
16 0.189259709456380
16 0.182091392531358
16 0.168673089445221
16 0.318606896846998
16 0.096767674536833
16 0.216701542983086
16 0.785791608623654
16 0.163964347663948
16 0.192382241443552
16 0.176022494903717
16 0.133640725942572
16 0.112779166060704
16 0.329822399003771
16 0.150934984783195
16 0.551922449261318
16 0.248798864805185
16 0.164948008756422
16 0.178096475387584
16 0.126786076891456
16 0.148802574487978
16 0.215998605445862
16 0.254909490608029
16 0.166069568915445
16 0.317085639448020
16 0.240306685969293
16 0.226511970165325
16 0.129315952190733
16 0.240430723387481
16 0.262547060851179
16 1.202721994961952
16 0.149226669226255
16 0.262915439103737
16 9.510750937764675
16 0.222735831621646
16 0.184750365241604
16 0.187162672517697
16 0.170392772522153
16 0.599624902450009
16 0.240176450940867
16 0.469610775838686
16 0.621769189534215
16 0.169285050553581
16 0.094372397740096
16 0.337923758095949
16 0.476852619371181
16 0.299897038900178
16 0.409672364675685
16 0.180329105877263
16 4.764547240745427
16 0.131138145752528
16 0.105139472236019
16 0.264107757113625
16 0.242979587936516
16 0.103410965348451
16 0.123063065850789
16 0.623208578717684
16 0.209953839530182
16 0.413937336303140
16 0.233009553842454
16 0.224856176662493
16 0.169703674231780
16 0.206523798411959
16 0.114829644517128
16 0.434535526474342
16 0.126772827593724
16 0.095966868916798
16 0.153674911959642
16 0.178096475387584
16 0.126786076891456
16 0.148802574487978
16 0.215998605445862
16 0.254909490608029
16 0.166069568915445
16 0.317085639448020
16 0.240306685969293
16 0.226511970165325
16 0.129315952190733
16 0.240430723387481
16 0.262547060851179
16 1.202721994961952
16 0.149226669226255
16 0.262915439103737
16 9.510750937764675
16 0.222735831621646
16 0.184750365241604
16 0.187162672517697
16 0.170392772522153
16 0.599624902450009
16 0.240176450940867
16 0.469610775838686
16 0.621769189534215
16 0.169285050553581
16 0.094372397740096
16 0.337923758095949
16 0.476852619371181
16 0.299897038900178
16 0.409672364675685
16 0.180329105877263
16 4.764547240745427
16 0.131138145752528
16 0.105139472236019
16 0.264107757113625
16 0.242979587936516
16 0.103410965348451
16 0.123063065850789
16 0.623208578717684
16 0.209953839530182
16 0.413937336303140
16 0.233009553842454
16 0.224856176662493
16 0.169703674231780
16 0.206523798411959
16 0.114829644517128
16 0.434535526474342
16 0.126772827593724
16 0.095966868916798
16 0.153674911959642
16 0.178096475387584
16 0.126786076891456
16 0.148802574487978
16 0.215998605445862
16 0.254909490608029
16 0.166069568915445
16 0.317085639448020
16 0.240306685969293
16 0.226511970165325
16 0.129315952190733
16 0.240430723387481
16 0.262547060851179
16 1.202721994961952
16 0.149226669226255
16 0.262915439103737
16 9.510750937764675
16 0.222735831621646
16 0.184750365241604
16 0.187162672517697
16 0.170392772522153
16 0.599624902450009
16 0.240176450940867
16 0.469610775838686
16 0.621769189534215
16 0.169285050553581
16 0.094372397740096
16 0.337923758095949
16 0.476852619371181
16 0.299897038900178
16 0.409672364675685
16 0.180329105877263
16 4.764547240745427
16 0.131138145752528
16 0.105139472236019
16 0.264107757113625
16 0.242979587936516
16 0.103410965348451
16 0.123063065850789
16 0.623208578717684
16 0.209953839530182
16 0.413937336303140
16 0.233009553842454
16 0.224856176662493
16 0.169703674231780
16 0.206523798411959
16 0.114829644517128
16 0.434535526474342
16 0.126772827593724
16 0.095966868916798
16 0.153674911959642
22 1.112950758545496
22 0.531825734904557
22 1.054524883034392
22 1.320096375876908
22 0.538665057883166
22 0.572042412668496
22 1.532542410618012
22 0.551825593722667
22 0.363200030266177
22 0.536093631150206
22 1.353535486384731
22 1.021247880626818
22 0.332842291659537
22 0.533804350012730
22 0.834489711014410
22 0.923048303560193
22 0.662309952622282
22 1.081437207778994
22 1.014195201583320
22 0.853195446439416
22 0.842341172126302
22 0.492198681920923
22 1.283775873661237
22 1.085598115321993
22 0.635684594638431
22 0.664959200921926
22 1.305747409230993
22 0.972686473447950
22 9.511186781302236
22 0.654289266617485
22 0.737454206188349
22 1.082230221379216
22 0.509444794607368
22 1.940210883861551
22 0.893172156320230
22 0.710629238740606
22 1.055518694134669
22 0.392928202449768
22 0.868179375935688
22 0.945361784763469
22 2.628393692917484
22 0.958679301600863
22 0.822135167410701
22 0.838788617328865
22 0.683991893523976
22 0.568259615462490
22 3.462144788279764
22 0.967894785640402
22 0.801731623137049
22 0.607864378805097
22 0.984533229632062
22 0.401177692589559
22 0.704109961998925
22 0.646317435808642
22 0.641844896608846
22 0.691316595552724
22 3.195650617057939
22 0.595176870879961
22 0.303574945384394
22 1.051616628311766
22 0.907590594704289
22 1.425814579294641
22 0.978195308747690
22 0.787891711718015
22 1.980823190414750
22 1.331489918114404
22 0.635108653523854
22 0.608719249604619
22 0.755992812450222
22 0.782719667201797
22 0.549172468143610
22 1.304976961849828
22 0.955802939627004
22 0.485849780430841
22 0.664433918617050
22 0.530537217480782
22 0.814769448988959
22 0.939181318951861
22 1.095990323715568
22 0.799004534844564
22 0.778543465320710
22 0.515323931424938
22 0.378941158660806
22 0.975885383913979
22 0.939750953320467
22 0.716925838932142
22 1.420121871007892
22 1.286222924953078
22 1.026159185297654
22 0.697138850229387
22 0.525372052695875
22 0.977276989670325
22 0.525196661066571
22 0.938887263228126
22 0.870616329220985
22 1.098515011258609
22 1.543110323376992
22 0.794534983311224
22 1.074289279946350
22 1.124316207778101
22 2.637278918233575
22 0.758680014663370
22 1.181067173734798
22 1.095400574265395
22 1.086616822086868
22 1.822361552325482
22 9.604636269056350
22 0.533436680014294
22 0.550913248619150
22 0.558884964144758
22 0.634359732441818
22 1.736248902060202
22 1.327660687832228
22 0.701008878813874
22 0.385739706907184
22 1.029252507796008
22 0.563459676659437
22 0.451959285812859
22 0.381932109882308
22 0.355701155869235
22 3.929431448463029
22 0.647249996586328
22 0.478848805525047
22 0.612767037075605
22 9.828283097138977
22 0.564982823779192
22 0.355511724684395
22 0.847856844797799
22 1.443294462315924
22 1.152678073370233
22 0.510034017035905
22 0.305931911980366
22 0.888435807160037
22 9.845455870397515
22 0.925037141311048
22 0.886391141443721
22 1.429343683671175
22 1.185729058909680
22 0.771310580345334
22 0.991633239806930
22 0.524630409885282
22 1.227733651848017
22 0.623522632238133
22 1.245517239744974
22 0.687877088957306
22 0.664665738988186
22 1.291749046335535
22 0.368547377425470
22 1.012415898940531
22 0.297984715899962
22 0.784733037538373
22 0.559820422550566
22 1.002004674169222
22 1.207299904725059
22 0.642070270770740
22 1.052703669675346
22 1.064541691785883
22 1.858621262097584
22 0.490580012236012
22 0.430243082060360
22 0.971900112840403
22 0.884980555660487
22 0.373265661354007
22 0.324845015887157
22 0.864659970604711
22 1.688244078353248
22 1.681262801343435
22 0.992175010116815
22 0.647488863915891
22 0.581643339655407
22 1.204861522232104
22 0.949039836710655
22 1.168881767295325
22 0.912157799473200
22 0.982959271191192
22 0.714733393311188
22 1.515836645364574
22 0.599707752672622
22 0.730902193629499
22 1.132313632724721
22 0.532390036476166
22 0.550162829773390
22 0.622469675108127
22 4.408178721004495
22 1.936190398034078
22 1.443689815642792
22 0.695530088140139
22 0.544494724662099
22 0.687842347825742
22 0.377920700263624
22 0.670764666969381
22 1.180243981912709
22 1.113770334254562
22 0.655724667855677
22 0.484451896554674
22 0.632307647150290
22 1.237262752759406
22 0.679182672959215
22 0.812095090547054
22 0.486995409306772
22 1.222205838764694
22 0.639400201359674
22 2.063457258363650
22 1.395174020046893
22 1.161404304868407
22 1.662567343738544
22 1.838578311560446
22 9.882493969151323
22 2.414601923526122
22 1.086310356615605
22 9.681438586969190
22 0.484283530066936
22 1.278982722153221
22 0.501067349848366
22 0.764580865288837
22 1.604670118876411
22 1.605836176072358
22 0.428625718305130
22 0.443048052747196
22 0.681649646595476
22 8.723825410323125
22 1.057436436188709
22 0.821037833121934
22 0.804803963490316
22 0.842890032329640
22 1.488327746813283
22 1.212128740517372
22 0.716919835077909
22 0.850894592306836
22 0.356844903269839
22 2.035651216092094
22 0.906650825449309
22 1.479888518181648
22 0.642995486269094
22 0.947370675794035
22 1.434384362256215
22 1.087656178850638
22 6.377735070689707
22 0.960122580686844
22 2.122386896217597
22 1.071504688039161
22 0.914582833999986
22 0.568567958929834
22 0.823287368852393
22 0.829169819991186
22 0.653422668566279
22 0.578108192052698
22 0.911931158748497
22 0.687338280180071
22 1.107141093105120
22 1.427282705674125
22 0.983706907381524
22 0.783157199106796
22 0.629894435323140
22 0.630583887237682
22 0.728893325138774
22 1.542080880171201
22 1.144502560931492
22 1.140563130984012
22 0.847235738097293
22 0.775322414798860
22 1.537632495587740
22 3.633170768789274
22 1.213006201298125
22 1.132038921993153
22 0.716487333247527
22 1.047257008706620
22 0.443023355016811
22 1.890486755842840
22 0.441736688742940
22 0.834657511869541
22 1.027060270431559
22 0.697111532469540
22 0.523798133975116
22 9.720922150241559
22 0.827810372309068
22 1.191420874529028
22 0.361645386635091
22 0.606854490516942
22 0.464647322212829
22 0.837616047661958
22 0.748768293493433
22 0.455064629379365
22 0.907469801718150
22 0.649422166127025
22 0.577292484994826
22 1.339934142964697
22 1.082415654400319
22 0.414839512662647
22 1.111709896934037
22 0.566871631846942
22 0.695527123479954
22 1.481436572747264
22 0.359106013345214
22 0.717498852643538
22 0.838829500585047
22 0.706394909053726
22 1.911705864791543
22 0.562000973269271
22 1.063354944382927
22 0.532524811122320
22 0.936906721650069
22 0.773922715777567
22 9.906095355001248
22 0.578290178130890
22 1.629630627494730
22 1.385231243529448
22 3.117093996251461
22 0.557491762037076
22 0.851166614603135
22 1.018524517239180
22 0.495107143998554
22 0.932087597787734
22 0.786120758628106
22 1.925587994676839
22 0.901761501668732
22 1.534861153570857
22 1.472859604828118
22 1.064925136470437
22 0.491674391644671
22 6.907029350371744
22 0.631500145874829
22 0.624730803671658
22 0.338816969910315
22 0.513235726084659
22 0.475650920348698
22 1.223484450500540
22 0.485433413800632
22 0.829374031515754
22 0.799797518220777
22 0.972416636757372
22 1.582194694857136
22 9.870317044783928
22 0.575798352263264
22 0.682146468637137
22 1.705094625164329
22 2.161038417826684
22 0.890723860513255
22 0.901492798674758
22 0.817514600138250
22 0.559479461624888
22 1.858174599912854
22 0.478714788533448
22 0.691186585087202
22 0.593940688532767
22 0.982625065171841
22 0.671159567698292
22 1.286468827320488
22 0.847476885312223
22 0.696290534498996
22 1.428185866032753
22 0.806895186394807
22 0.538621075629183
22 0.618133458928467
22 0.751436822807153
22 0.594865397190775
22 1.124899605544710
22 0.654876857123554
22 2.076766022632800
22 1.061869605226543
22 0.893174681681450
22 1.475189957694225
22 1.365609117638129
22 0.640288114348212
22 0.421793734285353
22 0.584335942759255
22 1.683776587879047
22 0.940813448426111
22 0.812983855186353
22 9.847764272216413
22 0.868117900480771
22 0.687435307775484
22 0.827035363934323
22 0.836592176693132
22 9.734710279448315
22 0.743143296977735
22 0.767836839580426
22 0.922656862268753
22 0.658073193515645
22 0.650701156664844
22 0.772212431316370
22 2.404715149303295
22 0.452558999066998
22 0.917023051185549
22 1.033567790071688
22 0.814330647640698
22 0.955557841983188
22 0.729970108460381
22 0.592492085088686
22 0.573865968341094
22 0.541612159597678
22 0.971780815822742
22 9.910361767041376
22 0.595647037016540
22 2.199901786806530
22 1.411277416168207
22 0.369324271731603
22 0.908975143123092
22 0.882205018593249
22 1.072174855430711
22 0.353678385724144
22 0.537947885456671
22 0.707019166151957
22 0.838360040713276
22 0.369166381379248
22 0.519668235893870
22 1.643696406859750
22 0.751128965327429
22 7.604369971370776
22 0.581153035182578
22 1.504218185045306
22 1.994294358368464
22 1.208325735539654
22 0.952713332934791
22 0.712649227875300
22 0.814458281156843
22 1.252031612623724
22 0.636436230959248
22 1.367972417738402
22 0.710877657224255
22 0.324046797008658
22 0.950092552271069
22 1.552980144379424
22 1.497840483775055
22 0.474153316662770
22 0.412969538432608
22 0.778668482997355
22 7.616809061389787
22 0.639068379824876
22 0.558054736287907
22 1.332960336618866
22 2.947069410440785
22 1.256783314128312
22 2.398940952134616
22 0.845653998427873
22 1.073954228977275
22 0.643973562182467
22 3.506586951635231
22 0.835468020202024
22 1.131469659695630
22 0.431562491318766
22 1.530357551412916
22 1.049227023429716
22 0.468468756862118
22 0.710303525641713
22 0.391864700238632
22 0.741558888490741
22 0.871598884572776
22 1.060180839473544
22 2.477955969370104
28 2.259573735654533
28 1.424117126861849
28 3.407220441659533
28 2.908204646289115
28 1.598899227648268
28 1.947974485918099
28 2.004393803588035
28 2.086362945525187
28 9.473959778651798
28 1.730696140840073
28 3.509680412853743
28 1.449999863188320
28 4.148016687784294
28 1.739697699968847
28 1.192510592422144
28 1.598500065528780
28 1.710982898480747
28 2.114872401243983
28 2.522339997697558
28 1.604368164695535
28 4.241742344607517
28 1.492095354674440
28 5.021175575348825
28 1.630702433759439
28 1.600404232373784
28 2.505527875539022
28 2.976458539253750
28 2.049755622012716
28 5.386832845963659
28 2.953780019193308
28 6.600705134670777
28 2.118690324692842
28 8.906865887822715
28 1.151900894556152
28 9.338746215537858
28 1.757180339282215
28 2.104319545187260
28 3.251774474077659
28 2.496739717250288
28 9.744593466842169
28 1.710381195602089
28 3.116450176763084
28 2.071767707793208
28 1.550113159034608
28 2.279347465804753
28 2.181295118608443
28 2.417674636661554
28 3.289046762386617
28 1.965330429053300
28 1.556241949461135
28 3.923450584359687
28 2.471586451098321
28 2.748883215159045
28 4.713528255181989
28 9.890587762963243
28 4.222274985842681
28 1.195217568358716
28 4.009732849704583
28 1.626112266326337
28 1.221708082464545
28 1.282129837033516
28 9.886165813487992
28 4.304391943090129
28 1.547127100237388
28 4.417288960341844
28 3.308977552952675
28 3.110818721593162
28 1.191386507168819
28 2.314931735452862
28 2.929255867760740
28 3.558596928018956
28 4.591831393303902
28 1.328763604088729
28 0.904279796819009
28 1.415641175675296
28 6.237533149354427
28 2.315590796172845
28 1.563211626662915
28 6.756376775378748
28 3.340232109173314
28 2.731104454095358
28 5.869975401007125
28 2.592131678117975
28 1.577758813073881
28 1.701799269681493
28 1.715888649247584
28 3.232253136893994
28 4.350433654578421
28 1.089225265133569
28 3.198616206886089
28 6.230342229907436
28 2.792317107718943
28 7.753298599280013
28 3.684216054668398
28 3.062935255513659
28 2.368013038796234
28 1.476918098830772
28 1.884816905687474
28 1.910055122465188
28 2.056532991747431
28 9.577764296332528
28 2.419885586215340
28 2.847299954410149
28 1.530627773017865
28 3.261894012718557
28 2.114424005117348
28 3.962201251131862
28 9.838847824771225
28 3.205354440126305
28 2.696809716302149
28 1.691275119519263
28 7.404897276345646
28 2.130620270993337
28 1.804408659936051
28 9.809293966999746
28 1.303212150568919
28 1.448331592148444
28 2.994237259012031
28 2.311745574437224
28 1.885539108687349
28 1.589539848990690
28 3.750511583099259
28 2.349459900906554
28 9.588089822300679
28 9.541107858842953
28 3.766592879857019
28 1.756495737829557
28 1.825846413261277
28 7.003648995697080
28 2.060371949835565
28 1.750274591367231
28 8.215087196481907
28 3.796310581429909
28 1.739820652017779
28 2.614733433815791
28 2.965058153178105
28 2.116065417262688
28 2.382530201219899
28 1.425408787055936
28 3.214851890397029
28 3.649479459443239
28 2.261355570839966
28 4.619307080688396
28 3.544814586560751
28 1.205610706672136
28 3.075413310912523
28 1.314378402416780
28 1.883316366295718
28 1.105708776372436
28 3.424256374927441
28 2.050671899957905
28 2.755203261813977
28 1.861669600048993
28 1.984389827203414
28 2.869978318023395
28 2.088074235708388
28 3.290578495352775
28 1.872826140004913
28 4.984706499479024
28 3.110861815764240
28 2.990638008170491
28 1.193934700875219
28 4.173283234054445
28 1.517933698203409
28 2.415807027205116
28 1.901329891493573
28 1.635125844294902
28 2.642595951921637
28 1.891339677732279
28 1.857968383336475
28 1.536543832149548
28 1.594618346277293
28 5.262037056708198
28 3.054379416912588
28 5.221800035436825
28 2.044278635735845
28 2.254212826919397
28 9.856611047763991
28 1.800573658267749
28 1.626497376419791
28 1.913326370850361
28 3.806045676512076
28 1.641443665771156
28 1.528512410184400
28 2.823218787581420
28 2.844917392523477
28 1.523056468796776
28 2.218336901160309
28 1.916866344191671
28 9.940508480838769
28 1.494957779627946
28 6.423159533350457
28 9.489257851132660
28 3.505650457454553
28 1.422615799127702
28 1.451728594590353
28 2.120562922889544
28 3.408415629355855
28 1.751585661709993
28 2.446942614837571
28 3.541702864252753
28 2.688841942692605
28 1.299604447787675
28 1.961275131134046
28 2.443511606322614
28 4.436383792456311
28 1.392229959424311
28 1.287729931580096
28 2.501603773234406
28 3.310513244584758
28 2.224742438233973
28 2.066500260960635
28 2.472169388865691
28 1.210295738974890
28 2.641838802799582
28 1.844233169649497
28 1.556323337342194
28 1.960094698509576
28 2.454214204542660
28 2.518583183863092
28 3.153192635170109
28 1.739292852006961
28 2.984665827455188
28 3.868585603046570
28 2.339309342284126
28 3.678028041311532
28 3.675877178777889
28 2.016493987183594
28 9.854128364304389
28 3.408116480373954
28 1.773100911882587
28 0.997684667556391
28 4.084360030001804
28 8.243351842046117
28 9.888374922684710
28 2.503781201350370
28 7.426610179072689
28 1.920091040448967
28 4.064743761889059
28 2.244396281562359
28 9.601731305266416
28 1.736007715427557
28 6.980960331664656
28 2.179302738164163
28 1.583223394956993
28 2.633851332338977
28 3.615114474450404
28 2.171509987680906
28 4.280969145185583
28 2.882150862167708
28 2.134828565206409
28 2.547500258331596
28 4.457134745650618
28 3.391551421289086
28 3.624927157723504
28 1.324218221794698
28 2.138686713199085
28 2.625973381880145
28 3.427092264879702
28 4.898958458667019
28 2.854920558222708
28 1.492040874369141
28 4.332141131035915
28 9.831689013442046
28 2.401658626440576
28 2.295629368051333
28 3.715811193323985
28 2.488975976908369
28 3.516687383873972
28 1.960296306845947
28 2.918017743450181
28 1.426750907128973
28 9.695440477371779
28 1.874444375597758
28 9.650343896369511
28 3.282588604563784
28 2.118399354696385
28 4.799263241343846
28 4.201796731285329
28 1.581939522498651
28 2.928747225794022
28 2.992535348161295
28 1.918228631263025
28 3.550897200614525
28 5.302513082819992
28 1.839739465438162
28 0.916311914927561
28 5.660484689763982
28 9.591398464537237
28 2.571648276670619
28 2.450770278464683
28 3.623642193115710
28 2.851867044000189
28 1.317641340829812
28 3.685810301257390
28 0.800553750907313
28 1.784346089685574
28 2.093620189660850
28 2.495352928551244
28 2.456098187423494
28 3.506720175539324
28 2.033233437650808
28 9.752289074799634
28 2.028633814774332
28 2.195663242911308
28 1.916133847481817
28 1.568344151182399
28 1.368583590480395
28 9.679915804995321
28 5.432685285485325
28 2.714004489352070
28 1.477598387657227
28 6.404061836531676
28 9.854322459143205
28 2.728009633367484
28 2.655892646076521
28 2.742008730236956
28 2.862037090561165
28 2.052938606966643
28 2.603098532660282
28 2.300403777857106
28 1.783677039656168
28 2.711218276195626
28 3.915619757796893
28 1.808608457493076
28 2.911624037872547
28 2.334881095301607
28 2.706432458318358
28 3.389239387293650
28 2.485734104930127
28 3.096242363940307
28 3.713065931658553
28 2.705342906654830
28 1.729316065227370
28 2.691613239301645
28 9.665468175270671
28 2.235664701447681
28 2.679963816380735
28 1.780473677124659
28 1.763262687465038
28 2.437981899317461
28 3.773388333911416
28 2.232966719778934
28 3.194816589468960
28 1.442506985851656
28 4.732606826076096
28 2.118830877028910
28 3.975883023904341
28 5.074455890443405
28 1.865016167151686
28 3.260099099787737
28 5.272171013834690
28 3.735318134467744
28 2.287554195530701
28 1.155884449730103
28 9.843635899148355
28 2.233190982135425
28 1.479274431170562
28 6.586878100778628
28 1.656138034947913
28 2.133828486407006
28 9.866474767680282
28 6.354071577223193
28 2.993176971634705
28 9.851530175842338
28 3.044404180280961
28 2.813579186148466
28 2.061123109837633
28 8.781472679489680
28 9.628556492517923
28 2.708487853120000
28 1.289315745407514
28 3.229452931039009
28 2.126748433794441
28 1.703677862491038
28 6.052185571658732
28 3.083038865971926
28 1.750063879438064
28 1.101844546403800
28 1.352462480717323
28 9.572812197702181
28 2.236297818910812
28 3.113981746756117
28 9.574698484963072
28 1.554561740001664
28 1.731399834272482
28 2.730341234577645
28 3.195042323416857
28 2.163752079015453
28 1.461403451596349
28 1.864619409892946
28 1.956710467019665
28 3.417877469042131
28 3.629918160400500
28 1.198272587130318
28 3.166199842949628
28 3.097032196149741
28 4.320038469327683
28 1.338717720877899
28 2.499305810932155
28 1.703986680670905
28 3.247609547451145
28 2.201193754591059
28 4.254678792610733
28 4.002239357771161
28 1.366808017693374
28 1.938612781078994
28 7.778959597739087
28 1.736174273099024
28 3.017125792973545
28 2.771833970419697
28 9.542517205076102
28 1.678761252398413
28 1.848249409912508
28 2.259865957968615
28 8.167034443159274
28 2.443781843586184
28 3.215614863605331
28 2.891435388446264
28 2.539295137091237
28 3.036793144617850
28 5.165146711705408
28 1.437250230078827
28 2.300052335962718
28 3.411968702883188
28 9.455727767126692
28 2.336155062106487
28 9.833465975859575
28 2.951651784688674
28 3.165080286045710
28 8.451259780886971
28 2.189431470204868
28 1.911795471993943
28 4.387196845124535
28 2.332624172117017
28 3.742563232621795
28 3.951592495427562
28 5.264789396541724
28 2.278819913250674
28 5.142767659797395
28 3.458699212404039
28 3.617385069714243
28 1.719904452717087
28 2.973848879911020
28 5.858179678559311
28 1.080348472490443
28 9.786454715908823
28 3.200995310139613
28 8.855480811263147
28 3.063974498359371
28 3.819486449369319
28 2.535177926192923
28 4.074573866952549
28 3.950493124971836
28 2.456770402732593
28 2.114222261770347
28 3.431067288825325
28 2.134643269703666
28 1.819528252611371
28 3.997426172113312
28 2.791325675531490
28 1.246971712255205
28 5.407158856242968
28 1.778122616519989
28 3.856084840100123
28 1.651998249628762
28 1.319711126208251
28 3.050481715922798
28 6.007713417352091
28 1.890608062060545
28 4.742581326850166
28 9.784783005543183
28 7.543490347683097
28 1.064760591635585
28 3.700373045089519
28 1.957623006197212
28 1.464026281957395
28 3.192137039278453
28 4.332925757198875
28 2.901622736369343
28 2.702501074596037
28 9.527232794817033
28 2.312254693041304
28 2.798810880344225
28 2.307501642670279
28 1.943672336402325
28 5.335738025594847
28 1.082823038295833
28 1.934732575262670
28 2.004338669442232
28 1.597183294846075
28 2.586649081078304
28 3.357948651239829
28 1.724783579165457
28 1.810556366128645
28 1.616855079343939
28 2.687354116434127
28 4.866161470785361
28 1.535991857981378
28 1.446885677832648
34 9.561908100965871
34 6.851333003687222
34 9.668312582181708
34 8.248232915369599
34 5.673403229738772
34 7.610180724831273
34 9.032311857824473
34 8.959416474696214
34 9.171854424659553
34 7.497336066017894
34 8.018212992643218
34 8.737624395020562
34 9.621010367062118
34 4.541269107199469
34 9.301031136273108
34 7.630392560938037
34 7.812194936713858
34 9.573356454384911
34 9.672347386835535
34 9.545974327253246
34 8.615288514680010
34 6.403269195935724
34 7.701020404261921
34 9.532980927693743
34 9.239857661630428
34 6.826949890288920
34 8.230502724423557
34 8.708600619120022
34 9.604122353161756
34 5.365610982367019
34 8.391447427686453
34 9.434521872721078
34 9.486742296387842
34 5.807009536783723
34 5.124996300348344
34 9.549134260122418
34 4.872568701892249
34 8.923201077111761
34 8.700998869528366
34 9.391219502025951
34 9.620183789406642
34 6.901604150504577
34 6.334143776437722
34 9.468897259416698
34 7.125375462710147
34 9.755665838644132
34 9.256846582878397
34 9.177355571666176
34 9.653252542159748
34 9.635512720014443
34 7.431583581800400
34 6.233369411329786
34 4.076548348045453
34 9.582286039566974
34 9.019236205064418
34 6.911097585750110
34 9.459205302163397
34 9.293805590800291
34 5.798810669744848
34 5.962364922164069
34 9.663822851714036
34 9.690140482309179
34 9.985908003167985
34 9.730288724280854
34 8.542653721337526
34 8.737224554435192
34 9.762189233392075
34 5.278697895733163
34 5.964002448363613
34 8.612593283317837
34 8.041367655859963
34 6.698305356527175
34 9.826387416341504
34 7.415835118019711
34 4.728236568494037
34 4.849763780360399
34 7.424168276232696
34 9.674906476743111
34 7.580397767142520
34 8.061642223389223
34 8.986282598782804
34 9.390328118961721
34 8.933648798809552
34 5.718014491387603
34 9.106154451436714
34 8.791687803299117
34 7.368620746088660
34 4.986664037265251
34 8.361209223408071
34 8.708093350358897
34 8.234493847998905
34 9.732985443886159
34 8.873573640544468
34 7.106869750655921
34 7.204835334385810
34 6.327383401080811
34 5.678884923037340
34 6.002852627454584
34 4.894005327193531
34 6.185928303053285
34 9.374263977697392
34 6.655564643308042
34 8.253358662606825
34 5.342401757572122
34 7.483179811138381
34 8.831834182669189
34 8.227087867050219
34 8.846093383624757
34 7.706737500664467
34 9.170023368599729
34 8.306904048132086
34 9.019846323154681
34 9.306584088324126
34 9.299568668790332
34 9.524569267883248
34 8.664840458140866
34 4.409750351085014
34 4.772592885528463
34 7.713653211631646
34 7.775401766578514
34 9.691021834553801
34 5.969886867638847
34 9.229179216158352
34 8.691809030112303
34 9.416083011044030
34 6.742273132107637
34 9.135838951605546
34 9.101830587153673
34 5.855364966709778
34 7.337681947880722
34 9.184427380454338
34 9.426622375316406
34 8.936014303598729
34 8.015295536511051
34 9.144236928663990
34 8.583005385000483
34 9.823293587050026
34 9.424472919256040
34 4.623510829411151
34 9.560416584487079
34 6.565047417065298
34 7.015667350714071
34 6.234983657325061
34 4.903810407221759
34 6.874085522608619
34 9.115650610183781
34 8.633063728888748
34 5.088607079459344
34 6.061019472195513
34 9.691319341118284
34 9.267726837765261
34 9.551454449096369
34 6.211857042709222
34 9.707555196897907
34 4.836804218575427
34 9.703522730835086
34 9.050634781637955
34 5.331979556659321
34 7.137689217657361
34 9.494017815897150
34 5.462846860536436
34 8.074156485165370
34 8.308302402155416
34 8.375157954256768
34 5.584036213399973
34 5.251628735976086
34 9.299002558308493
34 9.365879043699977
34 9.662052003842589
34 5.503918060122816
34 9.632445740963625
34 5.228401481670106
34 7.637417509952185
34 8.983863934726365
34 9.359547651625194
34 8.570024570135256
34 9.433468700978722
34 7.852968658302409
34 4.566807380317581
34 9.266970103612815
34 6.667010907936352
34 7.418644486547736
34 8.920918031312175
34 8.961475443304323
34 8.260558793015475
34 8.492783694585675
34 9.574949233806153
34 8.278278635399893
34 8.732230437024478
34 9.039400084347740
34 9.818411955498028
34 9.617082058531324
34 9.539691484701319
34 9.827014571023291
34 9.332576924685730
34 5.941810154163209
34 9.614664887411632
34 8.467368576779018
34 8.957219912345575
34 6.803295919794518
34 8.275194839334322
34 7.570200206165882
34 7.787038076223380
34 7.497083109399803
34 9.291097791693833
34 8.504383802201913
34 7.755207424042192
34 9.352905492338785
34 8.589949135551938
34 9.667932636243297
34 5.210155028024015
34 7.698864364735257
34 9.563863303979854
34 7.750617846229675
34 8.045437821348495
34 8.035882911764610
34 9.692615203119182
34 6.476024396426302
34 9.588196209265764
34 8.855098671310728
34 8.908154589956791
34 9.528734252026155
34 9.036264509191017
34 9.528818920911672
34 8.790878189754196
34 6.920623087301376
34 5.420234632692018
34 6.572683680286958
34 8.146288453515403
34 7.505283390437829
34 9.596062137980770
34 4.780221952834374
34 7.815094038727254
34 5.961271746860697
34 9.543693156309054
34 9.398865010949114
34 7.009188355432202
34 9.676814929915064
34 7.959532606840861
34 7.398863845828270
34 5.930518580453604
34 9.542459337956732
34 7.972255436533340
34 9.473750069020401
34 8.563753450690985
34 5.173483095933173
34 9.520320027661757
34 8.846289826978014
34 9.667553567928429
34 9.613154830649083
34 9.348334179860689
34 8.642828854360069
34 8.708728417713317
34 9.427762845070387
34 8.282823157393640
34 9.225124012729143
34 6.450683084603134
34 8.117806765543044
34 7.074422745484789
34 7.700182674195398
34 5.637872651743592
34 4.723501189790181
34 9.169116110136084
34 9.506338731458115
34 6.287145603235565
34 9.715851439315326
34 8.855401730166296
34 9.093282651027970
34 9.038839999736851
34 9.425657089135996
34 9.606312316806386
34 6.926682135270517
34 9.500545193674583
34 8.106996265295791
34 9.546408535430327
34 7.624839277094946
34 6.315585879574669
34 8.006413514172536
34 7.599859596328250
34 6.975728432456158
34 6.827553944287822
34 5.797114723562355
34 8.598581617686682
34 5.154574247291957
34 7.569185605924522
34 9.390885782391639
34 9.482932348413112
34 9.671227846492695
34 8.203156516288738
34 7.271970483666921
34 5.175129209976011
34 4.894053969318437
34 5.942462359568086
34 7.330136060755594
34 6.184593110553143
34 5.160026718180514
34 9.380813162988336
34 7.436390633589928
34 9.542262925854439
34 8.610877131599938
34 5.961935216439336
34 9.219608293389907
34 8.670985882073817
34 8.760472323106166
34 8.236028547262872
34 8.284827220272724
34 9.687616061183711
34 8.123846990910316
34 9.463571430707900
34 9.141291119328883
34 6.277102008353337
34 8.905238073464595
34 7.751414443650804
34 8.416514759124514
34 9.531712590074250
34 8.865353108357940
34 8.677221908807333
34 7.255103728033349
34 8.626312056944045
34 9.571450839477567
34 9.646350486447556
34 8.213687388600507
34 8.280149296144810
34 8.043158954133990
34 4.682700933498417
34 4.478145334985971
34 5.365153985680752
34 8.103867872459841
34 9.659335867613816
34 5.959690563824091
34 7.238556889457812
34 7.113281212930424
34 9.433938620877100
34 9.709026185954265
34 7.948823577918734
34 5.600401134540723
34 6.611274722546636
34 6.755183026539601
34 9.607151805092135
34 6.179418948696897
34 8.380855504559019
34 9.416658746224549
34 9.594495984761412
34 8.454580419376027
34 8.620793553702795
34 7.539152872733169
34 6.291024232097599
34 8.594140873584836
34 9.818398855309294
34 8.081746282361278
34 7.426653639263339
34 6.264597043281620
34 5.370332003132886
34 8.833043323203320
34 9.051495084739223
34 9.523861595901684
34 7.122621282997941
34 5.805632182177886
34 4.848806483905846
34 9.242517942954015
34 7.578535003155840
34 6.232987441708617
34 9.575914286781126
34 5.916530411377281
34 9.501541944036340
34 7.736039916221230
34 9.030695099999502
34 9.565024374274385
34 8.462314009548789
34 5.285379006217346
34 9.070962024639327
34 7.546500142361042
34 8.684879159224909
34 3.968166620781405
34 9.050880642769361
34 8.197573701399948
34 7.597624325003533
34 7.790752679299445
34 9.071480212226533
34 9.464509851036457
34 5.929433171282640
34 8.975428581224346
34 9.529868480639669
34 9.359238848690310
34 7.451788881859383
34 9.363176711811501
34 9.184519775601075
34 8.616235159186719
34 9.505440987621181
34 8.256507247301284
34 7.147387957984747
34 6.557260555504909
34 7.141481332310033
34 9.239032658252544
34 9.505411466595577
34 7.311961419580470
34 8.722965066865724
34 9.490718948649096
34 8.766969787753867
34 9.487523773353390
34 7.479995532695199
34 9.107701238700429
34 9.726512502054906
34 9.040028998858334
34 6.867082447826916
34 8.979351954105155
34 5.761061285501674
34 5.301791416198118
34 5.278551262962718
34 7.142663471620746
34 9.592522884183246
34 9.219691576001566
34 9.299567245836183
34 6.899793969238502
34 8.499121483223879
34 9.678083655681043
34 5.586954646424232
34 6.543205873227509
34 7.067714429220741
34 9.252376122765448
34 7.422715372641549
34 7.275920747578351
34 9.723241738839816
34 8.871364839243242
34 8.699024409900453
34 5.889611642023471
34 9.498676975131591
34 9.663029237248885
34 6.964674335502513
34 9.235122948726046
34 7.207467916112023
34 9.498177915889766
34 7.146390401742474
34 6.382826147080250
34 6.299067395220984
34 7.048908618627309
34 9.792607110062498
34 8.650558576213184
34 6.519699223285118
34 9.630584549674630
34 9.436116678479916
34 4.856936842374033
34 8.991558776092770
34 9.158773903228305
34 8.772865417214554
34 5.053211086463552
34 7.170447689924374
34 6.052059456893895
34 8.533144224152496
34 9.520520909731772
34 6.403899729453258
34 9.679609023579896
34 8.615660093653128
34 9.310678531788525
34 6.989623453991716
34 7.765526514612219
34 9.488548624367741
34 8.328884682672502
34 7.603914824214789
34 5.287528543146367
34 6.414351938683549
34 9.612077186568843
34 6.247987711110730
34 9.016827285230701
34 5.039431329809848
34 8.258830832191791
34 6.916979674019465
34 9.031786496841514
34 9.747292051112149
34 8.802185705063415
34 8.839366531961311
34 9.686730572408976
34 7.157604106312263
34 5.630163328230392
34 9.687370909991184
34 6.439084136679068
34 9.781611770906901
34 9.635252642561358
34 8.037799811572533
34 5.956273669562330
34 6.006770380714890
34 9.346671786403785
34 9.727939006180076
34 9.592541908472406
34 7.722769650990594
34 9.408415617083472
34 9.605442304928079
34 8.003530222537822
34 8.120469085443037
34 8.591483294206054
34 8.534690136946207
34 5.505593860756759
34 5.047133234456911
34 9.169044871765784
34 8.243332728038983
34 9.173510713644896
34 9.612896750650265
34 9.619563435804299
34 7.511512219097440
34 9.366793466813540
