10 0.047985039128293
10 0.040454391661020
10 0.040189592848264
10 0.033366279110831
10 0.418942612198710
10 0.016672603717151
10 0.023016141625938
10 0.024930582934758
10 0.041463321782980
10 0.026131598935699
10 0.029594566157736
10 0.045301590949246
10 0.088640968479115
10 0.131895126626079
10 10.000000000000000
10 0.048720020133096
10 0.060640152646504
10 0.052102132163914
10 0.107737260954347
10 0.241829594627903
10 0.027684643614891
10 0.037210775803926
10 0.054138669017074
10 0.051697097148134
10 0.024976712486004
10 0.040459707733421
10 0.024175798592482
10 0.048074641357229
10 0.028529258627456
10 10.000000000000000
10 0.027036319608497
10 0.039420935776404
10 0.045633120323785
10 0.045988318894365
10 0.078832146145155
10 0.108098648535693
10 10.000000000000000
10 0.134449916482057
10 0.016984872247317
10 10.000000000000000
10 0.056422697490123
10 0.185356409379724
10 0.016113575618191
10 0.034837419746272
10 0.021048576971184
10 0.094525339804318
10 0.050184548026645
10 0.642067342832433
10 0.458203209281953
10 0.231256884551615
10 0.064971127391877
10 0.127660333946889
10 0.002602942589246
10 0.051816816293767
10 0.026218441131331
10 0.054032152876224
10 0.027504744798977
10 0.034643666437294
10 0.098521929345214
10 0.091017546049760
10 1.261837126473080
10 0.140571377123434
10 0.051540376241364
10 0.099050509613192
10 0.036117444845680
10 0.042941554410228
10 0.065650365499530
10 0.034265835790709
10 0.024521313936444
10 0.256082361746178
10 0.892345806485682
10 0.035759006011349
10 0.063550149629165
10 0.036914110152601
10 0.051832226647821
10 0.047521047251086
10 0.054374027341443
10 0.188307709515530
10 0.030378567696999
10 0.025393825704369
10 0.100460264527720
10 0.033133872124808
10 0.029948035697334
10 0.044127854768559
10 0.074343435885584
10 0.042707279488200
10 0.132260611392177
10 0.048156578075401
10 0.047932410720128
10 0.033697561943736
10 0.023707602779358
10 0.038563054523213
10 0.077598868972294
10 0.041262313207040
10 0.040615225355170
10 0.032544690963298
10 0.045483215770338
10 0.097084154340596
10 0.116526139629135
10 0.372186034740426
10 0.035656123718136
10 0.198373099530719
10 0.059681593976935
10 0.049931340202475
10 0.062960040555716
10 0.065795777980298
10 0.019520872051038
10 0.036007122764181
10 0.041568237151044
10 0.040314434975397
10 0.032215964360051
10 0.072823940092793
10 0.025989951215942
10 0.022591532890471
10 0.181516586851957
10 0.043738907875031
10 0.045714563387360
10 0.046725674847565
10 0.054219987649192
10 0.056139004931684
10 0.063838168682916
10 0.061837595147849
10 0.043039999626449
10 0.057167434224431
10 0.036623186643121
10 0.021258306597026
10 0.072855721620070
10 0.037525577385249
10 0.062664043852973
10 0.028578054750893
10 1.735230833927091
10 0.070454198611379
10 0.041281050301142
10 0.041178646016036
10 0.030468110996185
10 0.071973084653727
10 0.034067117170631
10 0.032813566357440
10 0.048070932581580
10 0.024818226176504
10 0.062275498986096
10 0.053611801882153
10 0.549362942678522
10 0.077809178035215
10 0.035117053356108
10 0.084322386308292
10 0.048817919525182
10 0.048810251677854
10 0.043515538017296
10 0.050890965912274
10 0.046201465626656
10 0.036024441093684
10 1.161018623047575
10 0.027001687502406
10 0.321669992760587
10 0.038370511634947
10 0.033120402631354
10 0.025758002034345
10 0.112554795501381
10 0.047462364910084
10 0.037179034096622
10 0.043599234559066
10 0.021391877464811
10 0.058238881947244
10 0.033276858487573
10 0.083297847918539
10 0.061135103815498
10 0.032388460904523
10 0.100143655837036
10 0.141977258075518
10 0.050464135778213
10 0.035887283214750
10 0.024459591272832
10 0.044295026623662
10 0.086154703973993
10 0.030160443835788
10 0.032503508844817
10 0.025698502079168
10 0.036257164605296
10 0.085463587094267
10 0.037672223727093
10 0.059103193617195
10 0.020091449214939
10 0.054331843028545
10 0.035835634315236
10 0.068717479643126
10 0.379566964081709
10 0.027464706040109
10 0.048009960484494
10 1.566009602777756
10 0.033792301087106
10 0.035430025651901
10 0.038448592173792
10 0.044402697021060
10 0.186712593297599
10 0.548661693200068
10 0.051270280355099
10 0.072403177037238
10 1.033842685224189
10 0.056750939753583
10 0.076022284686280
10 0.040735422150683
10 0.044352155079298
10 0.042270853548220
10 0.053476936516335
10 0.077752650823050
10 0.036773582429261
10 0.044139913500111
10 0.030737948661401
10 0.043609453205255
10 0.045620073939205
10 0.028198909164099
10 0.052272294717866
10 0.078720645622577
10 0.037917323065626
10 0.032304847614785
10 0.265223130728104
10 0.045671832653149
10 0.026071528730914
10 0.034080932128226
10 0.113544179375917
10 0.033614930347125
10 0.077396662118341
10 0.052817694479197
10 0.330087822179856
10 0.031296933492922
10 0.037669804655431
10 0.032324292624669
10 0.025848490369354
10 0.032898754677129
10 0.043885698815791
10 0.060207612671284
10 0.036710122486897
10 0.031028073955061
10 0.045658931011485
10 0.026834478522733
10 0.036787191206547
10 0.070494764396234
10 0.064636739853518
10 0.027501832462323
10 0.029970970613480
10 0.049219277135474
10 0.056213011402331
10 0.061590812954426
10 0.062792722303295
10 0.040070676566649
10 0.029331442126177
10 0.316719592652856
10 0.071627231147682
10 0.049310892498390
10 0.047531972372019
10 0.065407266959087
10 0.074617035861141
10 0.040153617391584
10 0.025988024667248
10 10.000000000000000
10 0.029302585557622
10 0.033884064625430
10 0.028849824053810
10 0.120352375420161
10 0.047648499623381
10 0.049069124469845
10 0.014464725864409
10 0.055052941327040
10 0.054191026669730
10 0.042427681800611
10 0.034215399803401
10 0.057592487568278
10 0.048220495223463
10 0.075935259961673
10 0.025013351937043
10 0.021882425736367
10 0.046974460159717
10 0.059388871154017
10 0.038888614903676
10 0.026148149995904
10 0.061882634742225
10 0.291511760421222
10 0.018175211191403
10 0.053095332358799
10 0.029017189692932
10 0.030254699245036
10 0.049707946115287
10 0.051749605766057
10 0.044561452567113
10 0.092913807351166
10 0.014385342150733
10 0.028892805937466
10 0.043603379567912
10 0.033599803591900
10 0.043367318741726
10 0.087231546955895
10 0.030504155367769
10 1000000000000000019884624838656.000000000000000
10 0.053726978530729
10 0.491330685905537
10 0.033132098019779
10 0.418472073159714
10 0.075573837947637
10 0.035952736469571
10 0.048888581242831
10 0.086177347198598
10 1000000000000000019884624838656.000000000000000
10 10.000000000000000
10 0.042374410356616
10 0.080922295140714
10 0.054742543847988
10 0.062553414271876
10 0.050094378392197
10 0.046199094679137
10 0.345964521070380
10 0.259749579485533
10 0.034242077439789
10 1000000000000000019884624838656.000000000000000
10 0.064691894978179
10 0.336561885882666
10 0.079753218156766
10 0.045673204237033
10 0.025466960055683
10 0.027948690206378
10 0.046947183533650
10 0.291263399628267
10 0.094258707297125
10 0.101596396522646
10 0.053334778961300
10 0.042020685532750
10 0.031490231113047
10 10.000000000000000
10 0.031400095098311
10 0.023144203332702
10 0.032409411339070
10 0.071212697025235
10 0.040593053564672
10 0.033451339946340
10 0.051942926901622
10 0.044376542455566
10 0.028719819066136
10 0.097897862800486
10 0.043054512009808
10 0.043632102864848
10 0.029026128351948
10 0.026578006517201
10 0.027748860428510
10 0.034382415399744
10 0.558484037886601
10 0.106923361183770
10 0.040909412499643
10 0.172124672052994
10 0.024332764342083
10 0.035564695061350
10 0.061004318252885
10 0.057787985399184
10 1000000000000000019884624838656.000000000000000
10 0.014857101412247
10 0.043676633035011
10 0.519932194254094
10 0.037534270711782
10 0.041820634991421
10 0.081041865527428
10 0.045731679531717
10 0.052896993656343
10 0.064685493339041
10 0.063739279844089
10 0.045582694942247
10 0.072780732606058
10 0.032942892089702
10 0.047976616216292
10 1000000000000000019884624838656.000000000000000
10 0.049071184421503
10 0.029186467884952
10 0.073232392245888
10 0.052338010171098
10 0.055032383477901
10 0.032582675592763
10 0.119070089957249
10 0.032421661537202
10 0.028863399235841
10 0.033924898394459
10 0.055425455216712
10 0.024601430851824
10 0.079984590514768
10 0.040959363777961
10 0.381401242923079
10 0.052614113754190
10 0.030264909060147
10 0.053928499547034
10 0.016498116030806
10 0.041127784933072
10 0.026771669603737
10 0.037563107648002
10 0.053367831632348
10 0.046652825012308
10 0.059700115173274
10 0.028413911965028
10 0.564888153345503
10 0.071408451485085
10 0.039513756877537
10 0.031707546940226
10 0.032137919401188
10 0.048733394835272
10 0.054634209782222
10 0.054079507797115
10 0.054438452925310
10 0.045372499471725
10 0.146431474771569
10 0.024629966511763
10 0.031386325172667
10 0.034668285694008
10 0.018492409426711
10 10.000000000000000
10 0.041784965984263
10 0.058743738698977
10 0.113399644274571
10 0.038203024668569
10 0.055277698898106
10 0.087482198698527
10 0.671931163784375
10 0.091044342601285
10 0.090467969230006
10 0.082540369923176
10 0.083862717322637
10 0.063361715241850
10 0.085013281026954
10 0.050960888249842
10 0.050124152915854
10 0.038477053389336
16 0.287246180776436
16 0.154292299938952
16 4.264604711615359
16 0.147565707429238
16 0.129449456625381
16 0.215312035746800
16 0.179359894049684
16 0.137739074859324
16 0.287316837561551
16 0.115320317783723
16 0.349366169838357
16 2.459115264638180
16 0.506698409168108
16 0.171194862911729
16 0.664717681025158
16 0.131747955640656
16 0.188494416439773
16 0.373841473953572
16 0.454243538211355
16 0.231175548665786
16 0.143954385177069
16 0.124644634585372
16 0.284242236346985
16 0.159893078868565
16 1.908770396070762
16 0.223175567005025
16 0.169295517566708
16 0.130662722499123
16 0.256314232047149
16 0.206073155308593
16 0.098207100129453
16 0.094549532806548
16 0.291594808385188
16 0.134783141477737
16 0.132271144736424
16 0.476989474592076
16 3.751793828677747
16 0.307461418271584
16 0.211011336921892
16 0.177973728391406
16 0.212786935839172
16 0.547281964885524
16 0.192870673550817
16 0.854655949881156
16 0.342806885413983
16 0.230247660478959
16 0.190128235522094
16 0.541351845883644
16 7.254964965170864
16 0.609680428655364
16 0.264608858089145
16 0.406493830780815
16 2.677696680271294
16 0.420372704807442
16 0.170237308651226
16 0.190033704374873
16 0.300583767072041
16 0.360968623935273
16 0.338647941341935
16 0.206765502007283
16 0.380934207114553
16 0.287509245263360
16 0.136314774972823
16 0.228193585576560
16 0.173634583097953
16 0.208396265127905
16 0.440877187173790
16 0.145070824010180
16 0.385926682253394
16 0.446184672521293
16 0.196343634814968
16 0.179911285223602
16 0.152604929792862
16 1.524409670631401
16 0.108501238833019
16 0.288288045316131
16 0.116516672905011
16 0.274224451742508
16 0.276935763660471
16 0.259902568236719
16 0.091997501461806
16 0.612101341020169
16 0.088427206691757
16 0.182522871499172
16 0.281577300514581
16 0.834254555379241
16 0.276591924111592
16 0.276600992505266
16 0.188070120566945
16 0.277210191083663
16 0.174748029337595
16 0.171130933171824
16 0.972427792835915
16 0.148152512659817
16 0.247534134446386
16 0.221848640151534
16 0.443443196256216
16 0.149269632276659
16 0.119066533511392
16 0.735278702887590
16 0.214511251343712
16 0.214468176181253
16 0.181489194639803
16 0.421680213828814
16 0.155523367308997
16 0.271964374594122
16 0.516014001242807
16 0.327766178038240
16 0.150496811967429
16 0.221987767968462
16 0.161335241123413
16 0.195790730386442
16 0.371769827809122
16 0.246261144165722
16 0.071836969806355
16 0.261784150589512
16 0.139086795883498
16 0.366962657294974
16 0.360624863528377
16 0.150760780942675
16 0.385566193975269
16 0.279918779046143
16 0.183390301452862
16 0.226506889934521
16 0.460082601966954
16 0.149848207125302
16 0.140154914268182
16 0.117851403816769
16 0.160125040186783
16 0.331471927414601
16 0.555598446957182
16 0.189633491898588
16 0.163430087494571
16 0.473860357120054
16 0.176453235300349
16 0.249517475941056
16 0.275106326567078
16 0.215221013822720
16 3.704258701089252
16 0.231862397150976
16 0.115756236059315
16 0.211058368027925
16 0.168814484835750
16 0.594278461177798
16 0.194442555563036
16 0.614669254663450
16 0.402728077757549
16 0.206076572637164
16 0.136749912625874
16 0.172947502369476
16 0.188405219498065
16 0.179574260995674
16 0.178627983648546
16 0.141013966915445
16 0.170339147364405
16 0.287542962453112
16 0.201132589422468
16 0.294289477775073
16 0.163266520705029
16 0.583912376344823
16 0.330822231340270
16 0.147918719880559
16 0.186312401327775
16 0.208109039366550
16 1.869916964039828
16 0.172043192420476
16 0.338161109632098
16 0.166243944843298
16 1.864371316200693
16 0.507915160316704
16 0.184348849738682
16 0.542552080182003
16 0.203099252584924
16 0.114297726008544
16 0.612346417165935
16 0.365888009939702
16 0.264050460571124
16 0.334792916540250
16 5.425975294483525
16 0.687294838713463
16 0.169501929236944
16 0.171911120441407
16 0.249225975506254
16 0.197093715848816
16 1.693837912378581
16 1.211175427650264
16 0.262487951502322
16 0.166018557762716
16 0.373060824551823
16 0.589867091516366
16 0.478171673522435
16 0.137457432890275
16 0.125924813780298
16 0.128212105905352
16 0.144172781855533
16 0.134826162160055
16 0.097996337092773
16 0.225578988543827
16 0.356590135421746
16 0.313290426270177
16 0.303976474625732
16 0.245210934811571
16 0.954991098027777
16 0.159910436351299
16 0.357427411791216
16 0.358944771717495
16 0.259536014103598
16 1.519270578577507
16 0.261763967035514
16 0.655334684557808
16 0.160675547566627
16 3.899273918778754
16 0.182771227248202
16 0.288568091939841
16 0.126026269308191
16 0.356870852319611
16 6.551943723048280
16 0.101862166832887
16 0.214095006961675
16 0.210213008631040
16 0.238219184739174
16 0.289468423754289
16 0.183670797626765
16 0.971844868813609
16 0.343970696660817
16 0.420507236120313
16 0.090079320000617
16 0.184732086692033
16 0.219660983527838
16 0.396401959094212
16 0.261230294412520
16 9.951361147915076
16 0.181838690912154
16 0.279134682821142
16 0.146853554171743
16 0.388718842929837
16 0.191415621793543
16 0.139494915383520
16 0.393714736698916
16 0.254197425043949
16 0.220236665128426
16 0.344758220109875
16 0.293457994982667
16 0.259241465854631
16 0.191930394287602
16 0.119735889441100
16 0.298904689512057
16 0.738826068839729
16 0.159760477592972
16 0.521022080583801
16 0.303976474625732
16 0.245210934811571
16 0.954991098027777
16 0.159910436351299
16 0.357427411791216
16 0.358944771717495
16 0.259536014103598
16 1.519270578577507
16 0.261763967035514
16 0.655334684557808
16 0.160675547566627
16 3.899273918778754
16 0.182771227248202
16 0.288568091939841
16 0.126026269308191
16 0.356870852319611
16 6.551943723048280
16 0.101862166832887
16 0.214095006961675
16 0.210213008631040
16 0.238219184739174
16 0.289468423754289
16 0.183670797626765
16 0.971844868813609
16 0.343970696660817
16 0.420507236120313
16 0.090079320000617
16 0.184732086692033
16 0.219660983527838
16 0.396401959094212
16 0.261230294412520
16 9.951361147915076
16 0.181838690912154
16 0.279134682821142
16 0.146853554171743
16 0.388718842929837
16 0.191415621793543
16 0.139494915383520
16 0.393714736698916
16 0.254197425043949
16 0.220236665128426
16 0.344758220109875
16 0.293457994982667
16 0.259241465854631
16 0.191930394287602
16 0.119735889441100
16 0.298904689512057
16 0.738826068839729
16 0.159760477592972
16 0.521022080583801
16 0.192936988021856
16 0.161192418764577
16 0.144250446649227
16 0.210020066502862
16 0.232097393628564
16 0.122784055661225
16 0.140842244024443
16 0.452244250201547
16 0.390711524089184
16 0.158952534573346
16 0.229934756032118
16 0.182485900472762
16 0.266159959466038
16 0.117839638607255
16 1.744267298020403
16 0.115778201422923
16 0.251271357024956
16 0.288806572488867
16 0.267340933223496
16 0.177195890361951
16 0.273596818376129
16 0.272596758734971
16 0.484485095859678
16 0.320942199075325
16 0.189423299385687
16 0.146016371479096
16 0.155110960028099
16 0.162938242135861
16 0.173718752396171
16 0.210153371966561
16 0.165329316379082
16 0.237219892386797
16 0.557717641761666
16 0.117059153482722
16 0.765203305516051
16 0.162197894749426
16 7.601952409417947
16 0.332291082954127
16 0.195013649858410
16 0.247192696548748
16 0.160770770713636
16 0.180895184255125
16 0.401364583724450
16 0.189394861185769
16 0.288446081573300
16 0.345901686426473
16 0.274505124278167
16 0.342355573091290
16 0.200561226533963
16 0.570409815371444
16 0.437466034194474
16 0.649129439445816
16 0.342427805991786
16 0.200194875104638
16 0.203004521286447
16 0.128105995247398
16 0.347460995018745
16 0.292029487187593
16 0.143927708172013
16 0.405527138434455
16 0.248317517094775
16 0.282086237570901
16 0.109205882479863
16 0.356591182820760
16 0.143931236607594
16 0.298007537022514
16 0.347903151702350
16 0.215380771080885
16 0.214837166407961
16 0.223850550732093
16 0.106985636772574
16 0.181705889719917
16 0.855113222064888
16 0.165327189919251
16 0.812586300127016
16 0.245308254288764
16 1.001863726060035
16 0.178885194097726
16 0.344197711964103
16 0.198155141018792
16 0.249611688928605
16 0.179929996022856
16 0.159897117571616
16 1.413535090760359
16 0.425518791368026
16 0.089487296841661
16 0.160596899664347
16 0.204132814525514
16 0.260185803277611
16 0.120310919282967
16 0.093063829680239
16 0.172988895464245
16 0.295306034586046
16 0.163085948446709
16 0.130563651999938
16 0.254852613708936
16 0.126671142481966
16 0.172007309073368
16 0.097791693397916
16 0.321895509264764
16 0.110267426685498
16 1.025804291829791
16 0.109714530172123
16 0.110354748677877
16 0.220587870727698
16 0.085501176619699
16 0.099981469283052
16 0.090334836029118
16 0.164831276038782
16 0.141377506107101
16 0.382238341209872
16 0.199850751577196
16 0.198152180833725
16 0.238830542563503
16 0.281954216504439
16 0.200242837222864
16 0.385352891694643
16 0.375237418688263
16 0.171306791224349
16 0.245314917621302
16 1.286430748300958
16 0.201861754419889
16 0.253650279437769
16 0.208875240164149
16 0.113400440215935
16 0.284360551809852
16 0.577592831961716
16 0.102732135192000
16 0.347529734122197
16 0.199918901954477
16 0.746955903811529
16 0.185039537298410
16 0.108103566628677
16 0.165752841853411
16 0.502801273855249
16 0.193858297436783
16 0.214937655457400
16 0.128167147593708
16 0.472240080521488
16 0.340992926890716
16 0.481691058332871
16 0.287762230372772
16 0.185936864346950
16 0.187512365917871
16 0.513101246844028
16 0.177127085362875
16 0.114973711659497
16 0.087498836819385
16 0.529964583481139
16 0.260088048549690
16 0.150697048650362
16 0.222044647152743
16 0.223074525856489
16 0.164014819959029
16 0.221261866525411
16 0.277845047913696
16 0.194007224200467
16 0.206812174529345
16 0.318589176815297
16 0.646905516221269
16 0.551261650144843
16 0.142820520856622
16 0.355357520088624
16 0.247446303336262
16 0.243492000006292
16 0.799647954875121
16 0.213085075479443
16 0.499146311797733
16 0.196439066157067
16 0.113522271749793
16 0.374262136409347
16 0.717515292802871
16 0.273320272987408
16 0.367714247401964
16 0.232432996863707
16 0.197629316988911
16 0.490499584602468
16 0.272638666445472
16 0.290867173494343
16 0.731849299668621
16 0.171929662477473
16 0.148802422151594
16 0.155850909478307
16 0.157938438251052
16 0.184793854897592
16 0.857768572869418
16 0.252345643949061
16 0.249302565070307
16 0.338835041591248
16 0.185841729072164
16 0.188843377983380
16 0.340743198875838
16 0.327600601408872
16 0.227869037698346
16 0.190497415236405
16 1.428631374364597
16 0.223646004831295
16 0.286343060260493
16 0.145950269186252
16 0.184636502707800
22 1.324319063984409
22 0.826705142079614
22 0.426366073753752
22 0.403362436223452
22 0.596140366872707
22 0.852557100885684
22 1.301701542992845
22 0.483265315889315
22 0.419316694883407
22 1.532485651693427
22 0.441658837984758
22 0.755528052304757
22 0.379759629116268
22 0.863983040594036
22 0.904798147418306
22 0.912081804913070
22 1.323509721888363
22 1.116982156420478
22 0.786467884819237
22 0.582331684058065
22 1.031689324733384
22 1.114487574970775
22 0.516131160104786
22 0.396318711749793
22 0.482172537225143
22 0.727729056798492
22 1.515451810251674
22 0.955700067669986
22 0.834155151591247
22 0.781429704122655
22 2.237718696036224
22 0.941600771201261
22 0.540560789481700
22 0.927399497984794
22 1.174027935479583
22 9.676539916658601
22 1.606139363307780
22 1.406172387289632
22 0.679958240848092
22 0.813411748087120
22 2.948697849232363
22 1.402536461448406
22 0.606791393998028
22 3.323542801093851
22 1.019981761855739
22 0.766672810813221
22 1.927264490461122
22 1.027141837021835
22 1.499869318217026
22 0.564327461745665
22 0.804954001193732
22 1.173921637133107
22 2.307277869484952
22 1.050028713201723
22 9.604893464914749
22 2.370811745004775
22 0.866646404604397
22 0.302899844519436
22 1.548440274318344
22 1.622893524117135
22 0.524670869280452
22 0.767832540823741
22 1.273722018074253
22 0.783853965384504
22 0.765131374236843
22 1.139292344355200
22 0.702291954551854
22 0.361450542589205
22 1.024197684727119
22 1.150327463572386
22 1.505407291007096
22 1.468686519245396
22 1.207474997702740
22 0.789092622030326
22 0.736461190147719
22 1.915572533231176
22 0.638906886957828
22 0.917924345927697
22 0.974703201468460
22 2.708809079493381
22 0.614328855280448
22 0.464142547757534
22 0.988322530100484
22 1.061884540874851
22 1.351483119886891
22 0.667078607762504
22 5.247489032708254
22 0.673776003519291
22 1.057401177511573
22 0.442050306973258
22 0.949370921605584
22 8.880151440567744
22 0.535745235215995
22 0.339484602936199
22 0.649812338013581
22 0.964712543928349
22 1.336176248596377
22 0.620106858249947
22 0.948756109936350
22 0.673369098098286
22 1.589734005820651
22 0.815790896067850
22 0.612788706038534
22 0.506945989924764
22 1.118449243774191
22 3.308839170982428
22 0.473978229199305
22 1.463891316695115
22 0.605784819287960
22 1.288705853680535
22 0.803403714232951
22 2.665830065612590
22 1.155804913195947
22 0.716006312334904
22 9.345993939255283
22 1.438037816845998
22 0.456006008464263
22 1.038407498419525
22 0.778405040302581
22 1.133493119405433
22 1.118817484608530
22 2.697007974555793
22 0.804106409729762
22 0.530818882218124
22 1.231695267227442
22 0.382113584910825
22 1.707273476675749
22 0.938339837214046
22 0.443083034976208
22 1.041690615662198
22 0.879048479422366
22 2.003464267601760
22 1.868860479260637
22 1.311547774315515
22 0.638545654025653
22 0.737417771092976
22 0.932577504316337
22 0.852894917926350
22 1.059969482724773
22 9.877136377277463
22 1.496636622045438
22 0.676600143339034
22 0.832228333042159
22 4.850878211948731
22 1.528309663943151
22 1.687709650025511
22 0.721639899701141
22 2.354881745558675
22 1.771233733286933
22 0.772690240952515
22 1.373087559374030
22 1.074512760816436
22 0.534132476140946
22 0.525937256224742
22 0.618553258270345
22 0.408583074582427
22 0.751610522462421
22 1.939686581555880
22 0.841980707839642
22 1.121019161334250
22 9.622832286054052
22 0.800860306764504
22 0.415464655155697
22 0.460789801839181
22 2.455892377768402
22 0.818267944444512
22 0.831329303507209
22 1.865521285520631
22 1.489914930325261
22 3.910194344618575
22 0.524550002229488
22 0.757797400365832
22 2.167929987137730
22 2.139913296304808
22 0.902854923768709
22 0.693902602883099
22 1.646308172107147
22 0.911935609989423
22 1.274248884323304
22 1.161717623362936
22 0.848850276635282
22 1.557834637686027
22 0.488830869533893
22 0.949748972166889
22 2.687901202972748
22 0.841630257996485
22 0.678040581090210
22 0.566760156815374
22 0.609221612823648
22 0.540760263555454
22 0.653016340163076
22 0.649837515025497
22 1.155499652325445
22 0.665900007267076
22 0.438409613052570
22 3.815570947122369
22 0.952281412321387
22 0.622726178243003
22 0.813365257068078
22 0.774391281696469
22 0.769929725240141
22 0.491298526933856
22 0.927598114803786
22 5.109050548288338
22 0.743110535803729
22 1.151061428397229
22 0.490380897729560
22 2.690712626841111
22 0.883056073990908
22 0.940888182560306
22 2.426417923501533
22 0.959385770603109
22 1.098524581746029
22 0.814536010035394
22 0.815964871719039
22 0.550031275932232
22 2.486008627478973
22 0.636076823028026
22 3.987395335582463
22 0.935369496683164
22 1.197969474227588
22 2.119157955623929
22 0.806292703306080
22 0.990045077434714
22 0.697319076613018
22 1.336839453982032
22 0.876711594571576
22 0.987797260640526
22 0.839490934701824
22 0.537477863429200
22 0.665746493825753
22 9.444082611243962
22 0.834535889189882
22 0.339503891322297
22 0.639427654538882
22 0.950450085147131
22 0.848116730331870
22 0.686392599463868
22 0.508456577892074
22 1.155966423504266
22 0.800562325203004
22 6.226651976475894
22 1.119633818108783
22 2.984251125770205
22 0.703287684080743
22 1.877540899957656
22 2.043143871598653
22 2.823483265514138
22 1.438584634859451
22 1.208400157395952
22 3.702373232573567
22 2.337560616752265
22 0.442682947976466
22 3.963868485048297
22 2.933631338617939
22 0.982739438844564
22 0.256579730724289
22 1.428166743297167
22 1.768857513507971
22 1.803011382346189
22 0.523172551280098
22 0.618936352637792
22 0.640360412031861
22 0.781421881775607
22 1.204227362496612
22 0.530415941990752
22 0.657479003412018
22 0.865798189389033
22 1.482305906943453
22 0.637829832922077
22 2.692853476507976
22 4.537274110687649
22 1.137560772449201
22 0.713095130426466
22 2.802811664303895
22 1.121467095171365
22 0.888938114943209
22 0.870619877438512
22 1.559253468776230
22 0.563440607468469
22 1.942247638324833
22 0.401912517531830
22 1.140416778979633
22 9.022337029259477
22 0.488580464583478
22 9.727134301359509
22 1.360609740609238
22 0.821453197075529
22 0.971185646950395
22 0.733001023388807
22 2.967145389025996
22 0.996986164777151
22 1.056712899588913
22 1.613960280673148
22 1.553134557541632
22 0.878990117789211
22 0.906715312560598
22 1.392977115578764
22 1.017348084969942
22 0.811227153160600
22 0.521867217969743
22 1.301879357277856
22 0.452679396602458
22 0.382073082752751
22 0.415544160597038
22 0.602555741835769
22 0.592464522619722
22 0.797277181499775
22 0.486888303337643
22 1.860010243073932
22 0.681886366654969
22 0.490927275472870
22 0.637850043433796
22 1.215406574834182
22 0.658886212986404
22 0.764830566077655
22 1.373532560261047
22 2.906080177202844
22 1.154926072644754
22 0.776001384341162
22 0.791623489644904
22 1.261365572712025
22 0.777656303546681
22 0.616557438898264
22 0.547119852666715
22 0.980091331086052
22 0.930210115027920
22 1.917271672909816
22 6.459727265480277
22 1.528589856107883
22 9.825069530481633
22 0.755360551076794
22 1.149324233911784
22 0.856467034775344
22 0.841637837038666
22 1.176212322233275
22 9.945195200921848
22 9.890557934324960
22 0.796356583279525
22 0.450988229845633
22 0.642424088143176
22 0.434222495664601
22 1.137731528703666
22 1.335310633423373
22 0.434235277123913
22 0.687925367943453
22 0.537032564510705
22 1.067202977146635
22 0.437620647810316
22 0.683639606387364
22 1.838062573784361
22 0.301738454479004
22 0.417310010851899
22 0.595220468955608
22 1.078351307528671
22 0.543820104892034
22 0.640110264481295
22 0.822349244568377
22 0.587633781508717
22 0.538066284063801
22 0.948037316218856
22 1.480221758680596
22 0.575569760974747
22 0.336862844196439
22 1.111246528325239
22 7.174926257129226
22 0.488279812670696
22 0.753836582825053
22 0.723698751970456
22 0.489204092246520
22 0.831363130126462
22 1.462716151413574
22 0.618373482980678
22 1.288153702961609
22 1.530995499114865
22 0.854433749713702
22 1.000360457782503
22 0.573046009685027
22 0.663236150005094
22 2.448641568950984
22 0.840832631071248
22 9.780716190699199
22 0.340702369247828
22 0.649871259996967
22 1.248163950662597
22 0.435079358576547
22 1.684236824210187
22 0.689563369291885
22 0.482104106292183
22 1.001894010888780
22 0.587722311551162
22 0.883643454730542
22 1.067964527934827
22 0.687648798879017
22 1.160330242082787
22 1.370800801695505
22 0.539694595225789
22 0.958852850458293
22 0.812757109331828
22 0.416130778774911
28 2.215013369356483
28 6.764599608564628
28 9.587573663149993
28 4.582465086079796
28 5.078219029665803
28 3.886814387703499
28 6.812417958875330
28 1.874505843858104
28 9.500680556101324
28 3.083668269291093
28 2.516410479411751
28 6.957675777647935
28 2.231908576515754
28 7.448328203964571
28 2.404451983262912
28 2.083256653392811
28 2.836433170187196
28 1.879299605019956
28 3.040883131372732
28 1.499034446538836
28 3.912498136511246
28 2.073300326332698
28 1.733773928107140
28 3.336604903395081
28 2.409930823328536
28 2.413400313881370
28 3.274796011476161
28 2.394119208493416
28 1.735124146685772
28 5.220271393039207
28 1.799779189008645
28 4.954815654735707
28 1.908469246797050
28 4.751995259464125
28 2.873179602465881
28 3.057976031821608
28 2.290831331576847
28 3.064390734661197
28 2.914940309358906
28 4.163306904739319
28 1.217785109365510
28 6.225834771226318
28 1.787742602280611
28 2.236106182969032
28 9.622583915438231
28 2.972989985576651
28 3.707963838030805
28 2.980326302030608
28 9.634203688388345
28 1.541719883539442
28 6.000080637719695
28 4.220573129490752
28 4.911855037092848
28 9.639843328605124
28 3.849472574839448
28 9.706025000202455
28 4.470461266746293
28 6.111126093060349
28 2.156247758719016
28 1.756040721721917
28 2.288893129685997
28 5.413185873280409
28 4.269781906419690
28 2.854375407705705
28 4.314281772155299
28 2.646184465489995
28 9.673960301182454
28 1.733670099257432
28 2.628647242588041
28 2.442555890788772
28 1.069750450088593
28 2.517914863655948
28 9.765237667808798
28 3.885909639336629
28 3.952738041680844
28 9.898147014955718
28 3.886311395590201
28 2.672212242368333
28 2.419752184528972
28 2.676881743950237
28 9.544086762589192
28 1.881579456645687
28 3.466761941661261
28 2.769360544403172
28 7.385625102887110
28 4.703296055870473
28 5.615716773945086
28 7.288308255088998
28 3.668745537154749
28 1.992171327297812
28 5.003071211590434
28 2.516282916796889
28 8.881679181189327
28 5.787046735570131
28 2.874785245862296
28 4.747184876591473
28 4.037145483988927
28 2.809413183372233
28 2.051978240498547
28 4.681119912259113
28 2.215013369356483
28 6.764599608564628
28 9.587573663149993
28 4.582465086079796
28 5.078219029665803
28 3.886814387703499
28 6.812417958875330
28 1.874505843858104
28 9.500680556101324
28 3.083668269291093
28 2.516410479411751
28 6.957675777647935
28 2.231908576515754
28 7.448328203964571
28 2.404451983262912
28 2.083256653392811
28 2.836433170187196
28 1.879299605019956
28 3.040883131372732
28 1.499034446538836
28 3.912498136511246
28 2.073300326332698
28 1.733773928107140
28 3.336604903395081
28 2.409930823328536
28 2.413400313881370
28 3.274796011476161
28 2.394119208493416
28 1.735124146685772
28 5.220271393039207
28 1.799779189008645
28 4.954815654735707
28 1.908469246797050
28 4.751995259464125
28 2.873179602465881
28 3.057976031821608
28 2.290831331576847
28 3.064390734661197
28 2.914940309358906
28 4.163306904739319
28 1.217785109365510
28 6.225834771226318
28 1.787742602280611
28 2.236106182969032
28 9.622583915438231
28 2.972989985576651
28 3.707963838030805
28 2.980326302030608
28 9.634203688388345
28 1.541719883539442
28 7.078214081463341
28 1.864458462950479
28 2.314611889071223
28 7.728918012372228
28 2.449615762440591
28 2.381079583121702
28 4.285030146315405
28 2.706878527953919
28 1.398154544462951
28 9.795772456144633
28 6.466471691095806
28 2.315616959986059
28 3.841814820011285
28 5.518237705112320
28 1.922692327122238
28 3.362899215093671
28 4.799934644267270
28 1.963002391884395
28 2.908396199721915
28 3.362759468641859
28 2.225771096077845
28 8.668691589695094
28 9.559884411583157
28 2.057452455788668
28 2.328700376327684
28 2.563697898139036
28 1.525497987598438
28 2.006405681942447
28 3.360912261844392
28 2.072511883388089
28 4.414302939705484
28 1.953806724319896
28 2.064867717892493
28 7.109361856552991
28 7.919383700618061
28 3.133417682698245
28 1.645735928783908
28 2.485290500940069
28 2.564032790961710
28 2.836956730745104
28 4.511172050345907
28 1.612610351902016
28 2.548729803038037
28 9.591213447175583
28 3.376010642656405
28 9.814704637367740
28 3.184717175079420
28 3.116403620134707
28 3.657993497848430
28 2.357824699161377
28 9.495613580231893
28 5.622078825649004
28 3.346940437154439
28 2.412591078870758
28 3.387064042234408
28 3.114719946017571
28 2.559748091110560
28 2.412068282695833
28 1.605746454336560
28 3.747049516734456
28 1.649625097427645
28 2.225929198252097
28 1.635077195654180
28 1.902216807393052
28 2.881683254547769
28 4.798215516768081
28 2.782904093301524
28 2.006568806218983
28 1.305737687189907
28 4.229468240644571
28 5.446485921702186
28 2.425870181005019
28 4.560778587943350
28 2.594232031277514
28 9.430677346115186
28 3.854851193563890
28 2.751646300969393
28 2.895470327827398
28 4.117301673532917
28 9.790758134190863
28 2.830617745075573
28 6.328010212647198
28 5.128578617120645
28 4.294951180212130
28 5.133448557088623
28 3.816303788034552
28 4.738564882086443
28 3.420665251131839
28 2.487455947800687
28 7.187375806302201
28 1.910509779592845
28 3.449487909456833
28 3.429524003397143
28 3.742007756146119
28 2.072724975039513
28 9.614936426791569
28 1.686362749486163
28 2.412178149501949
28 7.467762483223533
28 2.170255072540832
28 9.495613580231893
28 5.622078825649004
28 3.346940437154439
28 2.412591078870758
28 3.387064042234408
28 3.114719946017571
28 2.559748091110560
28 2.412068282695833
28 1.605746454336560
28 3.747049516734456
28 1.649625097427645
28 2.225929198252097
28 1.635077195654180
28 1.902216807393052
28 2.881683254547769
28 4.798215516768081
28 2.782904093301524
28 2.006568806218983
28 1.305737687189907
28 4.229468240644571
28 5.446485921702186
28 2.425870181005019
28 4.560778587943350
28 2.594232031277514
28 9.430677346115186
28 3.854851193563890
28 2.751646300969393
28 2.895470327827398
28 4.117301673532917
28 9.790758134190863
28 2.830617745075573
28 6.328010212647198
28 5.128578617120645
28 4.294951180212130
28 5.133448557088623
28 3.816303788034552
28 4.738564882086443
28 3.420665251131839
28 2.487455947800687
28 7.187375806302201
28 1.910509779592845
28 3.449487909456833
28 3.429524003397143
28 3.742007756146119
28 2.072724975039513
28 9.614936426791569
28 1.686362749486163
28 2.412178149501949
28 7.467762483223533
28 2.170255072540832
28 9.495613580231893
28 5.622078825649004
28 3.346940437154439
28 2.412591078870758
28 3.387064042234408
28 3.114719946017571
28 2.559748091110560
28 2.412068282695833
28 1.605746454336560
28 3.747049516734456
28 1.649625097427645
28 2.225929198252097
28 1.635077195654180
28 1.902216807393052
28 2.881683254547769
28 4.798215516768081
28 2.782904093301524
28 2.006568806218983
28 1.305737687189907
28 4.229468240644571
28 5.446485921702186
28 2.425870181005019
28 4.560778587943350
28 2.594232031277514
28 9.430677346115186
28 3.854851193563890
28 2.751646300969393
28 2.895470327827398
28 4.117301673532917
28 9.790758134190863
28 2.830617745075573
28 6.328010212647198
28 5.128578617120645
28 4.294951180212130
28 5.133448557088623
28 3.816303788034552
28 4.738564882086443
28 3.420665251131839
28 2.487455947800687
28 7.187375806302201
28 1.910509779592845
28 3.449487909456833
28 3.429524003397143
28 3.742007756146119
28 2.072724975039513
28 9.614936426791569
28 1.686362749486163
28 2.412178149501949
28 7.467762483223533
28 2.170255072540832
28 2.187888558902269
28 1.619830592583241
28 4.342268710780654
28 9.625057132789630
28 3.326901224767712
28 2.736926345062248
28 2.500965031227589
28 6.130834262115751
28 5.043186061433809
28 4.364743005726112
28 3.477017310290123
28 3.339841182167733
28 4.981851422516383
28 8.930651302830661
28 3.695771921636523
28 2.944885710314892
28 4.522397897047717
28 7.583129545795643
28 1.653276402239159
28 5.414613495816157
28 8.956319609246204
28 3.815664570105413
28 4.944783365651682
28 3.747323215874103
28 3.090946798722712
28 7.777763447183850
28 2.824496885618695
28 2.679182234482780
28 5.096207698561924
28 4.029835933150873
28 2.621128727040625
28 5.563276810052457
28 3.003489427699090
28 4.397261565155011
28 2.581028032939286
28 9.561671084710282
28 5.583518496049768
28 2.555743119982518
28 1.951617499841624
28 1.844134785457268
28 2.320861028744492
28 2.871597637567411
28 3.889810335829526
28 2.495682451476023
28 2.128744281804147
28 1.444663483335938
28 2.297813906087268
28 4.083864213739174
28 6.546213586206471
28 9.789736430177694
28 2.273614038825396
28 9.462891714943460
28 8.014658978129161
28 2.099107239956135
28 6.618362879114882
28 9.618060097717096
28 9.727255993132985
28 1.854766032288056
28 3.314823975281945
28 3.046109563384508
28 4.133349191872083
28 1.427387066746063
28 9.779783246518186
28 2.694344138357279
28 2.681356687161024
28 7.117757495132623
28 1.875361425180086
28 1.419063649257481
28 9.598944625865222
28 3.654962240285931
28 1.539431246747843
28 2.543201726881023
28 2.599505216112854
28 3.578672526689072
28 4.192951310466968
28 1.997347419761684
28 4.835520565410364
28 7.737931790163548
28 2.627822193158062
28 9.653370811551607
28 2.488054409194377
28 3.187404163657942
28 2.181612974676947
28 4.249181886346652
28 2.407136599038396
28 2.930087968635980
28 3.549392163614811
28 3.915233655799755
28 3.635640313327076
28 9.746451734281141
28 3.098546906359492
28 3.794408477324035
28 7.188459301015464
28 3.226554307870010
28 3.003086146614520
28 2.214667764222773
28 1.941765513394540
28 3.974811614213478
28 9.757358260875463
28 3.621047622520869
28 2.454032671480506
28 6.072863455219947
28 9.794715656069460
28 3.711914320682899
28 3.976257327498081
28 2.537595162877232
28 9.554233558926704
28 8.084435790865278
28 3.965157927525734
28 1.967076265779395
28 2.657251040084359
28 3.151962469262148
28 2.487755608699669
28 2.515651830693441
28 2.226144962679891
28 2.723642125881028
28 4.216154926938652
28 9.902481447782169
28 3.162950077822935
28 5.829515557297320
28 7.928630606378052
28 5.791698078564273
28 2.767722999828431
28 9.781772475989332
28 3.306737417520956
28 3.175289304611336
28 9.662973566335584
28 3.030969023127136
28 3.633447840259586
28 2.888545589246195
28 4.748289541892868
28 3.479451131654286
28 4.399715510903292
28 2.425908294001040
28 4.986482118013933
28 1.773781089165715
28 9.786155446450298
28 3.856797035237841
28 1.869058195822017
28 2.837050446987657
28 3.711632014163809
28 9.802925402711052
28 4.531649835318404
28 7.514924641267281
28 2.351165850322483
28 1.081655263800812
28 4.633741762630000
28 2.512044747493129
28 3.557752079306240
28 5.261947489339116
34 9.591688855784504
34 9.340008772209707
34 9.336245305527800
34 9.411811544066531
34 9.624535199283404
34 9.414435049747398
34 9.503403545831752
34 9.352286123329415
34 9.499459489769382
34 9.598293578083485
34 9.505018913814684
34 9.616702873324357
34 9.347147971798982
34 9.454466528572613
34 9.488600150255628
34 9.541766155017484
34 9.516375795283569
34 9.434085819447542
34 9.601732397891073
34 9.458607367377558
34 9.475114708424190
34 9.504514686277300
34 9.315408424187915
34 9.504923581875438
34 9.319877722307101
34 9.364012518940013
34 9.470864373691054
34 9.414718133285362
34 9.419539511395659
34 9.410054333064394
34 9.425290655173550
34 9.417500142694216
34 9.484593850480927
34 9.517893112193077
34 9.288129743284696
34 9.382292168129560
34 9.419924850920047
34 9.870495826354492
34 9.593788191501037
34 9.549926502493037
34 9.517630172022676
34 9.451068577281326
34 9.699210902931855
34 9.631045055632899
34 9.467686038967100
34 9.484045953547795
34 9.659499677962106
34 9.576391585239211
34 9.504186808500171
34 9.383208748585627
34 9.337155679035430
34 9.378073245527077
34 9.409881501548305
34 9.379741862913066
34 9.365995431664256
34 9.341399641201690
34 9.432663715006418
34 9.193431652682188
34 9.327290114973827
34 9.479661354595656
34 9.333617759100067
34 9.374009913568340
34 9.530588884450314
34 9.403663739456601
34 9.483063612081043
34 9.569277325500980
34 9.358522354064338
34 9.666250707398303
34 9.432019600494046
34 9.525562345147819
34 9.316517031846127
34 9.787492955483849
34 9.456148132978837
34 9.826227196390182
34 9.527893518572725
34 9.460330931339879
34 9.457097709698544
34 9.574093929765596
34 9.397644490297292
34 9.497833033413388
34 9.528801930541107
34 9.452579392229181
34 9.366572913973418
34 9.333522772269504
34 9.508078980588454
34 9.499432128772021
34 9.435099867887926
34 9.422707605320674
34 9.418698660908483
34 9.386223607489729
34 9.479324482538317
34 9.491316212603214
34 9.355237180729567
34 9.650798909898530
34 9.467193963311182
34 9.630182484182802
34 9.337191513776723
34 9.458649523969296
34 9.435703914174187
34 9.431005317800093
34 9.357853334337104
34 9.742065464723119
34 9.678446592136231
34 9.357549849632997
34 9.368156012891653
34 9.463224328474126
34 9.591345402799945
34 9.371204775145847
34 9.444695901287023
34 9.412616914436516
34 9.608921682470069
34 9.925263752251393
34 9.548852319219545
34 9.384462105974723
34 9.352761173134887
34 9.449944950573476
34 9.561522016161003
34 9.392726528418947
34 9.314426349684368
34 9.515391356000233
34 9.500684892741326
34 9.441189611731820
34 9.518769817637491
34 9.448486696256733
34 9.322957072408407
34 9.401586651213876
34 9.488815257218240
34 9.405358952878920
34 9.480677647665317
34 9.624482717384804
34 9.888238989509407
34 9.500339814836257
34 9.495297820541920
34 9.361199103423754
34 9.920910478888343
34 9.441981358326023
34 9.274377852768826
34 9.535318516883034
34 9.644162080208590
34 9.460792367034706
34 9.347284686927424
34 9.382605969698300
34 9.454190548171633
34 9.437978976624478
34 9.385663675658892
34 9.482727235731893
34 9.400776897525347
34 9.442192977416909
34 9.547321675723824
34 9.487427427186311
34 9.427520452194631
34 9.629631458305887
34 9.309157488708543
34 9.371629739258532
34 9.590219112290351
34 9.455840274022760
34 9.474853198525247
34 9.582251471093102
34 9.539871216035126
34 9.425572838395219
34 9.519163979170100
34 9.424517855804762
34 9.566731114280415
34 9.379569121724945
34 9.512775755614538
34 9.365366929820489
34 9.503935695117260
34 9.465328451279250
34 9.484014437869874
34 9.494864806378835
34 9.639469459272998
34 9.411597747434907
34 9.480224155310225
34 9.382658724977855
34 9.627901634998729
34 9.581056480492297
34 9.544207894350443
34 9.498426439421721
34 9.659896213474855
34 9.454739881013078
34 9.457289013501121
34 9.337921422578564
34 9.368894344203351
34 9.385363130122062
34 9.338767457738658
34 9.370569698403497
34 9.422355586604112
34 9.730435899248661
34 9.384849459480229
34 9.428626405465401
34 9.445790227876119
34 9.456401333405262
34 9.340666000830209
34 9.441411132512414
34 9.592866323037912
34 9.343970864629728
34 9.488611223080179
34 9.900109907974674
34 9.544554843883148
34 9.318876573217821
34 9.503740634001604
34 9.399210506622202
34 9.419726906251885
34 9.361939473492527
34 9.692366767048640
34 9.467085958230189
34 9.450772899572744
34 9.500371022414715
34 9.449190162303456
34 9.472870033950548
34 9.551814046342949
34 9.412826737801934
34 9.493691007740965
34 9.853813268119527
34 9.393145684247232
34 9.389675222728846
34 9.306707820296275
34 9.361958679760164
34 9.643226330142197
34 9.657313946937656
34 9.481742657949415
34 9.505669360098567
34 9.633164239750055
34 9.473286876074226
34 9.492703663297139
34 9.352926458488827
34 9.395660980858564
34 9.492722726864752
34 9.375297633214409
34 9.553459826188400
34 9.529476752165126
34 9.332549777303466
34 9.415921972819241
34 9.853883284379300
34 9.520867632686215
34 9.469166184076613
34 9.546762214283117
34 9.410494934532210
34 9.564753170065178
34 9.416809304649345
34 9.274190720461462
34 9.878218103477783
34 9.475569104494685
34 9.370956679713554
34 9.446948741186567
34 9.644540486368642
34 9.491480471140568
34 9.494045291894913
34 9.529312705422280
34 9.539543783672787
34 9.415097361786101
34 9.469021644145645
34 9.401464502720250
34 9.393065927985848
34 9.415940785605162
34 9.541459281026043
34 9.456671750290933
34 9.728295816372150
34 9.934211215873653
34 9.635718328239848
34 9.237610707104782
34 9.498810634288709
34 9.444659950408752
34 9.400223703298064
34 9.453441771575578
34 9.539538927745447
34 9.405954090746961
34 9.488395510329887
34 9.543482227344269
34 9.516089927716644
34 9.627277416403118
34 9.471796945619460
34 9.514657429307110
34 9.482312103900165
34 9.393958628673442
34 9.411318756167592
34 9.347547838520676
34 9.407741706275361
34 9.355789856024110
34 9.758058543784134
34 9.538823294714145
34 9.528504070440970
34 9.489452864978952
34 9.614986318682277
34 9.468458865968607
34 9.637570573044924
34 9.552306691031344
34 9.478407301420020
34 9.396113805321423
34 9.512752640826292
34 9.619314929960066
34 9.518152345490108
34 9.423261993082850
34 9.410880549170169
34 9.520055056218352
34 9.501870070446088
34 9.565996959952326
34 9.464394282832483
34 9.591182736407278
34 9.483728674810598
34 9.426204469509486
34 9.383675282129627
34 9.532496078994175
34 9.456768473659164
34 9.391220995159753
34 9.316473487596751
34 9.487464412474871
34 9.442269920482463
34 9.557752771111115
34 9.459610262758700
34 9.512570281716574
34 9.582786327258805
34 9.483504355632791
34 9.621386560018120
34 9.411489292768636
34 9.392591833119184
34 9.479550280142785
34 9.320534816116403
34 9.437206930941221
34 9.337853469487724
34 9.497816963525462
34 9.587950262672141
34 9.488459215284140
34 9.684255413402699
34 9.383960502340550
34 9.459494610468948
34 9.714395233225080
34 9.494012142486184
34 9.311777954514746
34 9.505166561325904
34 9.986032911960823
34 9.689737593493634
34 9.439972774800005
34 9.514438030325548
34 9.405648569976417
34 9.795419423567626
34 9.485253972698025
34 9.520725623101885
34 9.361707970558818
34 9.499529957741503
34 9.437609851454589
34 9.382887047190749
34 9.449229556385346
34 9.431643321395113
34 9.695363165317769
34 9.517496169000294
34 9.538990671649133
34 9.492669461371349
34 9.400394067765578
34 9.444823838314987
34 9.349662236932129
34 9.329044379734167
34 9.582900736547641
34 9.378492828026964
34 9.364229894556530
34 9.399881175672570
34 9.282823523971377
34 9.355756485566022
34 9.612945833819438
34 9.423261958366020
34 9.389183533829414
34 9.621949475752906
34 9.396057525166730
34 9.434193604486881
34 9.447271452957200
34 9.843802420466115
34 9.461763856703204
34 9.417549294335213
34 9.611542860820821
34 9.459238856601875
34 9.516324156899055
34 9.456993250079535
34 9.488433479781687
34 9.516258384123137
34 9.773836619702429
34 9.435069000637597
34 9.416057856044638
34 9.433796484953081
34 9.655858934190785
34 9.399028544741208
34 9.955096373155090
34 9.625130307102516
34 9.486267172716097
34 9.581034623628897
34 9.466231270009608
34 9.494454185712776
34 9.430048703152931
34 9.476525871651372
34 9.426789780291369
34 9.548611473648432
34 9.374721816321738
34 9.580621905501275
34 9.452064282131154
34 9.422384060854020
34 9.487362015237412
34 9.363598225933330
34 9.563198217176859
34 9.400830333865638
34 9.791494585690025
34 9.494843994302016
34 9.374393410966789
34 9.595421376410531
34 9.315804736029778
34 9.476584720971555
34 9.334506239530501
34 9.394966066093730
34 9.381562765453815
34 9.543159769110730
34 9.736544045475952
34 9.309052150369874
34 9.386434197500471
34 9.408694546313118
34 9.443953980228439
34 9.474248158214424
34 9.492369482390398
34 9.367288759603760
34 9.414819387817401
34 9.415694384373856
34 9.491122114616250
34 9.936356845808309
34 9.374126929432423
34 9.471732021760710
34 9.530018996271071
34 9.489198200362342
34 9.430951898483844
34 9.518082215974836
34 9.407083720978861
34 9.577267289271029
34 9.493537893064705
34 9.614094383539495
34 9.368062337936854
34 9.326379448201113
34 9.482173141841999
34 9.528459029752208
34 9.644047556831982
34 9.512801496915541
34 9.537613133242901
34 9.363850859449052
34 9.398226480889985
34 9.380055895749656
34 9.504722915592776
34 9.436578558594704
34 9.459608143468440
34 9.507515472116769
34 9.418902874911655
34 9.390030147950691
34 9.338739330640873
34 9.612395584720044
34 9.514733377027421
34 9.565407014629876
34 9.549833092746431
34 9.491416945958708
34 9.522547018025053
34 9.686330848057196
34 9.266340731707055
34 9.535089447159741
34 9.512791165076901
34 9.415494479588912
34 9.476726497801540
34 9.937089525757235
34 9.336999704710518
34 9.394966876731258
34 9.417701497788499
34 9.433114797876746
34 9.827157850571574
34 9.447973536132421
34 9.371551802357295
34 9.418466325350735
34 9.397621917629804
34 9.903207179465934
34 9.492955238202718
34 9.412273776090643
34 9.643329269794172
34 9.456825775546708
34 9.297313718532457
34 9.405677033686977
34 9.456506666029533
34 9.419401937897089
34 9.447931079217787
34 9.481401738353703
34 9.368580007700931
34 9.505726254103420
34 9.414258908474523
34 9.361185358029324
34 9.624403484759373
34 9.256129983516148
34 9.383826634851236
34 9.638631471873898
34 9.438441171324154
34 9.429861693542309
34 9.441723495654633
34 9.516201374358278
34 9.381743798235206
34 9.387807563005582
34 9.555278237945508
34 9.468621842066710
34 9.424277173451634
