10 0.040396569594821
10 0.059364850195015
10 0.040275815576219
10 0.069891020037229
10 0.105539635160563
10 0.030379894377854
10 0.030910044509631
10 0.041819289645643
10 0.019340070470022
10 0.031353437566857
10 0.071727212386707
10 0.018925799328770
10 0.054804959410454
10 0.027713746044019
10 0.054162677578528
10 0.101369434311120
10 0.028526413588451
10 0.051414853777279
10 0.052884602381382
10 0.031887630252537
10 0.037836092745228
10 0.042332442692199
10 0.018985496597361
10 0.028456627103561
10 0.031285943677808
10 0.038730578446303
10 0.035963733170330
10 0.044471883338324
10 0.036331762141090
10 0.034537317397680
10 0.043066039856909
10 0.034879406428540
10 0.051010906408770
10 0.053232639058479
10 0.025580386364461
10 0.066948999696294
10 0.060305123202739
10 0.031465021654467
10 0.033083506393748
10 0.052894753010968
10 0.036204647591097
10 0.032568635534232
10 0.080927920362687
10 0.046627153949782
10 0.071659367534046
10 0.040098868826701
10 0.064064426979904
10 0.061375187962311
10 0.065412286813787
10 0.033775617111953
10 0.042360173697216
10 0.032512880826819
10 0.036749355107458
10 0.029901172246217
10 0.029006674331639
10 0.032192433170992
10 0.091673670715353
10 0.027346625644336
10 0.043337441094566
10 0.032366333195126
10 0.036776430344056
10 0.033171035301097
10 0.034486449959705
10 0.032599483371578
10 0.026113902135449
10 0.048078301038858
10 0.059766612158029
10 0.049104471778885
10 0.020336208263247
10 0.038602816097147
10 0.029485319704079
10 0.021395714855245
10 0.041595872179422
10 0.029851065491802
10 0.024666332660007
10 0.038897502525526
10 0.048265375135038
10 0.039002855489755
10 0.035809426494829
10 0.042100725302583
10 0.049622264072041
10 0.048607068959528
10 0.022357283627770
10 0.044243363684140
10 0.040649687464536
10 0.050366639070448
10 0.057162099297552
10 0.023041787223775
10 0.029384957689226
10 0.025483182427023
10 0.037477745319115
10 0.046634751653759
10 0.040805276141072
10 0.081514868986680
10 0.039853438203672
10 0.027703874089925
10 0.057262111764834
10 0.064267935294301
10 0.033543453965458
10 0.035735856510163
10 0.038909567545617
10 0.059256254250653
10 0.046913739536803
10 0.058768347033026
10 0.038778723395668
10 0.033828142536607
10 0.041728068291868
10 0.059348400631981
10 0.028692091047029
10 0.028477717461980
10 0.042962844286515
10 0.026489207061031
10 0.038746914492657
10 0.057047296962828
10 0.047636683061929
10 0.025073732736145
10 0.041839185176436
10 0.036322604582870
10 0.031557634346034
10 0.030551778383844
10 0.040344643119172
10 0.031418518325372
10 1000000000000000019884624838656.000000000000000
10 0.054740849808021
10 0.026524057136588
10 0.029523444825855
10 0.030396667713934
10 0.047242551342952
10 0.048602765122832
10 0.042819002699837
10 0.030194281960172
10 0.052410668832642
10 0.048181784362855
10 0.030853011741747
10 0.043600691311245
10 0.057168580147556
10 0.048958638851206
10 0.051605830127327
10 0.067480027229373
10 0.029945614279646
10 0.068174604288743
10 0.045786605374873
10 0.045337828649414
10 0.039515621929392
10 0.038955316383453
10 0.052013212544966
10 0.033896300394839
10 0.031725303083498
10 0.056676190604700
10 0.040476540084338
10 0.068194466317788
10 0.032769429625738
10 0.049948009705430
10 0.047535710979869
10 0.046584007583034
10 0.038698427356939
10 0.061219511571375
10 0.049990589215175
10 0.038647804113603
10 0.072682856512663
10 0.029586239408800
10 0.029550514034831
10 0.040446729329200
10 0.033326779763822
10 0.026061113872078
10 0.063392028556978
10 0.059417343855940
10 0.029734984454776
10 0.035462640001677
10 0.027948713592044
10 0.070494708749786
10 0.068793589591991
10 0.041665804669005
10 0.027211957553097
10 0.039588801295554
10 0.026053077578231
10 0.035757638141630
10 0.042635197867640
10 0.043790050019000
10 0.048369484359481
10 0.048445916578109
10 0.032533792436801
10 0.030929822588442
10 0.048742970520276
10 0.045074732484342
10 0.033104690850953
10 0.026943168464843
10 0.049961234880198
10 0.036242600730918
10 0.027255602534025
10 0.039683833554028
10 0.035516595275423
10 0.044399290975938
10 0.046163128982807
10 0.048749276465283
10 0.022003953164075
10 0.037847889585331
10 0.060323604735208
10 0.031138649445597
10 0.073748323784482
10 0.044197154202628
10 0.037326442731107
10 0.034152047675116
10 0.068431173799707
10 0.073376039926781
10 0.032663835156293
10 0.055349754590693
10 0.039223188768385
10 0.044357953873447
10 0.100142262855294
10 0.037976571336221
10 0.017597436451115
10 0.057822523987161
10 0.038732006659570
10 0.056676700185531
10 0.050059981865860
10 0.077176787847809
10 0.037516918154271
10 0.019083225130964
10 0.055547013469806
10 0.054872191828942
10 0.044372939431904
10 0.040132978727843
10 0.031942046496344
10 0.046947917047691
10 0.060092048112419
10 0.044576814844840
10 0.025557728137824
10 0.063457853808607
10 0.040605084138765
10 0.056534290470425
10 0.042113629179874
10 0.043853738982749
10 0.022262400425660
10 0.027893284138952
10 0.067098925350737
10 0.043179926831986
10 0.042486491527329
10 0.060517018679170
10 0.030924020401007
10 0.041099632835334
10 0.040890971465440
10 0.041909498192140
10 0.049834036770532
10 0.068802673019096
10 0.036865130311650
10 0.036857927297467
10 0.045987303302331
10 0.027354628418605
10 0.035648435577063
10 0.069919217427931
10 0.044533633387662
10 0.023774694307941
10 0.037416421985017
10 0.054392081960734
10 0.054193349197338
10 0.029826044638182
10 0.042494733859112
10 0.043813692142029
10 0.033832202197668
10 0.081933468746016
10 0.044194546298101
10 0.037234302189598
10 0.038801628808695
10 0.055976725102601
10 0.041267546397142
10 0.047581896784580
10 0.026347772308785
10 0.053291781156852
10 0.039818289117688
10 0.039146615474777
10 0.048818356550907
10 0.040077906766378
10 0.043859219360679
10 0.052530909373689
10 0.033064439694070
10 0.022159006209360
10 0.076268400711116
10 0.053263356279958
10 0.024508540574113
10 0.076441642769607
10 0.027778445436749
10 0.039367771532378
10 0.075999051265158
10 0.036138731182713
10 0.035102272299984
10 0.044129820140506
10 0.031964883273520
10 0.062347366591778
10 0.040338400023639
10 0.031796136121505
10 0.040630732450970
10 0.032778308442878
10 0.046057463939697
10 0.049048546694934
10 0.030679253337675
10 0.099395806035954
10 0.077320663889649
10 0.038535245401355
10 0.032752239883148
10 0.038044363026438
10 0.052536000767559
10 0.038152774442234
10 0.027929895284660
10 0.040858456095351
10 0.044524507813880
10 0.051694728854457
10 0.039877478644658
10 0.036562904464317
10 0.058995881670257
10 0.066377012069784
10 0.046254256819407
10 0.096095179425917
10 0.034350449068256
10 0.030398195001902
10 0.025581957829626
10 0.044659653434236
10 0.039962242974164
10 0.034027101042295
10 0.050756867270509
10 0.026257084274096
10 0.036877212300505
10 0.042957852117210
10 0.052556495975074
10 0.069616947488510
10 0.042802033977135
10 0.048502799808410
10 0.085642312916854
10 0.068353911674485
10 0.041072610469000
10 0.028659398536229
10 0.043319468600496
10 0.038220001720954
10 0.037049910648604
10 0.030805297881708
10 0.044633267504680
10 0.039217794316765
10 0.079221919589603
10 0.014663935043696
10 0.030428499863151
10 0.028417179267016
10 0.042323406630373
10 0.099431017044959
10 0.042644329318565
10 0.034268495280815
10 0.037792509062536
10 0.028607898696380
10 0.050146693604100
10 0.045689488824240
10 0.024240395062982
10 0.030018020297135
10 0.053808025076727
10 0.018360478683332
10 0.032062623727620
10 0.038376270618183
10 0.062391006166986
10 0.050998443468025
10 0.050068432403448
10 0.046971287852287
10 0.042486748518360
10 0.047746482780812
10 0.072203017936795
10 0.049062398748692
10 0.052943960115786
10 0.051727171947423
10 0.039356114046027
10 0.047247247019825
10 0.035053843579436
10 0.054506995040176
10 0.048198270312516
10 0.020550458214069
10 0.033553371035080
10 0.043640507248704
10 0.023975414261350
10 0.032052116921927
10 0.040548867036011
10 0.047380281370012
10 0.054454456605593
10 0.039178407688413
10 0.051112037083862
10 0.026909609795186
10 0.021904487886527
10 0.042719147276436
10 0.032858618321839
10 0.028222930163910
10 0.030735882566479
10 0.041945676857150
10 0.046035972494206
10 0.035461443265839
10 0.041020414882321
10 0.050334454042253
10 0.034747313444771
10 0.027080797417526
10 0.038968589139717
10 0.037849388798912
10 0.039415092256670
10 0.060739031130741
10 0.051527078882969
10 0.041690643029391
10 0.040898664068610
10 0.074645079148535
10 0.039450708989282
10 0.051863494826772
10 0.035754719408275
10 0.038954387647404
10 0.064145117211045
10 0.067400062003297
10 0.028151879555653
10 0.035217633486426
10 0.069812294469185
10 0.055691230944103
10 0.032817971125612
10 0.064848425655727
10 0.036741376850708
10 0.024663369236966
10 0.041258656953394
10 0.033665695301894
10 0.051943887861333
10 0.017426324745625
10 0.032235404698986
10 0.048717879937332
10 0.088453421449638
10 0.044948522173395
10 0.078271336714574
10 0.039798909759902
10 0.076647536568184
10 0.030248443480288
10 0.080017762507344
10 0.032593745623179
10 0.038442161978231
10 0.043486097186966
10 0.046954639291136
10 0.050496842417663
10 0.044445139224742
10 0.046076602518700
10 0.053023561671379
10 0.034467288212350
10 0.064757478852214
10 0.023628046658482
10 0.053770019070884
10 0.043773457829389
10 0.027448229739164
10 0.040942431270300
10 0.039549898013141
10 0.025601747715607
10 0.078525765108397
10 0.041705815618751
10 0.045015739472980
10 0.034950575876207
10 0.028347347390944
10 0.021127584009789
10 0.046922557546615
10 0.035784856276283
10 0.041939146127630
10 0.013397030406599
10 0.070888537254259
10 0.070253561074716
10 0.036601378060349
10 0.060320746515452
10 0.045157928445788
10 0.052095709395259
10 0.043093065364764
10 0.072019311295406
10 0.022345469141911
10 0.027100075024520
10 0.025240788222876
10 0.030533525372317
10 0.024761838570630
10 0.024402308435808
10 0.045709909010339
10 0.059507271181045
10 0.044336950974139
10 0.036816650611375
10 0.041947224462659
10 0.047910637108395
10 0.027493934627176
10 0.015357947360959
10 0.053054478802386
10 0.029985055073881
10 0.042268870494049
10 0.041553540313172
10 0.029365814474049
10 0.047860859319152
10 0.026809374636094
10 0.055411594221865
10 0.035976942835840
10 0.025205860516545
10 0.026166753869942
10 0.034253239387697
10 0.056654296160014
10 0.051615491072639
10 0.026968193806150
10 0.052645262731073
10 0.040304105711013
10 0.050983931063293
16 0.439696814417083
16 0.332420828834128
16 0.297574932265969
16 0.224610958532365
16 0.213880107935561
16 0.228619439278572
16 0.154228507546637
16 0.368490142516412
16 0.215872030161688
16 0.432569872984773
16 0.312523067639508
16 0.367041323027131
16 0.280337463520744
16 0.295332736775176
16 0.305368536355226
16 0.184407986180450
16 0.189635926793859
16 0.207192932017290
16 0.288302691879673
16 0.110117719974337
16 0.184565551212599
16 0.211799824352953
16 0.167784756886943
16 0.234438789781729
16 0.313719307079756
16 0.176895728549741
16 0.246733760161129
16 0.182420183072601
16 0.143391232180327
16 0.216683888106006
16 0.485962598961258
16 0.419422885395421
16 0.216334760503960
16 0.160896652872720
16 0.176880537848124
16 0.223720572077894
16 0.337076785032150
16 0.266540217410563
16 0.319036264329410
16 0.215390517905061
16 0.162077882258796
16 0.170583021643787
16 0.279863024680598
16 0.334893381069860
16 0.207767113300364
16 0.136526795645448
16 0.210059391345389
16 0.197284684169767
16 0.143734368205724
16 0.128887625309589
16 0.123216867645400
16 0.199280277585511
16 0.214766972481347
16 0.178461382331097
16 0.290608264780052
16 0.204126286634861
16 0.319026440679675
16 0.277345808891049
16 0.189791546380584
16 0.193854680347865
16 0.190320502361264
16 0.247415055438760
16 0.183139503949659
16 0.268367127506366
16 0.282815392548072
16 0.322893904509661
16 0.222102213035457
16 0.321896819035661
16 0.144466491736803
16 0.205357592558231
16 0.184516707972224
16 0.277530556680884
16 0.207610070164286
16 0.211354779972982
16 0.154276946707636
16 0.374321060910874
16 0.254697042054996
16 0.350653421546424
16 0.206455717132748
16 0.224573549932723
16 0.148112997335819
16 0.237446179059639
16 0.270614584654529
16 0.160804991680644
16 0.182113547207976
16 0.197031352462942
16 0.386513518307166
16 0.246763427617200
16 0.374125136454896
16 0.212196966435771
16 0.163222054670850
16 0.162141146774033
16 0.256910234857872
16 0.225288820266737
16 0.172655943728300
16 0.149106426613646
16 0.273523244744132
16 0.473938016085703
16 0.221478559280740
16 0.228657713165415
16 0.123216867645400
16 0.199280277585511
16 0.214766972481347
16 0.178461382331097
16 0.290608264780052
16 0.204126286634861
16 0.319026440679675
16 0.277345808891049
16 0.189791546380584
16 0.193854680347865
16 0.190320502361264
16 0.247415055438760
16 0.183139503949659
16 0.268367127506366
16 0.282815392548072
16 0.322893904509661
16 0.222102213035457
16 0.321896819035661
16 0.144466491736803
16 0.205357592558231
16 0.184516707972224
16 0.277530556680884
16 0.207610070164286
16 0.211354779972982
16 0.154276946707636
16 0.374321060910874
16 0.254697042054996
16 0.350653421546424
16 0.206455717132748
16 0.224573549932723
16 0.148112997335819
16 0.237446179059639
16 0.270614584654529
16 0.160804991680644
16 0.182113547207976
16 0.197031352462942
16 0.386513518307166
16 0.246763427617200
16 0.374125136454896
16 0.212196966435771
16 0.163222054670850
16 0.162141146774033
16 0.256910234857872
16 0.225288820266737
16 0.172655943728300
16 0.149106426613646
16 0.273523244744132
16 0.473938016085703
16 0.221478559280740
16 0.228657713165415
16 0.123216867645400
16 0.199280277585511
16 0.214766972481347
16 0.178461382331097
16 0.290608264780052
16 0.204126286634861
16 0.319026440679675
16 0.277345808891049
16 0.189791546380584
16 0.193854680347865
16 0.190320502361264
16 0.247415055438760
16 0.183139503949659
16 0.268367127506366
16 0.282815392548072
16 0.322893904509661
16 0.222102213035457
16 0.321896819035661
16 0.144466491736803
16 0.205357592558231
16 0.184516707972224
16 0.277530556680884
16 0.207610070164286
16 0.211354779972982
16 0.154276946707636
16 0.374321060910874
16 0.254697042054996
16 0.350653421546424
16 0.206455717132748
16 0.224573549932723
16 0.148112997335819
16 0.237446179059639
16 0.270614584654529
16 0.160804991680644
16 0.182113547207976
16 0.197031352462942
16 0.386513518307166
16 0.246763427617200
16 0.374125136454896
16 0.212196966435771
16 0.163222054670850
16 0.162141146774033
16 0.256910234857872
16 0.225288820266737
16 0.172655943728300
16 0.149106426613646
16 0.273523244744132
16 0.473938016085703
16 0.221478559280740
16 0.228657713165415
16 0.123216867645400
16 0.199280277585511
16 0.214766972481347
16 0.178461382331097
16 0.290608264780052
16 0.204126286634861
16 0.319026440679675
16 0.277345808891049
16 0.189791546380584
16 0.193854680347865
16 0.190320502361264
16 0.247415055438760
16 0.183139503949659
16 0.268367127506366
16 0.282815392548072
16 0.322893904509661
16 0.222102213035457
16 0.321896819035661
16 0.144466491736803
16 0.205357592558231
16 0.184516707972224
16 0.277530556680884
16 0.207610070164286
16 0.211354779972982
16 0.154276946707636
16 0.374321060910874
16 0.254697042054996
16 0.350653421546424
16 0.206455717132748
16 0.224573549932723
16 0.148112997335819
16 0.237446179059639
16 0.270614584654529
16 0.160804991680644
16 0.182113547207976
16 0.197031352462942
16 0.386513518307166
16 0.246763427617200
16 0.374125136454896
16 0.212196966435771
16 0.163222054670850
16 0.162141146774033
16 0.256910234857872
16 0.225288820266737
16 0.172655943728300
16 0.149106426613646
16 0.273523244744132
16 0.473938016085703
16 0.221478559280740
16 0.228657713165415
16 0.120374133683631
16 0.265667514198404
16 0.210611187087628
16 0.337868922064505
16 0.149697606819824
16 0.263467340752287
16 0.196638179616362
16 0.289464578263911
16 0.378175966398928
16 0.382593995393976
16 0.244948373266047
16 0.251289186163023
16 0.209302441031977
16 0.205315262443835
16 0.202924854128845
16 0.271792879832587
16 0.207273197699544
16 0.146490471780928
16 0.228585565909055
16 0.280866789358452
16 0.145448020712939
16 0.230256689693655
16 0.475596093919246
16 0.207654654685219
16 0.202575345806675
16 0.245155076024970
16 0.230792796791834
16 0.221336706650639
16 0.153160218443172
16 0.228240098264172
16 0.282713061325519
16 0.200524440972350
16 0.187901378179447
16 0.268023489844316
16 0.120278346394308
16 0.295498276893365
16 0.189241155944339
16 0.150112153211821
16 0.131916476418412
16 0.217790495341748
16 0.232902585542674
16 0.116227117636331
16 0.217212522934721
16 0.214649794692304
16 0.256872526152834
16 0.234347058468172
16 0.303431229070892
16 0.173885526999919
16 0.242674575802377
16 0.114943199104526
16 0.213195227429664
16 0.251640786762250
16 0.280386574409940
16 0.354164186364233
16 0.339551010244089
16 0.240303186510842
16 0.214068091684129
16 0.157990799091905
16 0.305681294482754
16 0.322654589302407
16 0.129282901072673
16 0.281605745584296
16 0.197347546658095
16 0.234945772250529
16 0.168050334952576
16 0.322551310370276
16 0.303882974423199
16 0.174762466394072
16 0.186117855382829
16 0.214450767877318
16 0.249797767615938
16 0.236656811115624
16 0.285263794063344
16 0.218666401702794
16 0.275246338391138
16 0.254693182404161
16 0.263789906508505
16 0.244243742460311
16 0.206673812807962
16 0.253598063246777
16 0.243386959194327
16 0.209331046438003
16 0.193704978357785
16 0.349594630552485
16 0.142425570127906
16 0.174224012180775
16 0.358035641368338
16 0.158960221238280
16 0.177146069738423
16 0.245769606183565
16 0.221162378590010
16 0.183061041744525
16 0.265877287769994
16 0.308577426351230
16 0.285174615837601
16 0.293486384701839
16 0.333682049174205
16 0.166479951607470
16 0.141805978958738
16 0.191014125340547
16 0.305590196289587
16 0.152984403450771
16 0.209147011539708
16 0.232212282769417
16 0.145795829527316
16 0.363267422080701
16 0.338253850754194
16 0.241540377486570
16 0.373862862827009
16 0.222599192612735
16 0.234275116577022
16 0.255084630843800
16 0.113184015602033
16 0.343132870737581
16 0.218768053655226
16 0.203619396976276
16 0.272410496483226
16 0.274940650099909
16 0.161985454773425
16 0.168963243259038
16 0.215405762706462
16 0.236272218232960
16 0.196666652741676
16 0.134515013746805
16 0.272873718565839
16 0.377772434095882
16 0.179255888583289
16 0.135191047379832
16 0.324856948332553
16 0.105524817406394
16 0.197866290456375
16 0.319297432411574
16 0.385100992450037
16 0.209538551873853
16 0.136235217011242
16 0.249693069135373
16 0.162782433939581
16 0.435656888226756
16 0.444814217433064
16 0.142595031438800
16 0.384320171250856
16 0.213379834366575
16 0.197760008507035
16 0.329212134716906
16 0.105521970259502
16 0.202787537871783
16 0.247913616223073
16 0.187712927705396
16 0.314432691651102
16 0.137073640937867
16 0.175091667263973
16 0.162841029703445
16 0.339211679706032
16 0.226547658294725
16 0.176852355566224
16 0.263176950337957
16 0.169188334608179
16 0.162398134579472
16 0.329364637237899
16 0.223722357402752
16 0.232115365166986
16 0.129642986439333
16 0.234864892006789
16 0.279394534002182
16 0.375039182178541
16 0.286377574462608
16 0.137586342136169
16 0.174898950200419
16 0.144283210223512
16 0.170154314852027
16 0.123631204639023
16 0.281387292772289
16 0.177942853195939
16 0.132087004528559
16 0.263138529074704
16 0.216602440750430
16 0.295376089587138
16 0.195250007205543
16 0.140614512475194
16 0.156336369152966
16 0.241734691155695
16 0.383615973191206
16 0.189996508804495
16 0.235355439953272
16 0.194638296224699
16 0.287608026040964
16 0.263592180591079
16 0.262441691058323
16 0.288781846855254
16 0.234414945884587
16 0.140377166271620
16 0.369233277151058
16 0.159562036429974
16 0.180226755896174
16 0.129329045073156
16 0.176957911968913
16 0.284220302845744
16 0.350755738920034
16 0.165152908484103
16 0.186971040259794
16 0.198322025040299
16 0.211237828634748
16 0.150825724960712
16 0.250525250842338
16 0.242932500443819
16 0.246469530991597
16 0.212782722925850
16 0.247349516801700
16 0.190829024295368
16 0.144849951477823
16 0.223028235241560
16 0.192353559709980
16 0.195867841127631
16 0.232482628689731
16 0.185179536824722
16 0.339982509840083
16 0.203139563386375
16 0.307216313728312
16 0.164454693799154
16 0.119571466849332
16 0.161386136209826
16 0.289854894196655
16 0.240729714110341
16 0.157861004070326
16 0.130607726320645
16 0.234751707517610
16 0.169752230136499
16 0.286062205591876
16 0.383904882758942
16 0.111406852500321
16 0.312370300035928
16 0.172544251935683
16 0.178878382592954
16 0.143742547133602
16 0.114693721045992
16 0.218340524215742
16 0.348729762813689
16 0.281745491058644
16 0.323651149364450
16 0.306814331587018
16 0.179576609362459
16 0.336845275734664
16 0.200463129940714
16 0.263976921914267
16 0.175928654651153
16 0.241287101782317
16 0.117802399994823
16 0.138964806914816
16 0.098179035669126
16 0.114359765347126
22 0.817220939391102
22 0.419432071251524
22 0.825242559654624
22 0.535790421386482
22 0.404253235313716
22 0.680162916007305
22 0.539349980876571
22 0.980909278647476
22 0.550954601874131
22 0.463039458240546
22 0.454743327663408
22 0.377437965630540
22 0.572600370663458
22 0.591097877878186
22 0.546484901269887
22 0.424300688798711
22 0.867582000796545
22 0.387456507050723
22 0.707055403150075
22 0.725331317701041
22 0.737399225976310
22 0.566577571499276
22 1.087612324680597
22 0.472490025319748
22 0.497663300430720
22 0.933876223709535
22 0.879382542799208
22 0.721327029181095
22 0.402642220778199
22 0.711786785636165
22 0.476932407608793
22 0.690932980918281
22 0.470765547881640
22 0.824677409199792
22 0.685481896266414
22 0.531588784069070
22 0.464068796345265
22 0.715333854975685
22 0.408841631574263
22 0.980155196640455
22 0.487724764366756
22 0.453456238160642
22 0.561097838572838
22 0.492143350666702
22 0.671022681819477
22 0.993926265398565
22 0.776004114177153
22 0.815073699295148
22 0.728717835038101
22 0.500030201663964
22 0.749859193623288
22 0.518052543275119
22 1.238934447772220
22 0.642803646432387
22 0.374075580078872
22 0.541144182852809
22 0.524303989381143
22 0.736940786380958
22 0.676946228807402
22 0.670979411067541
22 0.415989512647197
22 0.599506999390954
22 0.589424122601357
22 0.993601377787455
22 0.697406179180985
22 0.756989697445831
22 0.397356268753229
22 0.736112099610338
22 1.239225746764897
22 0.718867007385692
22 0.351604226172789
22 0.971772344556434
22 0.933447449632303
22 0.677851218143688
22 0.649422249299340
22 0.558025785523084
22 0.733028570449494
22 0.705595225740728
22 1.184155883315034
22 0.674214736164985
22 0.489041339756468
22 0.601281799745397
22 0.694529440223676
22 0.430904107991525
22 1.082775724704998
22 0.733734408951556
22 0.552618689963690
22 0.705959156649312
22 0.758704006842557
22 0.487939925205664
22 0.803055742085919
22 0.524621570013415
22 0.825672102561491
22 0.484203181714411
22 0.656767947852775
22 0.666678552556519
22 0.420890640581955
22 1.250868794099127
22 1.036895302880694
22 0.870791359241712
22 0.417641816030682
22 0.640888812640675
22 0.713603084809724
22 0.794217161362474
22 0.546979016756485
22 0.686199710449708
22 0.413845575216652
22 0.325332855096500
22 1.021427275724532
22 1.065953810238702
22 0.497749623743421
22 0.874957164077876
22 1.343301492977102
22 0.770095684711860
22 0.771487030346316
22 0.343915557328900
22 0.679232152238042
22 0.821608999166047
22 0.679145228360651
22 0.738758386599911
22 0.755635667418840
22 0.504971712046215
22 0.470281138285041
22 0.495086549581670
22 0.504247676732974
22 0.738342540015385
22 0.460393846028637
22 0.760015960520262
22 1.458862008513720
22 0.737880358502481
22 0.631120443633777
22 0.791021546015418
22 0.624612716698916
22 0.728313844459914
22 0.803918180385234
22 0.709391970811378
22 0.360231606259865
22 0.304383895552692
22 0.443464640780268
22 0.509278912499400
22 0.370127409631354
22 0.711476990572268
22 1.188526599998581
22 0.897476280769009
22 0.735867176190442
22 0.993201869226683
22 0.780421221875298
22 0.497700740249786
22 0.468360483280942
22 0.698645706721309
22 0.678551900485947
22 0.907221358936912
22 1.012766311373335
22 0.477897049073085
22 0.479107818406696
22 0.457824711285942
22 0.782040600301610
22 1.342741364021361
22 0.484427723886153
22 0.682195434689963
22 0.949921354076537
22 0.702376650331176
22 0.258670888712637
22 0.780776029072048
22 1.666505547236473
22 1.190925503137222
22 0.617899633372158
22 0.966237107483267
22 0.594014382166736
22 0.828390258726897
22 0.536601020738852
22 0.414252429212757
22 0.663749908293387
22 0.642199755831100
22 0.616071192360550
22 0.365182236272389
22 0.722329674647130
22 1.085549784473145
22 0.770776017179598
22 0.788321241370335
22 0.351810337785696
22 0.726428051451025
22 0.743478116278505
22 0.438277621299203
22 0.693422326108257
22 0.396167817948833
22 0.485007324456240
22 0.777524216952723
22 0.762133606941912
22 0.479356224268013
22 1.124056754718697
22 0.763795442977194
22 0.774748948872149
22 0.698344144067077
22 0.534561802434060
22 1.028207578509253
22 0.842411134135301
22 0.528296870471681
22 0.768724406690193
22 0.440981498540507
22 0.410870624514422
22 0.574669591069950
22 0.482243101746699
22 0.625878634745623
22 1.167482821506743
22 0.319778783630305
22 0.482157566358370
22 1.260240777944929
22 0.432595949966421
22 0.735433920269016
22 0.557891808903546
22 0.786978985449366
22 0.491529557825319
22 0.702273453313086
22 0.567699612755916
22 1.057312546305338
22 0.623144720894664
22 0.482503030877192
22 0.497998786748984
22 0.691971941038923
22 0.686433986497536
22 0.674036783081265
22 0.392323256876235
22 0.984805501019372
22 0.938866252656798
22 0.518389225464269
22 0.459382302891765
22 0.601398280250176
22 1.129813677633811
22 0.641118267160314
22 0.904415102483551
22 0.780605252703888
22 0.787710435009191
22 0.845356412044473
22 0.329087405192591
22 0.826504435065029
22 0.400587539192715
22 0.992435082755758
22 0.543291610717338
22 0.574026258687141
22 0.631907117640806
22 0.786902287883842
22 0.882726034792551
22 0.712700307032232
22 0.641598302183540
22 0.682132412181580
22 1.192677264936205
22 0.837445550947322
22 0.428281407172918
22 0.289152861100725
22 0.407035206845215
22 0.338011011253778
22 0.401523828379565
22 0.867435571239541
22 0.442765257458102
22 1.040945058936950
22 0.372691921372091
22 0.570002699374992
22 0.546469452223717
22 0.531882442948697
22 0.574487096022654
22 0.978939827024645
22 1.135536658181525
22 0.509792393308498
22 0.366306972705471
22 0.653194635809246
22 0.328196972888705
22 0.362300256020601
22 0.520594449884059
22 0.798141635984887
22 0.607878361970079
22 0.417212614878839
22 0.359081919213452
22 0.508648528707011
22 0.877599277933475
22 0.505757986621126
22 0.335918575803810
22 0.404578528115283
22 0.627529642937668
22 0.609219418992604
22 0.434218316301476
22 0.602134460533948
22 0.881833484390756
22 0.662909011714105
22 0.549057358557266
22 0.439468069346781
22 0.774169459092398
22 0.491221396777957
22 0.502748883476565
22 0.781391989604589
22 0.818791916486658
22 0.786777550424529
22 0.500161588071326
22 0.671500776897978
22 0.424651068797470
22 0.932768648376145
22 0.641573525332107
22 0.746216328662969
22 0.860050321869137
22 0.553922418445228
22 0.982391795386431
22 0.782825389742149
22 0.546973403131746
22 0.751005351342472
22 0.668283021575786
22 0.583753879228324
22 0.570829942212312
22 0.810657428419346
22 0.485750377972487
22 0.521004678586945
22 0.672326842833519
22 0.839688171052852
22 0.605225099004086
22 0.624601994555928
22 0.894299511388612
22 0.399992158125491
22 0.440111599001029
22 0.617033056764655
22 0.479594167672895
22 0.699874246367024
22 0.487401206842216
22 0.873463535738463
22 0.459372606147304
22 0.913188286570842
22 0.692201575069934
22 0.711333098978988
22 0.639224768971724
22 0.677482182860146
22 0.705795808805097
22 0.467547245300342
22 0.639364279194377
22 1.113860347936608
22 0.438159986959630
22 0.780317386328476
22 1.182577179589284
22 0.720824461980176
22 1.028987229721300
22 0.461742114717017
22 0.633528361264719
22 0.996308093635179
22 0.823383663206133
22 0.855392572319366
22 0.594931854423407
22 0.735040749327900
22 0.489615722692696
22 0.432646238912857
22 0.814336651519210
22 0.549089574282517
22 0.660041472967954
22 0.507719309030395
22 0.581174570651362
22 0.563708171520902
22 1.175163276032161
22 0.486516642151096
22 0.479913505387493
22 0.558980254193346
22 0.821433111224652
22 0.562097670563994
22 0.396111763800039
22 0.381939446436776
22 1.040977406752452
22 0.641242686943501
22 0.689497063106400
22 0.690868100469185
22 0.529232324412150
22 0.449988096984876
22 0.642996986514080
22 0.486051386585554
22 0.325843599398856
22 0.877859812056601
22 0.589111490778211
22 0.676417233646250
22 0.532240712275083
22 0.951147077542256
22 0.553026793762665
22 0.252892369185401
22 0.556163277295628
22 0.974952326978592
22 0.567854669610745
22 0.556913492472770
22 1.152639802254211
22 0.591477774585244
22 0.350991788275523
22 0.568474199050852
22 0.604824336288163
22 0.726543836773752
22 0.625133560806995
22 0.755291308278492
22 0.641713177174194
22 1.086492923968222
22 0.487518989734149
22 0.699615354180039
22 0.342242697476464
22 0.665931725267695
22 0.698410594638787
22 0.375913003926385
22 0.572128395249691
22 0.569299800653715
22 1.063725024026082
22 0.848770587627919
22 0.528986162303023
22 0.744824889843888
22 1.083429627024527
22 0.991073431502165
22 0.568392122749986
22 0.837790571545982
22 0.383654988396649
22 1.091084964553292
22 0.348499387942365
22 0.491166479758606
22 0.632920934270013
22 0.467149415880811
22 0.545948137505446
22 0.556289752458940
22 1.265354037210908
22 0.411439103592641
22 0.675886019608120
22 0.725667923996612
22 0.951297044346695
22 0.435665389477096
22 0.440950417033475
22 0.493147837303135
22 0.706272666338746
22 0.535943851900158
22 1.005991970158255
22 0.423830618205974
22 0.590707222378067
22 0.653132932595436
22 0.422569563631106
22 0.713889623019559
22 0.843576668699800
22 0.713351667978136
22 0.883843247822791
22 0.330857026652219
22 0.437688970486969
22 0.591178231386034
22 0.696124967937980
22 0.831167674529853
22 0.450667950287226
22 0.364378480090160
22 0.552879516744526
22 0.410007917410767
22 0.451352374129939
22 0.867902759184376
22 0.705147463355070
22 0.552300888627396
22 1.160092588388159
22 0.441815414628923
22 0.638669849024007
22 0.849435383437888
22 0.478495312786447
22 0.525468237425929
22 0.647383167652298
22 0.341269120929893
22 0.880683327750512
22 0.582512294378702
22 0.422921715625565
22 0.555048636454945
22 0.578172972907119
22 0.575759605963110
22 0.597347481346845
22 0.615539794592136
22 0.501039885612724
22 0.877351260533743
22 0.824876831062530
22 0.595443604926600
22 0.684683896703899
22 0.755267235737608
22 0.682363984778803
22 1.017638612469222
22 0.711807196383578
22 0.591401670110332
22 0.340287048961547
22 0.486930616779973
22 0.923287332775511
22 0.721573073246789
22 0.523430649097265
22 0.480434208407341
22 0.854702954206731
22 0.783068699654192
22 0.614396733014034
22 0.431337177228047
22 0.447725734321991
22 0.470922364716547
22 1.344492274436105
22 0.795246440383656
22 0.570072463154969
22 0.620654775215401
22 0.456355744272783
22 1.071651437524123
22 0.588291901855756
22 0.679566503816533
22 0.348445931144097
22 0.427658438115256
22 0.807496909498025
22 0.406100228263147
22 0.442873261552874
22 0.398157631651824
22 0.559471271616315
22 0.686058323307536
28 1.229529224512957
28 1.132347431141254
28 1.430102747619319
28 2.150190758088274
28 2.054605867711929
28 1.460747218840049
28 0.802600450820103
28 1.124061396502459
28 1.167379910862864
28 1.290907325834610
28 1.367325917559809
28 0.936402352269865
28 1.066575476924794
28 1.212997913111921
28 1.642066607108057
28 1.809036416421138
28 1.602039530828454
28 0.968379556865956
28 0.877784793036805
28 1.847799347307625
28 1.257857966425205
28 1.043694894824538
28 1.122312274157234
28 0.679947698583332
28 1.186611090234794
28 1.127821527362064
28 0.880458811724782
28 1.638073441394742
28 1.729743982001439
28 1.049938626520271
28 0.959305375578651
28 1.045604297707044
28 1.238906758715975
28 0.947682019505764
28 2.009743299347196
28 0.700900178333407
28 1.116691622829206
28 1.083370076966019
28 1.692069330932889
28 1.218000634320181
28 1.375798603004430
28 1.270320667491766
28 1.189789545924163
28 1.588291691892022
28 1.527919551476746
28 0.915171240963165
28 0.896837905109243
28 0.824778326477491
28 0.994031840470143
28 1.832180412431616
28 0.851890442066458
28 1.069109857191680
28 1.625927613675573
28 1.207994140427779
28 0.952045314605995
28 1.938558105913938
28 0.627914306097533
28 1.343161490265341
28 1.523919048936392
28 2.116646893681786
28 0.937916248919703
28 0.752452913761622
28 1.367801836349260
28 1.937562913404802
28 1.363593632485674
28 0.643589092809171
28 1.281355824929815
28 1.876603782046913
28 1.314458208270902
28 0.797229210199253
28 1.860415054592717
28 1.473309255819118
28 2.842522072384634
28 1.805694931488506
28 0.868017799062135
28 1.218188222404109
28 1.632217125752894
28 0.892445981280498
28 0.815737430218711
28 1.030506972196933
28 0.903880268773731
28 0.846045259724707
28 1.055969700059208
28 1.615978579830663
28 0.662070994068317
28 0.792488098609589
28 1.280035322778556
28 1.286297957319293
28 1.946194791671669
28 1.327386284967985
28 0.879974028051928
28 1.068998149948507
28 1.362198917971400
28 0.835197638369756
28 1.661106586946169
28 1.256398090993870
28 1.433817736531346
28 1.023965345663800
28 1.042796691130128
28 1.040667115982299
28 1.235126595811940
28 1.636206207193301
28 1.288791521930830
28 0.899992746305474
28 1.760967450883268
28 1.119342215478840
28 0.634488888400032
28 1.334257428359638
28 1.108781285825529
28 1.405916757201963
28 1.785316623239718
28 0.682968840337725
28 1.579834371149814
28 1.042052468168865
28 1.645193445392652
28 1.266709578733439
28 2.074761186187589
28 0.687018397531492
28 1.194320510716416
28 1.643813714913627
28 0.808341362699894
28 1.922984272928781
28 1.196990326076449
28 1.005521281035302
28 1.543081865301811
28 1.088255436155267
28 1.272972273937301
28 1.882814202343662
28 1.293000509832682
28 2.179889935202024
28 1.425329291086200
28 1.194211377029361
28 0.896313340159985
28 0.639467725833601
28 2.061700489446376
28 2.488633094725579
28 1.167807540203485
28 1.286768190277412
28 1.557275057181650
28 0.769533329381407
28 0.866808280161115
28 1.241072236067268
28 1.620781691795051
28 1.613673822197374
28 0.981542983393718
28 1.185268996486702
28 2.349849017676481
28 1.330627085401977
28 2.912504376575769
28 0.865687374408552
28 1.271538478927734
28 0.923059935426354
28 2.051534536185766
28 1.852070818557512
28 1.010739675860061
28 0.840851632519005
28 2.253248346103103
28 0.762994085206598
28 0.917403398477953
28 0.742940373012799
28 1.264227039405023
28 1.616820344160123
28 1.363719062441963
28 1.322240600469422
28 1.442709384789238
28 1.172525602995251
28 1.157428927119427
28 1.399590955682256
28 2.593633535980454
28 1.119232046868829
28 1.083495722752420
28 1.176834453503134
28 1.083997718565894
28 1.062227852905339
28 0.997562491206788
28 0.620597799558041
28 1.137464733855088
28 1.019921480629755
28 1.201708812219911
28 0.859322592266776
28 0.942212586555361
28 1.044601307708070
28 1.256849273079415
28 2.322334209120331
28 1.727992878039877
28 1.462693866481698
28 1.510626107964233
28 1.446196765703729
28 1.044850509246192
28 1.311604826883804
28 1.215441467168991
28 1.571370220989853
28 1.059048135699140
28 1.124221848106893
28 0.567957940280646
28 1.382292838687035
28 0.754160194415841
28 1.579944793729902
28 1.188284204964541
28 1.425503005990814
28 2.368155632654640
28 0.898369262402500
28 1.096361685466247
28 0.793483600363518
28 1.184365559946889
28 1.817605908439955
28 0.965843814149283
28 1.432994803958327
28 2.011492304477766
28 1.989655279817339
28 1.776298267706844
28 1.186970379940543
28 1.266069609476636
28 1.864884336117288
28 0.771012140662356
28 1.402638755636804
28 1.273955133769675
28 0.812376083335632
28 1.269679289749642
28 0.925702450607925
28 1.173463275999237
28 0.916088938269085
28 0.896361439950446
28 0.711996688387878
28 1.418954976515934
28 0.685773596972997
28 1.925488581090889
28 0.951314603563183
28 1.718402092425474
28 1.572781140171440
28 1.513623939901695
28 0.847955472577314
28 1.070413484632016
28 0.938845630251870
28 0.922562300379953
28 1.322673475849350
28 0.741556443660360
28 1.125203671566744
28 1.532030203695765
28 1.229379142275442
28 0.830606683645860
28 0.764564793386875
28 1.361797104126288
28 0.711003514749131
28 0.973744544590151
28 1.889890204892642
28 0.689963729787701
28 1.139306950020160
28 1.259515126948419
28 0.685061583977904
28 1.067594434090601
28 0.747894915854010
28 1.896886820693477
28 0.686967358313161
28 2.032988116457985
28 0.764664150648986
28 0.556716225686242
28 0.901425980283403
28 1.173902344833173
28 2.273726583856290
28 0.912895649975162
28 1.290641054397219
28 1.981776501350334
28 1.184576543910659
28 2.201948522754328
28 1.321179571032073
28 1.612833671624396
28 1.391861247024237
28 1.821237629545384
28 1.182478651990669
28 1.420641006997253
28 0.716406449378325
28 0.923150828029047
28 1.140587233567676
28 1.098760165544647
28 1.434043938206623
28 1.390301890779191
28 0.708990032114410
28 1.125558644595499
28 1.494546100501256
28 1.257096340069211
28 1.100879754762285
28 0.961288356202139
28 1.082041449824807
28 1.313948953059146
28 1.485664897811090
28 0.866939137560554
28 1.214253074407117
28 1.752753907220090
28 0.992803388359047
28 1.800261632483462
28 2.629708103451437
28 1.560055348566208
28 1.302834503029866
28 1.248598807818318
28 0.974355430026506
28 1.504054225533386
28 1.242406738949541
28 1.697111340985548
28 1.772051709729923
28 0.986258568936880
28 1.194459381913402
28 0.908634066751256
28 1.143435072733285
28 2.608678809163617
28 2.444883882410010
28 0.740135090600929
28 1.029774245883563
28 2.015173203623409
28 2.188898055776220
28 1.500407862847853
28 1.287628278532081
28 0.998132711999356
28 1.149886460178279
28 1.489575907321486
28 1.176214411810858
28 0.748901143358983
28 1.013303274052567
28 0.917897418787032
28 1.504810457225950
28 1.265085718494113
28 1.487776051315433
28 1.164213469494288
28 0.805796916741354
28 1.358839814903063
28 0.611826662667481
28 2.011710318664941
28 0.746131034121730
28 1.673052614606739
28 1.225448256624226
28 0.878595640101104
28 1.728421024885173
28 1.460600310083320
28 1.783204599034327
28 1.277133120287100
28 0.728122159130703
28 2.160911733282555
28 1.515306886754517
28 1.309585930603644
28 1.401924617394082
28 1.052241078929574
28 0.867182485935999
28 1.137955783015214
28 1.061796763625163
28 1.200917656891928
28 0.866595523606976
28 1.582219959327125
28 1.594511971587357
28 1.004181456983392
28 0.738720689744180
28 0.941571005687945
28 1.215071641622548
28 0.744267326094662
28 1.661808972685926
28 1.323231952431809
28 0.928256527860808
28 1.169116321066783
28 1.926325616797445
28 1.195607336140398
28 0.837716267235216
28 0.884953522585219
28 0.966628701710837
28 1.275215003906967
28 1.338890264846803
28 0.772663523227085
28 1.404152207671051
28 1.761180090921981
28 1.255351783320984
28 1.098511807889657
28 0.807881589596919
28 1.439260336350276
28 0.834042664738116
28 0.776125360984103
28 0.608003999996824
28 1.509466192701499
28 1.977420245927953
28 0.909500894896245
28 1.001445766770041
28 1.302823067647840
28 1.422226893138881
28 1.431942588272169
28 0.763573125915538
28 1.199876386950266
28 0.897723458437505
28 1.349350706696145
28 0.977582698639388
28 0.688763711965534
28 1.194326792788845
28 1.214586642374526
28 0.740040305629696
28 1.081333991920575
28 1.405311648964935
28 1.639988408722640
28 2.135099721078665
28 1.245429782179103
28 2.131912318046395
28 1.546678672877587
28 2.127918757837135
28 0.919022109214882
28 1.418345762208612
28 1.318383865841025
28 1.272946202373753
28 1.066331733143159
28 1.615029904488527
28 0.970610790976496
28 1.550754714958547
28 1.264531760770510
28 0.755992470223194
28 1.071721478418160
28 1.880353812765458
28 1.461878636339315
28 1.156032640983375
28 0.719407089295482
28 1.094404957446931
28 1.054328443964696
28 1.280901186328972
28 1.173702910372821
28 0.771076791212217
28 0.892632027290868
28 0.699499691320970
28 0.973713047320167
28 1.360089343483688
28 1.905849568942894
28 1.631873573069324
28 1.275966476368270
28 0.934221975593312
28 0.558496400933933
28 1.068271816731893
28 1.817181237957365
28 2.352465463284767
28 1.276342904805822
28 1.688539188539433
28 1.655732092045532
28 1.142741315865702
28 1.052587888956761
28 1.587356499098560
28 1.380843453395364
28 1.917713840707439
28 1.444284993489948
28 1.555117249306134
28 0.951749453937414
28 1.172468240425391
28 1.415461921680028
28 0.659035729834167
28 1.819060303266815
28 0.831052729396578
28 2.498067998963714
28 1.360022770831235
28 1.400888398065053
28 1.374533898759496
28 1.250119181594949
28 1.228921537900217
28 1.117346040810459
28 0.932399609378603
28 1.062971204933308
28 0.804998484245956
28 1.157245551510484
28 1.311131197236951
28 1.130146136901094
28 0.674772853998734
28 1.019905190551657
28 1.919594441423866
28 1.342347815114358
28 1.784864616452666
28 0.539639962327509
28 1.174646984594337
28 0.994885825015480
28 1.089579244364454
28 1.493862073847230
28 1.230063817325771
28 1.147440278918672
28 1.552407296368601
28 1.356848374288814
28 0.732427804397053
28 0.889504244429577
28 1.152327152642117
28 0.613024982438904
28 0.867162060236571
28 1.207549760941121
28 0.719772427735952
28 1.195009937161288
28 0.773228029455329
28 0.725802654214425
28 1.244506704765818
28 1.543498717505822
28 1.298025754191933
28 0.959700876047837
28 1.546855465850664
28 1.242873007996609
28 1.103300858938386
28 0.656047594590732
28 1.151769129502093
28 0.735980075861167
28 1.746902229012563
28 0.916916128342193
28 0.769878129063346
28 1.631533797441633
28 0.994655417940506
28 2.283362631615467
28 1.875709982758038
34 1.421420383385290
34 1.399955010943591
34 2.429114101258703
34 2.365541075357568
34 1.701278145776482
34 1.720020023211244
34 1.417637211758056
34 1.211875147906061
34 1.103760141411655
34 1.843249870323310
34 0.963006910806027
34 1.097835708981346
34 1.373808291775369
34 2.120038150841506
34 1.381416003160123
34 1.807921923446945
34 1.486680228474892
34 1.209515584981089
34 1.374996045482033
34 1.525289550036433
34 1.084408336902124
34 1.822590005309659
34 2.036648132260479
34 1.794129128922055
34 1.260606511343921
34 0.991720535363935
34 1.761476431782491
34 0.964178734565048
34 1.200100951149618
34 1.438038837586265
34 1.771299087877150
34 0.889791949935526
34 2.218383356494514
34 2.060099002220368
34 1.691925036235320
34 1.459062271053390
34 1.215835774485190
34 1.779501319650420
34 0.895712041866123
34 1.254973277582559
34 1.417315480405929
34 1.010168663448035
34 1.406486357743251
34 1.996353768755150
34 1.094504745314494
34 1.544965489842183
34 1.620544289013723
34 1.574517192819608
34 1.033387352922496
34 1.634954415902667
34 0.542470069894802
34 1.297136488585731
34 1.886591578055537
34 1.697447318621164
34 1.586601614892797
34 1.151643715146821
34 1.569970208446851
34 3.810822142420556
34 1.175211865538483
34 1.749716855947146
34 1.790564862693880
34 0.980587914734846
34 3.271674212472665
34 1.949563742267742
34 1.257289979147578
34 1.816278337243110
34 1.879148689439395
34 2.054237297289654
34 1.352546777719765
34 1.842670691323521
34 1.655093242167910
34 0.788622843327353
34 2.396966325615889
34 1.934684229725553
34 1.266755358862333
34 1.697236917691225
34 3.217954384666722
34 1.053905084959061
34 2.180213249986870
34 1.224955854803583
34 1.300574927811711
34 2.052645645727333
34 1.504182295810529
34 1.184133067365778
34 1.675417834801059
34 1.099000641954342
34 2.326243561018694
34 1.990118939221870
34 2.193408011105240
34 3.192437719321259
34 2.223726747735853
34 0.980240652795389
34 1.622743065247300
34 1.990131774389762
34 3.521274892558753
34 1.846181182961888
34 1.293793747373483
34 1.081613904948150
34 1.623418050648981
34 3.083045283128983
34 2.022835768374984
34 1.451412279115699
34 1.918836114463651
34 1.329500463377016
34 1.463724069315187
34 2.322693632123333
34 2.147371222185461
34 1.784803783711577
34 1.077832270515993
34 1.833684103863069
34 1.362951425341548
34 1.131672380701194
34 3.560924221823632
34 1.580099603156360
34 1.128449191983843
34 0.898058451265317
34 1.224231802361581
34 2.243682493181606
34 1.796441616090980
34 1.014565596478578
34 2.668085092055343
34 2.241467164350885
34 1.426443388522062
34 2.046580837940348
34 1.373385713999657
34 2.231785697537574
34 1.119783518686471
34 1.323407484642948
34 2.212238938526453
34 1.664029837254883
34 1.169238828621007
34 1.757679905283580
34 1.327847346508497
34 2.366369915076944
34 2.133786883450841
34 2.233524913709188
34 1.328823821163763
34 1.166360302785174
34 1.979608128637620
34 2.487416794270305
34 2.617172755885631
34 1.556241121754988
34 1.714187529440141
34 1.950614309056514
34 3.871747238067768
34 1.647136428027215
34 2.322586384527636
34 1.450824543851365
34 1.929559212041112
34 1.335296583608364
34 2.084876136980547
34 1.011431479602033
34 2.117668239629409
34 1.383868241299257
34 1.538008329633122
34 1.585960590443174
34 2.118985611043480
34 2.105048713560500
34 2.006694561874898
34 1.735837574355540
34 2.401829722580186
34 1.598767833041665
34 2.098148498802376
34 2.389324391326402
34 1.802222215989072
34 2.964961961109652
34 1.628825061350494
34 2.495984708080570
34 1.207770698956724
34 1.628904174065108
34 1.232624115091249
34 2.309773609253472
34 0.864604964514105
34 1.663594638367074
34 1.953043652722610
34 1.662207732530791
34 1.677950887862359
34 1.473387319458959
34 0.701237356344627
34 2.191693151310688
34 1.470188292669055
34 1.476059532235876
34 1.457214119203989
34 1.547926408349950
34 1.701513993705762
34 1.766618187337715
34 1.696553055450143
34 1.486378120263464
34 2.213898060319743
34 1.703504789533457
34 2.993235981026659
34 3.871623774018822
34 1.936877040844010
34 1.143681184145986
34 1.562545618705197
34 1.610223989512830
34 2.052480458472107
34 1.875910001393883
34 1.008993061033546
34 2.405226142061611
34 2.084876136980547
34 1.011431479602033
34 2.117668239629409
34 1.383868241299257
34 1.538008329633122
34 1.585960590443174
34 2.118985611043480
34 2.105048713560500
34 2.006694561874898
34 1.735837574355540
34 2.401829722580186
34 1.598767833041665
34 2.098148498802376
34 2.389324391326402
34 1.802222215989072
34 2.964961961109652
34 1.628825061350494
34 2.495984708080570
34 1.207770698956724
34 1.628904174065108
34 1.232624115091249
34 2.309773609253472
34 0.864604964514105
34 1.663594638367074
34 1.953043652722610
34 1.662207732530791
34 1.677950887862359
34 1.473387319458959
34 0.701237356344627
34 2.191693151310688
34 1.470188292669055
34 1.476059532235876
34 1.457214119203989
34 1.547926408349950
34 1.701513993705762
34 1.766618187337715
34 1.696553055450143
34 1.486378120263464
34 2.213898060319743
34 1.703504789533457
34 2.993235981026659
34 3.871623774018822
34 1.936877040844010
34 1.143681184145986
34 1.562545618705197
34 1.610223989512830
34 2.052480458472107
34 1.875910001393883
34 1.008993061033546
34 2.405226142061611
34 1.906343777025554
34 2.332701435035980
34 1.749341137117912
34 1.078644621771176
34 0.960464261132826
34 1.408687305379519
34 1.048322154880782
34 1.590720456995186
34 1.558530655195356
34 1.429565581943425
34 1.023382448344687
34 1.947019974149524
34 1.357197415324770
34 2.181317882298342
34 1.735856244815667
34 1.990302466962549
34 1.479071218475110
34 1.027351062743679
34 1.221051891454615
34 2.098679181206431
34 0.857381431187664
34 2.706682265509826
34 1.546831804192878
34 1.133059810160916
34 0.906730505513842
34 1.263528885675057
34 1.568249398324578
34 0.771328434121901
34 1.368697583293738
34 1.746624066816372
34 0.978949779082586
34 1.535094965400278
34 2.409654051671315
34 3.259987779395382
34 1.985192326031306
34 1.754654887894404
34 2.428411207361151
34 1.560322333593928
34 1.488792816299243
34 1.848860926356047
34 0.975591589526653
34 1.625012347704593
34 1.209055944755357
34 2.319009271894966
34 2.524656171824442
34 2.275508021468178
34 1.753626019561647
34 1.517494006768199
34 1.734318395947533
34 1.687218275148598
34 1.129703568222294
34 1.464926709915401
34 2.567135369215602
34 1.236659454967132
34 1.409655742811664
34 1.452158097553707
34 1.217993818090156
34 1.612087178190920
34 2.913111121313507
34 0.848448889927295
34 2.557998783518247
34 0.833799408490743
34 1.044338814650861
34 1.268193882244741
34 2.233943114788836
34 1.260074697002132
34 1.207396927804693
34 1.321542710588190
34 2.293141340355523
34 1.606249316542062
34 1.757353560157606
34 2.286805074930786
34 1.375910278606218
34 1.354182137997912
34 1.980579312201539
34 1.473130689226509
34 2.477049445579044
34 2.383918308504151
34 1.667126004667163
34 2.063847485659933
34 1.482970411736029
34 1.822532146607326
34 1.253116666196225
34 1.659906796765510
34 1.571733767826509
34 1.935863682215516
34 1.311251726473135
34 2.166601498447199
34 2.090917699011960
34 1.250817300267772
34 1.919325591599065
34 2.258508067285329
34 1.604685570903057
34 2.199263101580083
34 2.463789281733707
34 1.426223600850408
34 2.066391798260684
34 2.316554021258076
34 1.800171068703721
34 1.264719413328932
34 0.970893052273350
34 2.052241111533282
34 0.856998407333902
34 1.002112444222237
34 2.174987147085465
34 1.185553866218703
34 1.237586846736413
34 1.205670336159130
34 1.202420446297509
34 1.758111381551046
34 1.028270604100551
34 1.618165322523174
34 1.013678023553127
34 0.978920090082701
34 2.118513849374542
34 1.357217450259568
34 1.788733604046661
34 2.612364322332162
34 2.347298772421738
34 1.356776279372021
34 2.050713104560280
34 1.074477900537450
34 1.453621382948673
34 1.247943718704298
34 2.063740164464163
34 1.677294099736348
34 0.929665977872100
34 1.479243937864356
34 1.745391434678342
34 1.227948886223101
34 1.007495325155118
34 1.724033888319836
34 2.279561393113970
34 1.759585669759453
34 1.777267115194362
34 2.401758766084598
34 1.963095860248403
34 1.225855211392626
34 1.046468919169987
34 0.899139909296468
34 1.546340332282758
34 1.788823617224576
34 2.563716538816903
34 1.593026269733606
34 1.313082675793746
34 1.555973615962648
34 1.224444792491898
34 1.734535954052539
34 1.835947587238617
34 1.835596008480443
34 1.325394193410398
34 1.362134751403453
34 1.970477471926741
34 0.910598082276752
34 1.466332066806980
34 1.437203820051300
34 3.613768649168294
34 1.605882366333979
34 0.999588806307252
34 0.894873655730430
34 1.876266843177108
34 2.647209594023042
34 0.990660786922953
34 3.635100208440149
34 1.588912738212449
34 1.863451379376225
34 2.602715204130097
34 1.140192965724842
34 3.279997212031371
34 1.971342607617570
34 0.969339322761983
34 1.294803232993826
34 1.407263847503311
34 1.467829337521234
34 1.552967465946601
34 1.821015687803976
34 1.454697045022177
34 1.928746783317616
34 1.568832175800790
34 1.179727749279774
34 0.849619778799259
34 1.732136657325683
34 1.681386939621506
34 1.136832404544522
34 1.214277430573825
34 1.316810485956077
34 1.863827622868587
34 2.241324870686266
34 1.213025324267168
34 1.048281192732450
34 1.096488348328177
34 1.029116145718990
34 1.429975719917292
34 1.824346451037137
34 1.050564992836942
34 1.819982527089739
34 2.207952485322098
34 2.388138460784812
34 2.449958193154922
34 1.819730897725661
34 1.360433203556606
34 2.443110704057270
34 1.172530070868811
34 1.821094705157143
34 0.880120041123691
34 1.079610174021890
34 1.790663645659853
34 2.399393738110836
34 1.270508190995522
34 1.561837499843291
34 1.367608274990206
34 1.274862006297329
34 1.014754332551961
34 1.351919636150869
34 1.975963663548038
34 2.358794742950298
34 1.722150636559390
34 1.142469303254145
34 1.024994464315260
34 1.653800919872215
34 1.189411848450273
34 2.005908530104707
34 2.333109826078278
34 2.709415386924243
34 1.572023248639528
34 2.151346790762893
34 1.759229377064027
34 1.179308164120900
34 1.972908550655128
34 1.663638491052624
34 1.905723022967544
34 2.322348433583943
34 1.122340186232089
34 1.484117545835424
34 2.494223670798821
34 1.094993079625644
34 0.776338229405751
34 1.146904559190105
34 1.642710599687925
34 1.091728509706930
34 1.659356212562488
34 2.180565251764182
34 2.593977677774729
34 1.169255478331523
34 1.351120193602865
34 0.987576347978816
34 1.450973116605263
34 0.916564589982962
34 0.874473029556492
34 1.898004391459664
