200 0.0825255737
300 0.0159933027
400 0.0046904841
500 0.0017130364
600 0.0007297531
700 0.0003547537
800 0.0001859734
900 0.0001031069
1000 0.0000605471
1100 0.0000373582
1200 0.0000232702
1300 0.0000150578
1400 0.0000099366
1500 0.0000067792
1600 0.0000046985
1700 0.0000032596
1800 0.0000023390
1900 0.0000016865
2000 0.0000012229
2100 0.0000009010
2200 0.0000006636
2300 0.0000004937
2400 0.0000003705
2500 0.0000002795
2600 0.0000002128
2700 0.0000001635
2800 0.0000001239
2900 0.0000000982
3000 0.0000000752
3100 0.0000000582
3200 0.0000000457
3300 0.0000000355
3400 0.0000000282
3500 0.0000000220
3600 0.0000000174
3700 0.0000000139
3800 0.0000000108
3900 0.0000000086
4000 0.0000000069
4100 0.0000000055
4200 0.0000000043
4300 0.0000000034
4400 0.0000000028
4500 0.0000000022
4600 0.0000000018
4700 0.0000000014
4800 0.0000000011
4900 0.0000000009
5000 0.0000000007
