200.000000 45.7100000000 
220.000000 33.2200000000 
240.000000 25.5300000000 
260.000000 19.6200000000 
280.000000 15.4500000000 
300.000000 12.2600000000 
320.000000 9.8960000000 
340.000000 8.0240000000 
360.000000 6.5100000000 
380.000000 5.3220000000 
400.000000 4.5150000000 
420.000000 3.7370000000 
440.000000 3.1890000000 
460.000000 2.6890000000 
480.000000 2.2820000000 
500.000000 1.9300000000 
520.000000 1.7030000000 
540.000000 1.4570000000 
560.000000 1.2570000000 
580.000000 1.1020000000 
600.000000 0.9795000000 
620.000000 0.8623000000 
640.000000 0.7549000000 
660.000000 0.6748000000 
680.000000 0.6026000000 
700.000000 0.5392000000 
720.000000 0.4805000000 
740.000000 0.4319000000 
760.000000 0.3820000000 
780.000000 0.3507000000 
800.000000 0.3152000000 
820.000000 0.2824000000 
840.000000 0.2594000000 
860.000000 0.2349000000 
880.000000 0.2129000000 
900.000000 0.1951000000 
920.000000 0.1800000000 
940.000000 0.1620000000 
960.000000 0.1506000000 
980.000000 0.1368000000 
1000.000000 0.1258000000 
1020.000000 0.1159000000 
1040.000000 0.1049000000 
1060.000000 0.0994100000 
1080.000000 0.0909900000 
1100.000000 0.0831900000 
1120.000000 0.0775100000 
1140.000000 0.0710200000 
1160.000000 0.0658500000 
1180.000000 0.0618300000 
1200.000000 0.0572500000 
1220.000000 0.0529900000 
1240.000000 0.0492700000 
1260.000000 0.0458800000 
1280.000000 0.0427600000 
1300.000000 0.0400500000 
1320.000000 0.0372100000 
1340.000000 0.0347300000 
1360.000000 0.0325100000 
1380.000000 0.0304500000 
1400.000000 0.0285900000 
1420.000000 0.0265900000 
1440.000000 0.0251900000 
1460.000000 0.0231700000 
1480.000000 0.0220700000 
1500.000000 0.0203300000 
1520.000000 0.0194300000 
1540.000000 0.0182900000 
1560.000000 0.0171000000 
1580.000000 0.0159900000 
1600.000000 0.0152200000 
1620.000000 0.0142400000 
1640.000000 0.0133400000 
1660.000000 0.0125700000 
1680.000000 0.0118500000 
1700.000000 0.0112000000 
1720.000000 0.0105600000 
1740.000000 0.0100100000 
1760.000000 0.0094260000 
1780.000000 0.0088850000 
1800.000000 0.0085040000 
1820.000000 0.0079420000 
1840.000000 0.0075210000 
1860.000000 0.0070900000 
1880.000000 0.0066220000 
1900.000000 0.0062980000 
1920.000000 0.0060680000 
1940.000000 0.0057620000 
1960.000000 0.0054120000 
1980.000000 0.0051770000 
2000.000000 0.0048610000 
2020.000000 0.0046280000 
2040.000000 0.0043830000 
2060.000000 0.0041600000 
2080.000000 0.0038830000 
2100.000000 0.0037330000 
2120.000000 0.0035580000 
2140.000000 0.0033720000 
2160.000000 0.0032010000 
2180.000000 0.0030430000 
2200.000000 0.0028930000 
2220.000000 0.0027230000 
2240.000000 0.0026230000 
2260.000000 0.0024850000 
2280.000000 0.0023620000 
2300.000000 0.0022530000 
2320.000000 0.0021490000 
2340.000000 0.0020480000 
2360.000000 0.0019570000 
2380.000000 0.0018490000 
2400.000000 0.0017550000 
2420.000000 0.0016690000 
2440.000000 0.0016170000 
2460.000000 0.0015310000 
2480.000000 0.0014520000 
2500.000000 0.0013970000 
2520.000000 0.0013300000 
2540.000000 0.0012580000 
2560.000000 0.0012100000 
2580.000000 0.0011530000 
2600.000000 0.0010940000 
2620.000000 0.0010390000 
2640.000000 0.0009918000 
2660.000000 0.0009476000 
2680.000000 0.0009147000 
2700.000000 0.0008714000 
2720.000000 0.0008230000 
2740.000000 0.0008015000 
2760.000000 0.0007671000 
2780.000000 0.0007353000 
2800.000000 0.0006995000 
2820.000000 0.0006635000 
2840.000000 0.0006338000 
2860.000000 0.0006007000 
2880.000000 0.0005719000 
2900.000000 0.0005539000 
2920.000000 0.0005293000 
2940.000000 0.0004979000 
2960.000000 0.0004900000 
2980.000000 0.0004617000 
3000.000000 0.0004467000 
3020.000000 0.0004214000 
3040.000000 0.0004037000 
3060.000000 0.0003901000 
3080.000000 0.0003692000 
3100.000000 0.0003533000 
3120.000000 0.0003385000 
3140.000000 0.0003251000 
3160.000000 0.0003084000 
3180.000000 0.0002978000 
3200.000000 0.0002836000 
3220.000000 0.0002709000 
3240.000000 0.0002604000 
3260.000000 0.0002532000 
3280.000000 0.0002380000 
3300.000000 0.0002287000 
3320.000000 0.0002213000 
3340.000000 0.0002126000 
3360.000000 0.0002012000 
3380.000000 0.0001925000 
3400.000000 0.0001872000 
3420.000000 0.0001783000 
3440.000000 0.0001709000 
3460.000000 0.0001632000 
3480.000000 0.0001556000 
3500.000000 0.0001501000 
3520.000000 0.0001435000 
3540.000000 0.0001388000 
3560.000000 0.0001320000 
3580.000000 0.0001255000 
3600.000000 0.0001195000 
3620.000000 0.0001172000 
3640.000000 0.0001128000 
3660.000000 0.0001080000 
3680.000000 0.0001026000 
3700.000000 0.0000980100 
3720.000000 0.0000941600 
3740.000000 0.0000899800 
3760.000000 0.0000863800 
3780.000000 0.0000838300 
3800.000000 0.0000798300 
3820.000000 0.0000775900 
3840.000000 0.0000733300 
3860.000000 0.0000704400 
3880.000000 0.0000676400 
3900.000000 0.0000653300 
3920.000000 0.0000614800 
3940.000000 0.0000590800 
3960.000000 0.0000570100 
3980.000000 0.0000546400 
4000.000000 0.0000529100 
4020.000000 0.0000504200 
4040.000000 0.0000486600 
4060.000000 0.0000467900 
4080.000000 0.0000447700 
4100.000000 0.0000428200 
4120.000000 0.0000410400 
4140.000000 0.0000396200 
4160.000000 0.0000380300 
4180.000000 0.0000364900 
4200.000000 0.0000346200 
4220.000000 0.0000334300 
4240.000000 0.0000319500 
4260.000000 0.0000308200 
4280.000000 0.0000298600 
4300.000000 0.0000279800 
4320.000000 0.0000271300 
4340.000000 0.0000259800 
4360.000000 0.0000249600 
4380.000000 0.0000238800 
4400.000000 0.0000229100 
4420.000000 0.0000223900 
4440.000000 0.0000210900 
4460.000000 0.0000202600 
4480.000000 0.0000198600 
4500.000000 0.0000188500 
4520.000000 0.0000182600 
4540.000000 0.0000172500 
4560.000000 0.0000167300 
4580.000000 0.0000160400 
4600.000000 0.0000154300 
4620.000000 0.0000146200 
4640.000000 0.0000140500 
4660.000000 0.0000135400 
4680.000000 0.0000130300 
4700.000000 0.0000125500 
4720.000000 0.0000119100 
4740.000000 0.0000114700 
4760.000000 0.0000109100 
4780.000000 0.0000105500 
4800.000000 0.0000100100 
4820.000000 0.0000097980 
4840.000000 0.0000093990 
4860.000000 0.0000090330 
4880.000000 0.0000086690 
4900.000000 0.0000082160 
4920.000000 0.0000079620 
4940.000000 0.0000075820 
4960.000000 0.0000073960 
4980.000000 0.0000070310 
5000.000000 0.0000067020 
