200.000000 39.0100000000 
220.000000 28.9000000000 
240.000000 21.8600000000 
260.000000 16.8000000000 
280.000000 13.1100000000 
300.000000 10.4100000000 
320.000000 8.4510000000 
340.000000 6.8800000000 
360.000000 5.5680000000 
380.000000 4.6290000000 
400.000000 3.8430000000 
420.000000 3.2170000000 
440.000000 2.7080000000 
460.000000 2.3170000000 
480.000000 1.9800000000 
500.000000 1.6950000000 
520.000000 1.4530000000 
540.000000 1.2660000000 
560.000000 1.1070000000 
580.000000 0.9653000000 
600.000000 0.8410000000 
620.000000 0.7526000000 
640.000000 0.6622000000 
660.000000 0.5929000000 
680.000000 0.5246000000 
700.000000 0.4743000000 
720.000000 0.4192000000 
740.000000 0.3756000000 
760.000000 0.3357000000 
780.000000 0.3055000000 
800.000000 0.2774000000 
820.000000 0.2497000000 
840.000000 0.2249000000 
860.000000 0.2054000000 
880.000000 0.1893000000 
900.000000 0.1712000000 
920.000000 0.1560000000 
940.000000 0.1441000000 
960.000000 0.1310000000 
980.000000 0.1204000000 
1000.000000 0.1111000000 
1020.000000 0.1021000000 
1040.000000 0.0935700000 
1060.000000 0.0861700000 
1080.000000 0.0795900000 
1100.000000 0.0731000000 
1120.000000 0.0678600000 
1140.000000 0.0639000000 
1160.000000 0.0585000000 
1180.000000 0.0538200000 
1200.000000 0.0508100000 
1220.000000 0.0467900000 
1240.000000 0.0439100000 
1260.000000 0.0405900000 
1280.000000 0.0378400000 
1300.000000 0.0355500000 
1320.000000 0.0326500000 
1340.000000 0.0306800000 
1360.000000 0.0286400000 
1380.000000 0.0265900000 
1400.000000 0.0251100000 
1420.000000 0.0235000000 
1440.000000 0.0216600000 
1460.000000 0.0205500000 
1480.000000 0.0193700000 
1500.000000 0.0183900000 
1520.000000 0.0170200000 
1540.000000 0.0158600000 
1560.000000 0.0150500000 
1580.000000 0.0141700000 
1600.000000 0.0131800000 
1620.000000 0.0125400000 
1640.000000 0.0118700000 
1660.000000 0.0111500000 
1680.000000 0.0104000000 
1700.000000 0.0098610000 
1720.000000 0.0092870000 
1740.000000 0.0086890000 
1760.000000 0.0082170000 
1780.000000 0.0078850000 
1800.000000 0.0074400000 
1820.000000 0.0069100000 
1840.000000 0.0066100000 
1860.000000 0.0062540000 
1880.000000 0.0058750000 
1900.000000 0.0056140000 
1920.000000 0.0052800000 
1940.000000 0.0050660000 
1960.000000 0.0047370000 
1980.000000 0.0044980000 
2000.000000 0.0042580000 
2020.000000 0.0039990000 
2040.000000 0.0037950000 
2060.000000 0.0036420000 
2080.000000 0.0034520000 
2100.000000 0.0032320000 
2120.000000 0.0030950000 
2140.000000 0.0029750000 
2160.000000 0.0028240000 
2180.000000 0.0026610000 
2200.000000 0.0025510000 
2220.000000 0.0024180000 
2240.000000 0.0023020000 
2260.000000 0.0021630000 
2280.000000 0.0020530000 
2300.000000 0.0019590000 
2320.000000 0.0018750000 
2340.000000 0.0017860000 
2360.000000 0.0016940000 
2380.000000 0.0016250000 
2400.000000 0.0015520000 
2420.000000 0.0014580000 
2440.000000 0.0013950000 
2460.000000 0.0013330000 
2480.000000 0.0012580000 
2500.000000 0.0012100000 
2520.000000 0.0011580000 
2540.000000 0.0010960000 
2560.000000 0.0010530000 
2580.000000 0.0010040000 
2600.000000 0.0009633000 
2620.000000 0.0009057000 
2640.000000 0.0008779000 
2660.000000 0.0008265000 
2680.000000 0.0007854000 
2700.000000 0.0007544000 
2720.000000 0.0007271000 
2740.000000 0.0006833000 
2760.000000 0.0006557000 
2780.000000 0.0006237000 
2800.000000 0.0005925000 
2820.000000 0.0005764000 
2840.000000 0.0005409000 
2860.000000 0.0005266000 
2880.000000 0.0004967000 
2900.000000 0.0004784000 
2920.000000 0.0004567000 
2940.000000 0.0004416000 
2960.000000 0.0004156000 
2980.000000 0.0004006000 
3000.000000 0.0003816000 
3020.000000 0.0003642000 
3040.000000 0.0003469000 
3060.000000 0.0003383000 
3080.000000 0.0003244000 
3100.000000 0.0003061000 
3120.000000 0.0002948000 
3140.000000 0.0002789000 
3160.000000 0.0002677000 
3180.000000 0.0002543000 
3200.000000 0.0002450000 
3220.000000 0.0002359000 
3240.000000 0.0002257000 
3260.000000 0.0002168000 
3280.000000 0.0002061000 
3300.000000 0.0001979000 
3320.000000 0.0001895000 
3340.000000 0.0001822000 
3360.000000 0.0001741000 
3380.000000 0.0001653000 
3400.000000 0.0001602000 
3420.000000 0.0001543000 
3440.000000 0.0001471000 
3460.000000 0.0001398000 
3480.000000 0.0001347000 
3500.000000 0.0001288000 
3520.000000 0.0001235000 
3540.000000 0.0001183000 
3560.000000 0.0001124000 
3580.000000 0.0001091000 
3600.000000 0.0001055000 
3620.000000 0.0000984100 
3640.000000 0.0000963100 
3660.000000 0.0000912100 
3680.000000 0.0000880500 
3700.000000 0.0000838800 
3720.000000 0.0000803500 
3740.000000 0.0000788000 
3760.000000 0.0000741800 
3780.000000 0.0000711500 
3800.000000 0.0000682100 
3820.000000 0.0000657600 
3840.000000 0.0000630100 
3860.000000 0.0000595400 
3880.000000 0.0000579200 
3900.000000 0.0000553100 
3920.000000 0.0000526500 
3940.000000 0.0000508400 
3960.000000 0.0000488900 
3980.000000 0.0000465700 
4000.000000 0.0000450500 
4020.000000 0.0000429700 
4040.000000 0.0000407100 
4060.000000 0.0000397500 
4080.000000 0.0000382200 
4100.000000 0.0000365800 
4120.000000 0.0000349700 
4140.000000 0.0000338500 
4160.000000 0.0000315800 
4180.000000 0.0000309100 
4200.000000 0.0000296000 
4220.000000 0.0000282500 
4240.000000 0.0000274500 
4260.000000 0.0000262700 
4280.000000 0.0000253000 
4300.000000 0.0000241300 
4320.000000 0.0000231600 
4340.000000 0.0000223300 
4360.000000 0.0000212800 
4380.000000 0.0000203600 
4400.000000 0.0000197500 
4420.000000 0.0000188800 
4440.000000 0.0000180500 
4460.000000 0.0000171100 
4480.000000 0.0000165800 
4500.000000 0.0000159000 
4520.000000 0.0000154900 
4540.000000 0.0000145100 
4560.000000 0.0000141200 
4580.000000 0.0000133900 
4600.000000 0.0000129300 
4620.000000 0.0000122400 
4640.000000 0.0000118000 
4660.000000 0.0000114000 
4680.000000 0.0000109800 
4700.000000 0.0000104800 
4720.000000 0.0000100600 
4740.000000 0.0000095910 
4760.000000 0.0000093100 
4780.000000 0.0000088870 
4800.000000 0.0000086180 
4820.000000 0.0000082570 
4840.000000 0.0000077720 
4860.000000 0.0000075740 
4880.000000 0.0000071790 
4900.000000 0.0000069630 
4920.000000 0.0000066540 
4940.000000 0.0000064540 
4960.000000 0.0000061570 
4980.000000 0.0000058880 
5000.000000 0.0000056610 
