200.000000 74.1900000000 
220.000000 54.1700000000 
240.000000 41.0100000000 
260.000000 31.4600000000 
280.000000 24.2800000000 
300.000000 19.4900000000 
320.000000 15.5100000000 
340.000000 12.6300000000 
360.000000 10.3800000000 
380.000000 8.5050000000 
400.000000 7.1430000000 
420.000000 6.0580000000 
440.000000 5.1340000000 
460.000000 4.3620000000 
480.000000 3.7030000000 
500.000000 3.2050000000 
520.000000 2.7440000000 
540.000000 2.4240000000 
560.000000 2.1130000000 
580.000000 1.8590000000 
600.000000 1.6190000000 
620.000000 1.4340000000 
640.000000 1.2730000000 
660.000000 1.1280000000 
680.000000 1.0110000000 
700.000000 0.9128000000 
720.000000 0.8082000000 
740.000000 0.7252000000 
760.000000 0.6564000000 
780.000000 0.5936000000 
800.000000 0.5390000000 
820.000000 0.4868000000 
840.000000 0.4414000000 
860.000000 0.3993000000 
880.000000 0.3624000000 
900.000000 0.3325000000 
920.000000 0.3041000000 
940.000000 0.2783000000 
960.000000 0.2529000000 
980.000000 0.2322000000 
1000.000000 0.2143000000 
1020.000000 0.1966000000 
1040.000000 0.1816000000 
1060.000000 0.1662000000 
1080.000000 0.1546000000 
1100.000000 0.1420000000 
1120.000000 0.1330000000 
1140.000000 0.1214000000 
1160.000000 0.1129000000 
1180.000000 0.1044000000 
1200.000000 0.0961700000 
1220.000000 0.0896600000 
1240.000000 0.0837200000 
1260.000000 0.0780700000 
1280.000000 0.0718400000 
1300.000000 0.0671400000 
1320.000000 0.0625300000 
1340.000000 0.0584000000 
1360.000000 0.0546800000 
1380.000000 0.0511700000 
1400.000000 0.0485300000 
1420.000000 0.0449800000 
1440.000000 0.0425100000 
1460.000000 0.0390300000 
1480.000000 0.0368300000 
1500.000000 0.0347600000 
1520.000000 0.0323300000 
1540.000000 0.0305100000 
1560.000000 0.0283700000 
1580.000000 0.0269700000 
1600.000000 0.0253500000 
1620.000000 0.0234100000 
1640.000000 0.0223200000 
1660.000000 0.0206600000 
1680.000000 0.0197800000 
1700.000000 0.0185700000 
1720.000000 0.0174600000 
1740.000000 0.0167200000 
1760.000000 0.0155500000 
1780.000000 0.0145800000 
1800.000000 0.0138200000 
1820.000000 0.0130200000 
1840.000000 0.0123000000 
1860.000000 0.0117500000 
1880.000000 0.0109100000 
1900.000000 0.0103900000 
1920.000000 0.0098200000 
1940.000000 0.0094040000 
1960.000000 0.0088330000 
1980.000000 0.0083740000 
2000.000000 0.0078770000 
2020.000000 0.0074600000 
2040.000000 0.0069670000 
2060.000000 0.0067290000 
2080.000000 0.0064410000 
2100.000000 0.0060390000 
2120.000000 0.0057080000 
2140.000000 0.0054040000 
2160.000000 0.0050790000 
2180.000000 0.0048820000 
2200.000000 0.0046190000 
2220.000000 0.0043330000 
2240.000000 0.0041460000 
2260.000000 0.0039280000 
2280.000000 0.0037710000 
2300.000000 0.0035520000 
2320.000000 0.0033940000 
2340.000000 0.0032140000 
2360.000000 0.0030390000 
2380.000000 0.0029240000 
2400.000000 0.0027720000 
2420.000000 0.0026270000 
2440.000000 0.0025090000 
2460.000000 0.0023840000 
2480.000000 0.0022480000 
2500.000000 0.0021720000 
2520.000000 0.0020680000 
2540.000000 0.0019740000 
2560.000000 0.0018900000 
2580.000000 0.0017700000 
2600.000000 0.0016950000 
2620.000000 0.0016000000 
2640.000000 0.0015220000 
2660.000000 0.0014530000 
2680.000000 0.0013770000 
2700.000000 0.0013340000 
2720.000000 0.0012690000 
2740.000000 0.0012050000 
2760.000000 0.0011420000 
2780.000000 0.0011040000 
2800.000000 0.0010560000 
2820.000000 0.0009945000 
2840.000000 0.0009398000 
2860.000000 0.0009083000 
2880.000000 0.0008750000 
2900.000000 0.0008300000 
2920.000000 0.0007878000 
2940.000000 0.0007647000 
2960.000000 0.0007199000 
2980.000000 0.0006860000 
3000.000000 0.0006509000 
3020.000000 0.0006206000 
3040.000000 0.0005943000 
3060.000000 0.0005649000 
3080.000000 0.0005420000 
3100.000000 0.0005240000 
3120.000000 0.0005007000 
3140.000000 0.0004738000 
3160.000000 0.0004560000 
3180.000000 0.0004317000 
3200.000000 0.0004151000 
3220.000000 0.0003919000 
3240.000000 0.0003697000 
3260.000000 0.0003567000 
3280.000000 0.0003436000 
3300.000000 0.0003306000 
3320.000000 0.0003124000 
3340.000000 0.0002995000 
3360.000000 0.0002869000 
3380.000000 0.0002738000 
3400.000000 0.0002625000 
3420.000000 0.0002506000 
3440.000000 0.0002398000 
3460.000000 0.0002297000 
3480.000000 0.0002209000 
3500.000000 0.0002078000 
3520.000000 0.0001999000 
3540.000000 0.0001907000 
3560.000000 0.0001844000 
3580.000000 0.0001747000 
3600.000000 0.0001674000 
3620.000000 0.0001605000 
3640.000000 0.0001522000 
3660.000000 0.0001459000 
3680.000000 0.0001394000 
3700.000000 0.0001337000 
3720.000000 0.0001281000 
3740.000000 0.0001227000 
3760.000000 0.0001178000 
3780.000000 0.0001117000 
3800.000000 0.0001088000 
3820.000000 0.0001046000 
3840.000000 0.0000980800 
3860.000000 0.0000939400 
3880.000000 0.0000895600 
3900.000000 0.0000863900 
3920.000000 0.0000827100 
3940.000000 0.0000789200 
3960.000000 0.0000752100 
3980.000000 0.0000728700 
4000.000000 0.0000694300 
4020.000000 0.0000662200 
4040.000000 0.0000632100 
4060.000000 0.0000600800 
4080.000000 0.0000584800 
4100.000000 0.0000558700 
4120.000000 0.0000530600 
4140.000000 0.0000508500 
4160.000000 0.0000482200 
4180.000000 0.0000469800 
4200.000000 0.0000450100 
4220.000000 0.0000427400 
4240.000000 0.0000402600 
4260.000000 0.0000391100 
4280.000000 0.0000370900 
4300.000000 0.0000359100 
4320.000000 0.0000341800 
4340.000000 0.0000327400 
4360.000000 0.0000312500 
4380.000000 0.0000298800 
4400.000000 0.0000289000 
4420.000000 0.0000279000 
4440.000000 0.0000261700 
4460.000000 0.0000253500 
4480.000000 0.0000242300 
4500.000000 0.0000232700 
4520.000000 0.0000223500 
4540.000000 0.0000214100 
4560.000000 0.0000204400 
4580.000000 0.0000194300 
4600.000000 0.0000187300 
4620.000000 0.0000177700 
4640.000000 0.0000171200 
4660.000000 0.0000164500 
4680.000000 0.0000158400 
4700.000000 0.0000149700 
4720.000000 0.0000143300 
4740.000000 0.0000137000 
4760.000000 0.0000131800 
4780.000000 0.0000125400 
4800.000000 0.0000120800 
4820.000000 0.0000115400 
4840.000000 0.0000109900 
4860.000000 0.0000106500 
4880.000000 0.0000101300 
4900.000000 0.0000097500 
4920.000000 0.0000093090 
4940.000000 0.0000088800 
4960.000000 0.0000084940 
4980.000000 0.0000081770 
5000.000000 0.0000078120 
