200 8.2741384506
300 1.5791978836
400 0.4597066939
500 0.1694995761
600 0.0731465220
700 0.0355223380
800 0.0185106285
900 0.0103868479
1000 0.0060264277
1100 0.0036480888
1200 0.0022886996
1300 0.0015179499
1400 0.0010035262
1500 0.0006817000
1600 0.0004716250
1700 0.0003271271
1800 0.0002332869
1900 0.0001676328
2000 0.0001226477
2100 0.0000893314
2200 0.0000657566
2300 0.0000494206
2400 0.0000366550
2500 0.0000280791
2600 0.0000213251
2700 0.0000165054
2800 0.0000125718
2900 0.0000096404
3000 0.0000075579
3100 0.0000058902
3200 0.0000045698
3300 0.0000035531
3400 0.0000028256
3500 0.0000021818
3600 0.0000017475
3700 0.0000013831
3800 0.0000010873
3900 0.0000008611
4000 0.0000006896
4100 0.0000005384
4200 0.0000004275
4300 0.0000003486
4400 0.0000002756
4500 0.0000002227
4600 0.0000001765
4700 0.0000001388
4800 0.0000001125
4900 0.0000000887
5000 0.0000000726
