200.000000 44.9300000000 
220.000000 33.3300000000 
240.000000 24.8700000000 
260.000000 19.1900000000 
280.000000 14.9500000000 
300.000000 11.8000000000 
320.000000 9.6920000000 
340.000000 7.8600000000 
360.000000 6.3030000000 
380.000000 5.2830000000 
400.000000 4.4150000000 
420.000000 3.7180000000 
440.000000 3.0990000000 
460.000000 2.6890000000 
480.000000 2.2750000000 
500.000000 1.9580000000 
520.000000 1.6920000000 
540.000000 1.4810000000 
560.000000 1.2780000000 
580.000000 1.1080000000 
600.000000 0.9921000000 
620.000000 0.8660000000 
640.000000 0.7644000000 
660.000000 0.6867000000 
680.000000 0.6107000000 
700.000000 0.5449000000 
720.000000 0.4911000000 
740.000000 0.4404000000 
760.000000 0.4020000000 
780.000000 0.3608000000 
800.000000 0.3234000000 
820.000000 0.2953000000 
840.000000 0.2673000000 
860.000000 0.2414000000 
880.000000 0.2219000000 
900.000000 0.1991000000 
920.000000 0.1825000000 
940.000000 0.1692000000 
960.000000 0.1555000000 
980.000000 0.1416000000 
1000.000000 0.1312000000 
1020.000000 0.1200000000 
1040.000000 0.1102000000 
1060.000000 0.1014000000 
1080.000000 0.0939800000 
1100.000000 0.0865700000 
1120.000000 0.0794000000 
1140.000000 0.0746700000 
1160.000000 0.0691100000 
1180.000000 0.0637000000 
1200.000000 0.0590400000 
1220.000000 0.0544800000 
1240.000000 0.0509800000 
1260.000000 0.0470000000 
1280.000000 0.0442600000 
1300.000000 0.0413200000 
1320.000000 0.0386500000 
1340.000000 0.0363200000 
1360.000000 0.0335300000 
1380.000000 0.0310000000 
1400.000000 0.0295200000 
1420.000000 0.0274600000 
1440.000000 0.0256700000 
1460.000000 0.0244000000 
1480.000000 0.0225000000 
1500.000000 0.0210600000 
1520.000000 0.0198200000 
1540.000000 0.0187000000 
1560.000000 0.0174900000 
1580.000000 0.0163500000 
1600.000000 0.0154600000 
1620.000000 0.0146200000 
1640.000000 0.0136000000 
1660.000000 0.0129900000 
1680.000000 0.0122100000 
1700.000000 0.0114400000 
1720.000000 0.0107500000 
1740.000000 0.0101700000 
1760.000000 0.0095490000 
1780.000000 0.0090780000 
1800.000000 0.0086140000 
1820.000000 0.0081310000 
1840.000000 0.0076410000 
1860.000000 0.0072670000 
1880.000000 0.0068520000 
1900.000000 0.0064710000 
1920.000000 0.0061630000 
1940.000000 0.0057980000 
1960.000000 0.0055230000 
1980.000000 0.0052020000 
2000.000000 0.0049110000 
2020.000000 0.0046990000 
2040.000000 0.0044630000 
2060.000000 0.0041680000 
2080.000000 0.0040070000 
2100.000000 0.0038060000 
2120.000000 0.0035850000 
2140.000000 0.0034250000 
2160.000000 0.0032060000 
2180.000000 0.0030930000 
2200.000000 0.0028870000 
2220.000000 0.0027620000 
2240.000000 0.0026240000 
2260.000000 0.0024810000 
2280.000000 0.0023490000 
2300.000000 0.0022670000 
2320.000000 0.0021380000 
2340.000000 0.0020550000 
2360.000000 0.0019690000 
2380.000000 0.0018590000 
2400.000000 0.0017660000 
2420.000000 0.0016950000 
2440.000000 0.0015970000 
2460.000000 0.0015090000 
2480.000000 0.0014570000 
2500.000000 0.0013840000 
2520.000000 0.0013140000 
2540.000000 0.0012630000 
2560.000000 0.0012030000 
2580.000000 0.0011300000 
2600.000000 0.0010990000 
2620.000000 0.0010340000 
2640.000000 0.0009986000 
2660.000000 0.0009322000 
2680.000000 0.0009096000 
2700.000000 0.0008591000 
2720.000000 0.0008242000 
2740.000000 0.0007902000 
2760.000000 0.0007460000 
2780.000000 0.0007064000 
2800.000000 0.0006777000 
2820.000000 0.0006476000 
2840.000000 0.0006211000 
2860.000000 0.0005933000 
2880.000000 0.0005612000 
2900.000000 0.0005392000 
2920.000000 0.0005198000 
2940.000000 0.0004959000 
2960.000000 0.0004660000 
2980.000000 0.0004469000 
3000.000000 0.0004292000 
3020.000000 0.0004112000 
3040.000000 0.0003965000 
3060.000000 0.0003753000 
3080.000000 0.0003570000 
3100.000000 0.0003435000 
3120.000000 0.0003293000 
3140.000000 0.0003153000 
3160.000000 0.0002956000 
3180.000000 0.0002875000 
3200.000000 0.0002742000 
3220.000000 0.0002621000 
3240.000000 0.0002510000 
3260.000000 0.0002396000 
3280.000000 0.0002305000 
3300.000000 0.0002223000 
3320.000000 0.0002104000 
3340.000000 0.0001992000 
3360.000000 0.0001919000 
3380.000000 0.0001835000 
3400.000000 0.0001758000 
3420.000000 0.0001691000 
3440.000000 0.0001637000 
3460.000000 0.0001554000 
3480.000000 0.0001489000 
3500.000000 0.0001424000 
3520.000000 0.0001351000 
3540.000000 0.0001314000 
3560.000000 0.0001252000 
3580.000000 0.0001209000 
3600.000000 0.0001152000 
3620.000000 0.0001092000 
3640.000000 0.0001056000 
3660.000000 0.0001011000 
3680.000000 0.0000963000 
3700.000000 0.0000912900 
3720.000000 0.0000880400 
3740.000000 0.0000841400 
3760.000000 0.0000809600 
3780.000000 0.0000775500 
3800.000000 0.0000751300 
3820.000000 0.0000714400 
3840.000000 0.0000690600 
3860.000000 0.0000662800 
3880.000000 0.0000628200 
3900.000000 0.0000600000 
3920.000000 0.0000575200 
3940.000000 0.0000551200 
3960.000000 0.0000536400 
3980.000000 0.0000505800 
4000.000000 0.0000493100 
4020.000000 0.0000468100 
4040.000000 0.0000450500 
4060.000000 0.0000422900 
4080.000000 0.0000408300 
4100.000000 0.0000395800 
4120.000000 0.0000381600 
4140.000000 0.0000364200 
4160.000000 0.0000348100 
4180.000000 0.0000331500 
4200.000000 0.0000317600 
4220.000000 0.0000305400 
4240.000000 0.0000294500 
4260.000000 0.0000279300 
4280.000000 0.0000270500 
4300.000000 0.0000259500 
4320.000000 0.0000246700 
4340.000000 0.0000239800 
4360.000000 0.0000228600 
4380.000000 0.0000217000 
4400.000000 0.0000210200 
4420.000000 0.0000202000 
4440.000000 0.0000191100 
4460.000000 0.0000184700 
4480.000000 0.0000176300 
4500.000000 0.0000168600 
4520.000000 0.0000162200 
4540.000000 0.0000155600 
4560.000000 0.0000149100 
4580.000000 0.0000143400 
4600.000000 0.0000136800 
4620.000000 0.0000132100 
4640.000000 0.0000127400 
4660.000000 0.0000122600 
4680.000000 0.0000116800 
4700.000000 0.0000111400 
4720.000000 0.0000106700 
4740.000000 0.0000102200 
4760.000000 0.0000098630 
4780.000000 0.0000094120 
4800.000000 0.0000090410 
4820.000000 0.0000085720 
4840.000000 0.0000083140 
4860.000000 0.0000079970 
4880.000000 0.0000076260 
4900.000000 0.0000072510 
4920.000000 0.0000070420 
4940.000000 0.0000067440 
4960.000000 0.0000064710 
4980.000000 0.0000061490 
5000.000000 0.0000059250 
