200 826.9636230469
300 159.1347808838
400 45.8272399902
500 16.8960018158
600 7.2870788574
700 3.5436170101
800 1.8562268019
900 1.0154078007
1000 0.6005015373
1100 0.3632561862
1200 0.2304128110
1300 0.1483982205
1400 0.0989189968
1500 0.0673907846
1600 0.0458533168
1700 0.0320622697
1800 0.0226760488
1900 0.0163447354
2000 0.0121578462
2100 0.0087973941
2200 0.0064967410
2300 0.0048844893
2400 0.0036764485
2500 0.0027530605
2600 0.0020925249
2700 0.0016103877
2800 0.0012374169
2900 0.0009425532
3000 0.0007309911
3100 0.0005741743
3200 0.0004435903
3300 0.0003479339
3400 0.0002752263
3500 0.0002161409
3600 0.0001702109
3700 0.0001340356
3800 0.0001069911
3900 0.0000847836
4000 0.0000663515
4100 0.0000528514
4200 0.0000418171
4300 0.0000330961
4400 0.0000267270
4500 0.0000215109
4600 0.0000169694
4700 0.0000136545
4800 0.0000108305
4900 0.0000086107
5000 0.0000000726
