200.000000 132.6000000000 
220.000000 97.1200000000 
240.000000 73.9200000000 
260.000000 56.4000000000 
280.000000 44.9500000000 
300.000000 35.3000000000 
320.000000 28.0600000000 
340.000000 23.2200000000 
360.000000 19.0500000000 
380.000000 15.6600000000 
400.000000 13.0100000000 
420.000000 10.8800000000 
440.000000 9.1500000000 
460.000000 7.7530000000 
480.000000 6.7090000000 
500.000000 5.7900000000 
520.000000 4.9820000000 
540.000000 4.2900000000 
560.000000 3.7940000000 
580.000000 3.3030000000 
600.000000 2.9090000000 
620.000000 2.5710000000 
640.000000 2.2650000000 
660.000000 2.0350000000 
680.000000 1.7980000000 
700.000000 1.6100000000 
720.000000 1.4510000000 
740.000000 1.3050000000 
760.000000 1.1610000000 
780.000000 1.0540000000 
800.000000 0.9488000000 
820.000000 0.8616000000 
840.000000 0.7770000000 
860.000000 0.7130000000 
880.000000 0.6602000000 
900.000000 0.5932000000 
920.000000 0.5352000000 
940.000000 0.4967000000 
960.000000 0.4539000000 
980.000000 0.4142000000 
1000.000000 0.3791000000 
1020.000000 0.3484000000 
1040.000000 0.3222000000 
1060.000000 0.2949000000 
1080.000000 0.2742000000 
1100.000000 0.2532000000 
1120.000000 0.2305000000 
1140.000000 0.2169000000 
1160.000000 0.2007000000 
1180.000000 0.1859000000 
1200.000000 0.1735000000 
1220.000000 0.1602000000 
1240.000000 0.1485000000 
1260.000000 0.1403000000 
1280.000000 0.1302000000 
1300.000000 0.1204000000 
1320.000000 0.1127000000 
1340.000000 0.1053000000 
1360.000000 0.0985700000 
1380.000000 0.0927900000 
1400.000000 0.0856600000 
1420.000000 0.0794000000 
1440.000000 0.0758900000 
1460.000000 0.0704800000 
1480.000000 0.0656400000 
1500.000000 0.0623100000 
1520.000000 0.0578000000 
1540.000000 0.0545100000 
1560.000000 0.0512200000 
1580.000000 0.0481600000 
1600.000000 0.0457700000 
1620.000000 0.0426900000 
1640.000000 0.0405300000 
1660.000000 0.0383400000 
1680.000000 0.0353000000 
1700.000000 0.0336000000 
1720.000000 0.0317800000 
1740.000000 0.0299700000 
1760.000000 0.0282400000 
1780.000000 0.0266200000 
1800.000000 0.0252900000 
1820.000000 0.0237900000 
1840.000000 0.0223700000 
1860.000000 0.0212200000 
1880.000000 0.0202500000 
1900.000000 0.0190100000 
1920.000000 0.0180000000 
1940.000000 0.0170800000 
1960.000000 0.0160500000 
1980.000000 0.0152800000 
2000.000000 0.0143800000 
2020.000000 0.0137000000 
2040.000000 0.0129800000 
2060.000000 0.0124000000 
2080.000000 0.0116500000 
2100.000000 0.0110700000 
2120.000000 0.0105400000 
2140.000000 0.0101200000 
2160.000000 0.0094180000 
2180.000000 0.0090560000 
2200.000000 0.0085640000 
2220.000000 0.0080740000 
2240.000000 0.0077400000 
2260.000000 0.0073040000 
2280.000000 0.0069750000 
2300.000000 0.0066860000 
2320.000000 0.0063910000 
2340.000000 0.0059820000 
2360.000000 0.0057490000 
2380.000000 0.0054280000 
2400.000000 0.0052090000 
2420.000000 0.0049560000 
2440.000000 0.0047400000 
2460.000000 0.0044860000 
2480.000000 0.0042450000 
2500.000000 0.0040460000 
2520.000000 0.0038610000 
2540.000000 0.0036910000 
2560.000000 0.0035120000 
2580.000000 0.0033630000 
2600.000000 0.0032020000 
2620.000000 0.0030340000 
2640.000000 0.0029060000 
2660.000000 0.0027880000 
2680.000000 0.0026400000 
2700.000000 0.0025490000 
2720.000000 0.0024250000 
2740.000000 0.0023020000 
2760.000000 0.0021870000 
2780.000000 0.0021000000 
2800.000000 0.0020100000 
2820.000000 0.0019050000 
2840.000000 0.0018430000 
2860.000000 0.0017560000 
2880.000000 0.0016710000 
2900.000000 0.0015920000 
2920.000000 0.0015360000 
2940.000000 0.0014610000 
2960.000000 0.0013780000 
2980.000000 0.0013280000 
3000.000000 0.0012630000 
3020.000000 0.0012220000 
3040.000000 0.0011620000 
3060.000000 0.0011140000 
3080.000000 0.0010660000 
3100.000000 0.0010320000 
3120.000000 0.0009819000 
3140.000000 0.0009267000 
3160.000000 0.0008850000 
3180.000000 0.0008618000 
3200.000000 0.0008211000 
3220.000000 0.0007779000 
3240.000000 0.0007515000 
3260.000000 0.0007210000 
3280.000000 0.0006838000 
3300.000000 0.0006619000 
3320.000000 0.0006252000 
3340.000000 0.0006017000 
3360.000000 0.0005767000 
3380.000000 0.0005554000 
3400.000000 0.0005243000 
3420.000000 0.0005072000 
3440.000000 0.0004904000 
3460.000000 0.0004704000 
3480.000000 0.0004486000 
3500.000000 0.0004244000 
3520.000000 0.0004120000 
3540.000000 0.0003912000 
3560.000000 0.0003790000 
3580.000000 0.0003609000 
3600.000000 0.0003449000 
3620.000000 0.0003320000 
3640.000000 0.0003166000 
3660.000000 0.0003021000 
3680.000000 0.0002917000 
3700.000000 0.0002790000 
3720.000000 0.0002701000 
3740.000000 0.0002580000 
3760.000000 0.0002458000 
3780.000000 0.0002362000 
3800.000000 0.0002266000 
3820.000000 0.0002159000 
3840.000000 0.0002050000 
3860.000000 0.0002014000 
3880.000000 0.0001915000 
3900.000000 0.0001831000 
3920.000000 0.0001745000 
3940.000000 0.0001683000 
3960.000000 0.0001602000 
3980.000000 0.0001529000 
4000.000000 0.0001477000 
4020.000000 0.0001423000 
4040.000000 0.0001351000 
4060.000000 0.0001315000 
4080.000000 0.0001238000 
4100.000000 0.0001199000 
4120.000000 0.0001151000 
4140.000000 0.0001101000 
4160.000000 0.0001051000 
4180.000000 0.0001017000 
4200.000000 0.0000977000 
4220.000000 0.0000930000 
4240.000000 0.0000894900 
4260.000000 0.0000854800 
4280.000000 0.0000827300 
4300.000000 0.0000785700 
4320.000000 0.0000759200 
4340.000000 0.0000724300 
4360.000000 0.0000696100 
4380.000000 0.0000668300 
4400.000000 0.0000633900 
4420.000000 0.0000614400 
4440.000000 0.0000589800 
4460.000000 0.0000565900 
4480.000000 0.0000544900 
4500.000000 0.0000515700 
4520.000000 0.0000496100 
4540.000000 0.0000469100 
4560.000000 0.0000457000 
4580.000000 0.0000439200 
4600.000000 0.0000420900 
4620.000000 0.0000404000 
4640.000000 0.0000388900 
4660.000000 0.0000372200 
4680.000000 0.0000356100 
4700.000000 0.0000342000 
4720.000000 0.0000330900 
4740.000000 0.0000313400 
4760.000000 0.0000300100 
4780.000000 0.0000287500 
4800.000000 0.0000275900 
4820.000000 0.0000266600 
4840.000000 0.0000253700 
4860.000000 0.0000245300 
4880.000000 0.0000234800 
4900.000000 0.0000225600 
4920.000000 0.0000218100 
4940.000000 0.0000206600 
4960.000000 0.0000198100 
4980.000000 0.0000190300 
5000 0.000018149207
5020 0.000017539282
5040 0.000016937098
5060 0.000016072174
5080 0.000015451980
5100 0.000015015449
5120 0.000014182308
5140 0.000013467742
5160 0.000012986739
5180 0.000012716690
5200 0.000012041321
5220 0.000011554267
5240 0.000011058012
5260 0.000010615852
5280 0.000010184474
5300 0.000009795635
5320 0.000009365565
5340 0.000009008400
5360 0.000008640133
5380 0.000008296806
5400 0.000007929012
5420 0.000007546274
5440 0.000007355778
5460 0.000006954559
5480 0.000006713726
5500 0.000006383057

