200.000000 78.8200000000 
220.000000 58.4900000000 
240.000000 43.6400000000 
260.000000 33.5500000000 
280.000000 25.9600000000 
300.000000 20.7400000000 
320.000000 16.6300000000 
340.000000 13.5900000000 
360.000000 11.1100000000 
380.000000 9.1520000000 
400.000000 7.6830000000 
420.000000 6.4330000000 
440.000000 5.4140000000 
460.000000 4.6420000000 
480.000000 3.9590000000 
500.000000 3.4570000000 
520.000000 3.0390000000 
540.000000 2.6070000000 
560.000000 2.2610000000 
580.000000 1.9840000000 
600.000000 1.7680000000 
620.000000 1.5530000000 
640.000000 1.3630000000 
660.000000 1.2030000000 
680.000000 1.0870000000 
700.000000 0.9731000000 
720.000000 0.8607000000 
740.000000 0.7646000000 
760.000000 0.6991000000 
780.000000 0.6303000000 
800.000000 0.5704000000 
820.000000 0.5186000000 
840.000000 0.4662000000 
860.000000 0.4243000000 
880.000000 0.3924000000 
900.000000 0.3538000000 
920.000000 0.3243000000 
940.000000 0.2984000000 
960.000000 0.2723000000 
980.000000 0.2479000000 
1000.000000 0.2278000000 
1020.000000 0.2104000000 
1040.000000 0.1928000000 
1060.000000 0.1800000000 
1080.000000 0.1642000000 
1100.000000 0.1543000000 
1120.000000 0.1418000000 
1140.000000 0.1307000000 
1160.000000 0.1211000000 
1180.000000 0.1134000000 
1200.000000 0.1038000000 
1220.000000 0.0963400000 
1240.000000 0.0896300000 
1260.000000 0.0836200000 
1280.000000 0.0784500000 
1300.000000 0.0725400000 
1320.000000 0.0666600000 
1340.000000 0.0627900000 
1360.000000 0.0590200000 
1380.000000 0.0549700000 
1400.000000 0.0513500000 
1420.000000 0.0481400000 
1440.000000 0.0450600000 
1460.000000 0.0422500000 
1480.000000 0.0397200000 
1500.000000 0.0367700000 
1520.000000 0.0348600000 
1540.000000 0.0328000000 
1560.000000 0.0305900000 
1580.000000 0.0288700000 
1600.000000 0.0273100000 
1620.000000 0.0255700000 
1640.000000 0.0238700000 
1660.000000 0.0228100000 
1680.000000 0.0213800000 
1700.000000 0.0199800000 
1720.000000 0.0188700000 
1740.000000 0.0179400000 
1760.000000 0.0167200000 
1780.000000 0.0160000000 
1800.000000 0.0149300000 
1820.000000 0.0140500000 
1840.000000 0.0133100000 
1860.000000 0.0126500000 
1880.000000 0.0120300000 
1900.000000 0.0113700000 
1920.000000 0.0107200000 
1940.000000 0.0100700000 
1960.000000 0.0094830000 
1980.000000 0.0090120000 
2000.000000 0.0086060000 
2020.000000 0.0081490000 
2040.000000 0.0077530000 
2060.000000 0.0073140000 
2080.000000 0.0069400000 
2100.000000 0.0065420000 
2120.000000 0.0061630000 
2140.000000 0.0059120000 
2160.000000 0.0055590000 
2180.000000 0.0052920000 
2200.000000 0.0050810000 
2220.000000 0.0048300000 
2240.000000 0.0045360000 
2260.000000 0.0043450000 
2280.000000 0.0041060000 
2300.000000 0.0038550000 
2320.000000 0.0037510000 
2340.000000 0.0035190000 
2360.000000 0.0033450000 
2380.000000 0.0031610000 
2400.000000 0.0030320000 
2420.000000 0.0028680000 
2440.000000 0.0027310000 
2460.000000 0.0026060000 
2480.000000 0.0025010000 
2500.000000 0.0023760000 
2520.000000 0.0022740000 
2540.000000 0.0021330000 
2560.000000 0.0020380000 
2580.000000 0.0019610000 
2600.000000 0.0018560000 
2620.000000 0.0017840000 
2640.000000 0.0016960000 
2660.000000 0.0016140000 
2680.000000 0.0015300000 
2700.000000 0.0014850000 
2720.000000 0.0014160000 
2740.000000 0.0013350000 
2760.000000 0.0012660000 
2780.000000 0.0012270000 
2800.000000 0.0011430000 
2820.000000 0.0011130000 
2840.000000 0.0010530000 
2860.000000 0.0010000000 
2880.000000 0.0009534000 
2900.000000 0.0009203000 
2920.000000 0.0008811000 
2940.000000 0.0008287000 
2960.000000 0.0007963000 
2980.000000 0.0007617000 
3000.000000 0.0007294000 
3020.000000 0.0006864000 
3040.000000 0.0006616000 
3060.000000 0.0006324000 
3080.000000 0.0006082000 
3100.000000 0.0005820000 
3120.000000 0.0005564000 
3140.000000 0.0005297000 
3160.000000 0.0005039000 
3180.000000 0.0004851000 
3200.000000 0.0004631000 
3220.000000 0.0004458000 
3240.000000 0.0004228000 
3260.000000 0.0004063000 
3280.000000 0.0003863000 
3300.000000 0.0003694000 
3320.000000 0.0003557000 
3340.000000 0.0003366000 
3360.000000 0.0003273000 
3380.000000 0.0003120000 
3400.000000 0.0002969000 
3420.000000 0.0002829000 
3440.000000 0.0002715000 
3460.000000 0.0002623000 
3480.000000 0.0002518000 
3500.000000 0.0002368000 
3520.000000 0.0002254000 
3540.000000 0.0002177000 
3560.000000 0.0002086000 
3580.000000 0.0001986000 
3600.000000 0.0001931000 
3620.000000 0.0001818000 
3640.000000 0.0001758000 
3660.000000 0.0001684000 
3680.000000 0.0001611000 
3700.000000 0.0001538000 
3720.000000 0.0001459000 
3740.000000 0.0001408000 
3760.000000 0.0001349000 
3780.000000 0.0001284000 
3800.000000 0.0001240000 
3820.000000 0.0001191000 
3840.000000 0.0001133000 
3860.000000 0.0001082000 
3880.000000 0.0001047000 
3900.000000 0.0001002000 
3920.000000 0.0000963100 
3940.000000 0.0000918800 
3960.000000 0.0000877700 
3980.000000 0.0000848800 
4000.000000 0.0000805700 
4020.000000 0.0000762400 
4040.000000 0.0000736400 
4060.000000 0.0000707300 
4080.000000 0.0000678200 
4100.000000 0.0000644200 
4120.000000 0.0000621300 
4140.000000 0.0000595400 
4160.000000 0.0000569900 
4180.000000 0.0000547500 
4200.000000 0.0000518300 
4220.000000 0.0000501800 
4240.000000 0.0000480900 
4260.000000 0.0000453600 
4280.000000 0.0000438900 
4300.000000 0.0000423200 
4320.000000 0.0000403700 
4340.000000 0.0000391900 
4360.000000 0.0000374800 
4380.000000 0.0000355400 
4400.000000 0.0000344000 
4420.000000 0.0000328000 
4440.000000 0.0000313800 
4460.000000 0.0000300600 
4480.000000 0.0000288500 
4500.000000 0.0000278200 
4520.000000 0.0000264900 
4540.000000 0.0000251000 
4560.000000 0.0000243900 
4580.000000 0.0000231100 
4600.000000 0.0000221000 
4620.000000 0.0000213600 
4640.000000 0.0000205900 
4660.000000 0.0000198600 
4680.000000 0.0000189500 
4700.000000 0.0000179300 
4720.000000 0.0000171700 
4740.000000 0.0000164200 
4760.000000 0.0000157800 
4780.000000 0.0000154100 
4800.000000 0.0000145000 
4820.000000 0.0000140400 
4840.000000 0.0000132900 
4860.000000 0.0000129300 
4880.000000 0.0000123700 
4900.000000 0.0000118300 
4920.000000 0.0000113100 
4940.000000 0.0000106900 
4960.000000 0.0000103800 
4980.000000 0.0000097870 
5000.000000 0.0000096250 
