200.000000 66.8600000000 
220.000000 48.6800000000 
240.000000 36.9700000000 
260.000000 28.2400000000 
280.000000 22.1000000000 
300.000000 17.1800000000 
320.000000 13.8800000000 
340.000000 11.2700000000 
360.000000 9.2010000000 
380.000000 7.7370000000 
400.000000 6.3800000000 
420.000000 5.4000000000 
440.000000 4.5740000000 
460.000000 3.9000000000 
480.000000 3.3380000000 
500.000000 2.8900000000 
520.000000 2.5120000000 
540.000000 2.1600000000 
560.000000 1.9040000000 
580.000000 1.6820000000 
600.000000 1.4670000000 
620.000000 1.2920000000 
640.000000 1.1460000000 
660.000000 1.0280000000 
680.000000 0.9131000000 
700.000000 0.8090000000 
720.000000 0.7266000000 
740.000000 0.6468000000 
760.000000 0.5813000000 
780.000000 0.5342000000 
800.000000 0.4808000000 
820.000000 0.4366000000 
840.000000 0.3972000000 
860.000000 0.3584000000 
880.000000 0.3285000000 
900.000000 0.3000000000 
920.000000 0.2710000000 
940.000000 0.2481000000 
960.000000 0.2254000000 
980.000000 0.2083000000 
1000.000000 0.1919000000 
1020.000000 0.1755000000 
1040.000000 0.1621000000 
1060.000000 0.1477000000 
1080.000000 0.1379000000 
1100.000000 0.1270000000 
1120.000000 0.1167000000 
1140.000000 0.1085000000 
1160.000000 0.1007000000 
1180.000000 0.0940900000 
1200.000000 0.0866100000 
1220.000000 0.0805600000 
1240.000000 0.0751800000 
1260.000000 0.0694100000 
1280.000000 0.0658400000 
1300.000000 0.0609000000 
1320.000000 0.0560500000 
1340.000000 0.0521400000 
1360.000000 0.0493200000 
1380.000000 0.0458500000 
1400.000000 0.0429700000 
1420.000000 0.0402100000 
1440.000000 0.0374500000 
1460.000000 0.0351400000 
1480.000000 0.0327200000 
1500.000000 0.0304700000 
1520.000000 0.0286600000 
1540.000000 0.0270000000 
1560.000000 0.0255200000 
1580.000000 0.0239800000 
1600.000000 0.0224500000 
1620.000000 0.0211700000 
1640.000000 0.0201000000 
1660.000000 0.0187200000 
1680.000000 0.0174600000 
1700.000000 0.0166000000 
1720.000000 0.0156300000 
1740.000000 0.0146400000 
1760.000000 0.0137800000 
1780.000000 0.0131600000 
1800.000000 0.0125200000 
1820.000000 0.0116700000 
1840.000000 0.0109900000 
1860.000000 0.0105100000 
1880.000000 0.0098350000 
1900.000000 0.0092650000 
1920.000000 0.0088000000 
1940.000000 0.0082480000 
1960.000000 0.0078930000 
1980.000000 0.0075360000 
2000.000000 0.0070750000 
2020.000000 0.0067140000 
2040.000000 0.0063040000 
2060.000000 0.0059910000 
2080.000000 0.0057010000 
2100.000000 0.0053260000 
2120.000000 0.0051070000 
2140.000000 0.0048250000 
2160.000000 0.0045800000 
2180.000000 0.0043920000 
2200.000000 0.0041030000 
2220.000000 0.0039140000 
2240.000000 0.0036880000 
2260.000000 0.0035050000 
2280.000000 0.0033400000 
2300.000000 0.0031970000 
2320.000000 0.0030330000 
2340.000000 0.0028660000 
2360.000000 0.0027290000 
2380.000000 0.0025930000 
2400.000000 0.0024570000 
2420.000000 0.0023150000 
2440.000000 0.0022310000 
2460.000000 0.0021160000 
2480.000000 0.0020160000 
2500.000000 0.0019240000 
2520.000000 0.0018120000 
2540.000000 0.0017310000 
2560.000000 0.0016490000 
2580.000000 0.0015670000 
2600.000000 0.0014810000 
2620.000000 0.0014320000 
2640.000000 0.0013450000 
2660.000000 0.0012850000 
2680.000000 0.0012430000 
2700.000000 0.0011750000 
2720.000000 0.0011260000 
2740.000000 0.0010740000 
2760.000000 0.0010100000 
2780.000000 0.0009730000 
2800.000000 0.0009266000 
2820.000000 0.0008891000 
2840.000000 0.0008440000 
2860.000000 0.0008066000 
2880.000000 0.0007636000 
2900.000000 0.0007390000 
2920.000000 0.0006992000 
2940.000000 0.0006676000 
2960.000000 0.0006391000 
2980.000000 0.0006099000 
3000.000000 0.0005795000 
3020.000000 0.0005487000 
3040.000000 0.0005230000 
3060.000000 0.0005032000 
3080.000000 0.0004805000 
3100.000000 0.0004576000 
3120.000000 0.0004373000 
3140.000000 0.0004180000 
3160.000000 0.0004009000 
3180.000000 0.0003817000 
3200.000000 0.0003650000 
3220.000000 0.0003462000 
3240.000000 0.0003338000 
3260.000000 0.0003194000 
3280.000000 0.0003024000 
3300.000000 0.0002928000 
3320.000000 0.0002745000 
3340.000000 0.0002653000 
3360.000000 0.0002528000 
3380.000000 0.0002388000 
3400.000000 0.0002304000 
3420.000000 0.0002203000 
3440.000000 0.0002120000 
3460.000000 0.0002005000 
3480.000000 0.0001923000 
3500.000000 0.0001850000 
3520.000000 0.0001758000 
3540.000000 0.0001681000 
3560.000000 0.0001602000 
3580.000000 0.0001529000 
3600.000000 0.0001477000 
3620.000000 0.0001408000 
3640.000000 0.0001351000 
3660.000000 0.0001291000 
3680.000000 0.0001236000 
3700.000000 0.0001177000 
3720.000000 0.0001132000 
3740.000000 0.0001077000 
3760.000000 0.0001031000 
3780.000000 0.0000977300 
3800.000000 0.0000949400 
3820.000000 0.0000888800 
3840.000000 0.0000857400 
3860.000000 0.0000823600 
3880.000000 0.0000792700 
3900.000000 0.0000749100 
3920.000000 0.0000723600 
3940.000000 0.0000689100 
3960.000000 0.0000659100 
3980.000000 0.0000632900 
4000.000000 0.0000607800 
4020.000000 0.0000579200 
4040.000000 0.0000553300 
4060.000000 0.0000529500 
4080.000000 0.0000510400 
4100.000000 0.0000483900 
4120.000000 0.0000469400 
4140.000000 0.0000445600 
4160.000000 0.0000424800 
4180.000000 0.0000407300 
4200.000000 0.0000392600 
4220.000000 0.0000379500 
4240.000000 0.0000358000 
4260.000000 0.0000339700 
4280.000000 0.0000330500 
4300.000000 0.0000312200 
4320.000000 0.0000300000 
4340.000000 0.0000285700 
4360.000000 0.0000273400 
4380.000000 0.0000263300 
4400.000000 0.0000254300 
4420.000000 0.0000242000 
4440.000000 0.0000230700 
4460.000000 0.0000222900 
4480.000000 0.0000214100 
4500.000000 0.0000202000 
4520.000000 0.0000196100 
4540.000000 0.0000188800 
4560.000000 0.0000177000 
4580.000000 0.0000169500 
4600.000000 0.0000162000 
4620.000000 0.0000156900 
4640.000000 0.0000150700 
4660.000000 0.0000140100 
4680.000000 0.0000135300 
4700.000000 0.0000130900 
4720.000000 0.0000123600 
4740.000000 0.0000119000 
4760.000000 0.0000114500 
4780.000000 0.0000108900 
4800.000000 0.0000104400 
4820.000000 0.0000100200 
4840.000000 0.0000096810 
4860.000000 0.0000091240 
4880.000000 0.0000089310 
4900.000000 0.0000083650 
4920.000000 0.0000080960 
4940.000000 0.0000077120 
4960.000000 0.0000073700 
4980.000000 0.0000070950 
5000.000000 0.0000068340 
